/*--------------------------------*- C++ -*----------------------------------*\
| =========                 |                                                 |
| \\      /  F ield         | OpenFOAM: The Open Source CFD Toolbox           |
|  \\    /   O peration     | Version:  2412                                  |
|   \\  /    A nd           | Website:  www.openfoam.com                      |
|    \\/     M anipulation  |                                                 |
\*---------------------------------------------------------------------------*/
FoamFile
{
    version     2.0;
    format      ascii;
    arch        "LSB;label=32;scalar=64";
    note        "nPoints:6426  nCells:5280  nFaces:16924  nInternalFaces:14756";
    class       labelList;
    location    "constant/polyMesh";
    object      neighbour;
}
// * * * * * * * * * * * * * * * * * * * * * * * * * * * * * * * * * * * * * //


14756
(
1
33
264
2
34
265
3
35
266
4
36
267
5
37
268
6
38
269
7
39
270
8
40
271
9
41
272
10
42
273
11
43
274
12
44
275
13
45
276
14
46
277
15
47
278
16
48
279
17
49
280
18
50
281
19
51
282
20
52
283
21
53
284
22
54
285
23
55
286
24
56
287
25
57
288
26
58
289
27
59
290
28
60
291
29
61
292
30
62
293
31
63
294
32
64
295
65
296
34
66
297
35
67
298
36
68
299
37
69
300
38
70
301
39
71
302
40
72
303
41
73
304
42
74
305
43
75
306
44
76
307
45
77
308
46
78
309
47
79
310
48
80
311
49
81
312
50
82
313
51
83
314
52
84
315
53
85
316
54
86
317
55
87
318
56
88
319
57
89
320
58
90
321
59
91
322
60
92
323
61
93
324
62
94
325
63
95
326
64
96
327
65
97
328
98
329
67
99
330
68
100
331
69
101
332
70
102
333
71
103
334
72
104
335
73
105
336
74
106
337
75
107
338
76
108
339
77
109
340
78
110
341
79
111
342
80
112
343
81
113
344
82
114
345
83
115
346
84
116
347
85
117
348
86
118
349
87
119
350
88
120
351
89
121
352
90
122
353
91
123
354
92
124
355
93
125
356
94
126
357
95
127
358
96
128
359
97
129
360
98
130
361
131
362
100
132
363
101
133
364
102
134
365
103
135
366
104
136
367
105
137
368
106
138
369
107
139
370
108
140
371
109
141
372
110
142
373
111
143
374
112
144
375
113
145
376
114
146
377
115
147
378
116
148
379
117
149
380
118
150
381
119
151
382
120
152
383
121
153
384
122
154
385
123
155
386
124
156
387
125
157
388
126
158
389
127
159
390
128
160
391
129
161
392
130
162
393
131
163
394
164
395
133
165
396
134
166
397
135
167
398
136
168
399
137
169
400
138
170
401
139
171
402
140
172
403
141
173
404
142
174
405
143
175
406
144
176
407
145
177
408
146
178
409
147
179
410
148
180
411
149
181
412
150
182
413
151
183
414
152
184
415
153
185
416
154
186
417
155
187
418
156
188
419
157
189
420
158
190
421
159
191
422
160
192
423
161
193
424
162
194
425
163
195
426
164
196
427
197
428
166
198
429
167
199
430
168
200
431
169
201
432
170
202
433
171
203
434
172
204
435
173
205
436
174
206
437
175
207
438
176
208
439
177
209
440
178
210
441
179
211
442
180
212
443
181
213
444
182
214
445
183
215
446
184
216
447
185
217
448
186
218
449
187
219
450
188
220
451
189
221
452
190
222
453
191
223
454
192
224
455
193
225
456
194
226
457
195
227
458
196
228
459
197
229
460
230
461
199
231
462
200
232
463
201
233
464
202
234
465
203
235
466
204
236
467
205
237
468
206
238
469
207
239
470
208
240
471
209
241
472
210
242
473
211
243
474
212
244
475
213
245
476
214
246
477
215
247
478
216
248
479
217
249
480
218
250
481
219
251
482
220
252
483
221
253
484
222
254
485
223
255
486
224
256
487
225
257
488
226
258
489
227
259
490
228
260
491
229
261
492
230
262
493
263
494
232
495
233
496
234
497
235
498
236
499
237
500
238
501
239
502
240
503
241
504
242
505
243
506
244
507
245
508
246
509
247
510
248
511
249
512
250
513
251
514
252
515
253
516
254
517
255
518
256
519
257
520
258
521
259
522
260
523
261
524
262
525
263
526
527
265
297
528
266
298
529
267
299
530
268
300
531
269
301
532
270
302
533
271
303
534
272
304
535
273
305
536
274
306
537
275
307
538
276
308
539
277
309
540
278
310
541
279
311
542
280
312
543
281
313
544
282
314
545
283
315
546
284
316
547
285
317
548
286
318
549
287
319
550
288
320
551
289
321
552
290
322
553
291
323
554
292
324
555
293
325
556
294
326
557
295
327
558
296
328
559
329
560
298
330
561
299
331
562
300
332
563
301
333
564
302
334
565
303
335
566
304
336
567
305
337
568
306
338
569
307
339
570
308
340
571
309
341
572
310
342
573
311
343
574
312
344
575
313
345
576
314
346
577
315
347
578
316
348
579
317
349
580
318
350
581
319
351
582
320
352
583
321
353
584
322
354
585
323
355
586
324
356
587
325
357
588
326
358
589
327
359
590
328
360
591
329
361
592
362
593
331
363
594
332
364
595
333
365
596
334
366
597
335
367
598
336
368
599
337
369
600
338
370
601
339
371
602
340
372
603
341
373
604
342
374
605
343
375
606
344
376
607
345
377
608
346
378
609
347
379
610
348
380
611
349
381
612
350
382
613
351
383
614
352
384
615
353
385
616
354
386
617
355
387
618
356
388
619
357
389
620
358
390
621
359
391
622
360
392
623
361
393
624
362
394
625
395
626
364
396
627
365
397
628
366
398
629
367
399
630
368
400
631
369
401
632
370
402
633
371
403
634
372
404
635
373
405
636
374
406
637
375
407
638
376
408
639
377
409
640
378
410
641
379
411
642
380
412
643
381
413
644
382
414
645
383
415
646
384
416
647
385
417
648
386
418
649
387
419
650
388
420
651
389
421
652
390
422
653
391
423
654
392
424
655
393
425
656
394
426
657
395
427
658
428
659
397
429
660
398
430
661
399
431
662
400
432
663
401
433
664
402
434
665
403
435
666
404
436
667
405
437
668
406
438
669
407
439
670
408
440
671
409
441
672
410
442
673
411
443
674
412
444
675
413
445
676
414
446
677
415
447
678
416
448
679
417
449
680
418
450
681
419
451
682
420
452
683
421
453
684
422
454
685
423
455
686
424
456
687
425
457
688
426
458
689
427
459
690
428
460
691
461
692
430
462
693
431
463
694
432
464
695
433
465
696
434
466
697
435
467
698
436
468
699
437
469
700
438
470
701
439
471
702
440
472
703
441
473
704
442
474
705
443
475
706
444
476
707
445
477
708
446
478
709
447
479
710
448
480
711
449
481
712
450
482
713
451
483
714
452
484
715
453
485
716
454
486
717
455
487
718
456
488
719
457
489
720
458
490
721
459
491
722
460
492
723
461
493
724
494
725
463
495
726
464
496
727
465
497
728
466
498
729
467
499
730
468
500
731
469
501
732
470
502
733
471
503
734
472
504
735
473
505
736
474
506
737
475
507
738
476
508
739
477
509
740
478
510
741
479
511
742
480
512
743
481
513
744
482
514
745
483
515
746
484
516
747
485
517
748
486
518
749
487
519
750
488
520
751
489
521
752
490
522
753
491
523
754
492
524
755
493
525
756
494
526
757
527
758
496
759
497
760
498
761
499
762
500
763
501
764
502
765
503
766
504
767
505
768
506
769
507
770
508
771
509
772
510
773
511
774
512
775
513
776
514
777
515
778
516
779
517
780
518
781
519
782
520
783
521
784
522
785
523
786
524
787
525
788
526
789
527
790
791
529
561
792
530
562
793
531
563
794
532
564
795
533
565
796
534
566
797
535
567
798
536
568
799
537
569
800
538
570
801
539
571
802
540
572
803
541
573
804
542
574
805
543
575
806
544
576
807
545
577
808
546
578
809
547
579
810
548
580
811
549
581
812
550
582
813
551
583
814
552
584
815
553
585
816
554
586
817
555
587
818
556
588
819
557
589
820
558
590
821
559
591
822
560
592
823
593
824
562
594
825
563
595
826
564
596
827
565
597
828
566
598
829
567
599
830
568
600
831
569
601
832
570
602
833
571
603
834
572
604
835
573
605
836
574
606
837
575
607
838
576
608
839
577
609
840
578
610
841
579
611
842
580
612
843
581
613
844
582
614
845
583
615
846
584
616
847
585
617
848
586
618
849
587
619
850
588
620
851
589
621
852
590
622
853
591
623
854
592
624
855
593
625
856
626
857
595
627
858
596
628
859
597
629
860
598
630
861
599
631
862
600
632
863
601
633
864
602
634
865
603
635
866
604
636
867
605
637
868
606
638
869
607
639
870
608
640
871
609
641
872
610
642
873
611
643
874
612
644
875
613
645
876
614
646
877
615
647
878
616
648
879
617
649
880
618
650
881
619
651
882
620
652
883
621
653
884
622
654
885
623
655
886
624
656
887
625
657
888
626
658
889
659
890
628
660
891
629
661
892
630
662
893
631
663
894
632
664
895
633
665
896
634
666
897
635
667
898
636
668
899
637
669
900
638
670
901
639
671
902
640
672
903
641
673
904
642
674
905
643
675
906
644
676
907
645
677
908
646
678
909
647
679
910
648
680
911
649
681
912
650
682
913
651
683
914
652
684
915
653
685
916
654
686
917
655
687
918
656
688
919
657
689
920
658
690
921
659
691
922
692
923
661
693
924
662
694
925
663
695
926
664
696
927
665
697
928
666
698
929
667
699
930
668
700
931
669
701
932
670
702
933
671
703
934
672
704
935
673
705
936
674
706
937
675
707
938
676
708
939
677
709
940
678
710
941
679
711
942
680
712
943
681
713
944
682
714
945
683
715
946
684
716
947
685
717
948
686
718
949
687
719
950
688
720
951
689
721
952
690
722
953
691
723
954
692
724
955
725
956
694
726
957
695
727
958
696
728
959
697
729
960
698
730
961
699
731
962
700
732
963
701
733
964
702
734
965
703
735
966
704
736
967
705
737
968
706
738
969
707
739
970
708
740
971
709
741
972
710
742
973
711
743
974
712
744
975
713
745
976
714
746
977
715
747
978
716
748
979
717
749
980
718
750
981
719
751
982
720
752
983
721
753
984
722
754
985
723
755
986
724
756
987
725
757
988
758
989
727
759
990
728
760
991
729
761
992
730
762
993
731
763
994
732
764
995
733
765
996
734
766
997
735
767
998
736
768
999
737
769
1000
738
770
1001
739
771
1002
740
772
1003
741
773
1004
742
774
1005
743
775
1006
744
776
1007
745
777
1008
746
778
1009
747
779
1010
748
780
1011
749
781
1012
750
782
1013
751
783
1014
752
784
1015
753
785
1016
754
786
1017
755
787
1018
756
788
1019
757
789
1020
758
790
1021
791
1022
760
1023
761
1024
762
1025
763
1026
764
1027
765
1028
766
1029
767
1030
768
1031
769
1032
770
1033
771
1034
772
1035
773
1036
774
1037
775
1038
776
1039
777
1040
778
1041
779
1042
780
1043
781
1044
782
1045
783
1046
784
1047
785
1048
786
1049
787
1050
788
1051
789
1052
790
1053
791
1054
1055
793
825
1056
794
826
1057
795
827
1058
796
828
1059
797
829
1060
798
830
1061
799
831
1062
800
832
1063
801
833
1064
802
834
1065
803
835
1066
804
836
1067
805
837
1068
806
838
1069
807
839
1070
808
840
1071
809
841
1072
810
842
1073
811
843
1074
812
844
1075
813
845
1076
814
846
1077
815
847
1078
816
848
1079
817
849
1080
818
850
1081
819
851
1082
820
852
1083
821
853
1084
822
854
1085
823
855
1086
824
856
1087
857
1088
826
858
1089
827
859
1090
828
860
1091
829
861
1092
830
862
1093
831
863
1094
832
864
1095
833
865
1096
834
866
1097
835
867
1098
836
868
1099
837
869
1100
838
870
1101
839
871
1102
840
872
1103
841
873
1104
842
874
1105
843
875
1106
844
876
1107
845
877
1108
846
878
1109
847
879
1110
848
880
1111
849
881
1112
850
882
1113
851
883
1114
852
884
1115
853
885
1116
854
886
1117
855
887
1118
856
888
1119
857
889
1120
890
1121
859
891
1122
860
892
1123
861
893
1124
862
894
1125
863
895
1126
864
896
1127
865
897
1128
866
898
1129
867
899
1130
868
900
1131
869
901
1132
870
902
1133
871
903
1134
872
904
1135
873
905
1136
874
906
1137
875
907
1138
876
908
1139
877
909
1140
878
910
1141
879
911
1142
880
912
1143
881
913
1144
882
914
1145
883
915
1146
884
916
1147
885
917
1148
886
918
1149
887
919
1150
888
920
1151
889
921
1152
890
922
1153
923
1154
892
924
1155
893
925
1156
894
926
1157
895
927
1158
896
928
1159
897
929
1160
898
930
1161
899
931
1162
900
932
1163
901
933
1164
902
934
1165
903
935
1166
904
936
1167
905
937
1168
906
938
1169
907
939
1170
908
940
1171
909
941
1172
910
942
1173
911
943
1174
912
944
1175
913
945
1176
914
946
1177
915
947
1178
916
948
1179
917
949
1180
918
950
1181
919
951
1182
920
952
1183
921
953
1184
922
954
1185
923
955
1186
956
1187
925
957
1188
926
958
1189
927
959
1190
928
960
1191
929
961
1192
930
962
1193
931
963
1194
932
964
1195
933
965
1196
934
966
1197
935
967
1198
936
968
1199
937
969
1200
938
970
1201
939
971
1202
940
972
1203
941
973
1204
942
974
1205
943
975
1206
944
976
1207
945
977
1208
946
978
1209
947
979
1210
948
980
1211
949
981
1212
950
982
1213
951
983
1214
952
984
1215
953
985
1216
954
986
1217
955
987
1218
956
988
1219
989
1220
958
990
1221
959
991
1222
960
992
1223
961
993
1224
962
994
1225
963
995
1226
964
996
1227
965
997
1228
966
998
1229
967
999
1230
968
1000
1231
969
1001
1232
970
1002
1233
971
1003
1234
972
1004
1235
973
1005
1236
974
1006
1237
975
1007
1238
976
1008
1239
977
1009
1240
978
1010
1241
979
1011
1242
980
1012
1243
981
1013
1244
982
1014
1245
983
1015
1246
984
1016
1247
985
1017
1248
986
1018
1249
987
1019
1250
988
1020
1251
989
1021
1252
1022
1253
991
1023
1254
992
1024
1255
993
1025
1256
994
1026
1257
995
1027
1258
996
1028
1259
997
1029
1260
998
1030
1261
999
1031
1262
1000
1032
1263
1001
1033
1264
1002
1034
1265
1003
1035
1266
1004
1036
1267
1005
1037
1268
1006
1038
1269
1007
1039
1270
1008
1040
1271
1009
1041
1272
1010
1042
1273
1011
1043
1274
1012
1044
1275
1013
1045
1276
1014
1046
1277
1015
1047
1278
1016
1048
1279
1017
1049
1280
1018
1050
1281
1019
1051
1282
1020
1052
1283
1021
1053
1284
1022
1054
1285
1055
1286
1024
1287
1025
1288
1026
1289
1027
1290
1028
1291
1029
1292
1030
1293
1031
1294
1032
1295
1033
1296
1034
1297
1035
1298
1036
1299
1037
1300
1038
1301
1039
1302
1040
1303
1041
1304
1042
1305
1043
1306
1044
1307
1045
1308
1046
1309
1047
1310
1048
1311
1049
1312
1050
1313
1051
1314
1052
1315
1053
1316
1054
1317
1055
1318
1319
1057
1089
1320
1058
1090
1321
1059
1091
1322
1060
1092
1323
1061
1093
1324
1062
1094
1325
1063
1095
1326
1064
1096
1327
1065
1097
1328
1066
1098
1329
1067
1099
1330
1068
1100
1331
1069
1101
1332
1070
1102
1333
1071
1103
1334
1072
1104
1335
1073
1105
1336
1074
1106
1337
1075
1107
1338
1076
1108
1339
1077
1109
1340
1078
1110
1341
1079
1111
1342
1080
1112
1343
1081
1113
1344
1082
1114
1345
1083
1115
1346
1084
1116
1347
1085
1117
1348
1086
1118
1349
1087
1119
1350
1088
1120
1351
1121
1352
1090
1122
1353
1091
1123
1354
1092
1124
1355
1093
1125
1356
1094
1126
1357
1095
1127
1358
1096
1128
1359
1097
1129
1360
1098
1130
1361
1099
1131
1362
1100
1132
1363
1101
1133
1364
1102
1134
1365
1103
1135
1366
1104
1136
1367
1105
1137
1368
1106
1138
1369
1107
1139
1370
1108
1140
1371
1109
1141
1372
1110
1142
1373
1111
1143
1374
1112
1144
1375
1113
1145
1376
1114
1146
1377
1115
1147
1378
1116
1148
1379
1117
1149
1380
1118
1150
1381
1119
1151
1382
1120
1152
1383
1121
1153
1384
1154
1385
1123
1155
1386
1124
1156
1387
1125
1157
1388
1126
1158
1389
1127
1159
1390
1128
1160
1391
1129
1161
1392
1130
1162
1393
1131
1163
1394
1132
1164
1395
1133
1165
1396
1134
1166
1397
1135
1167
1398
1136
1168
1399
1137
1169
1400
1138
1170
1401
1139
1171
1402
1140
1172
1403
1141
1173
1404
1142
1174
1405
1143
1175
1406
1144
1176
1407
1145
1177
1408
1146
1178
1409
1147
1179
1410
1148
1180
1411
1149
1181
1412
1150
1182
1413
1151
1183
1414
1152
1184
1415
1153
1185
1416
1154
1186
1417
1187
1418
1156
1188
1419
1157
1189
1420
1158
1190
1421
1159
1191
1422
1160
1192
1423
1161
1193
1424
1162
1194
1425
1163
1195
1426
1164
1196
1427
1165
1197
1428
1166
1198
1429
1167
1199
1430
1168
1200
1431
1169
1201
1432
1170
1202
1433
1171
1203
1434
1172
1204
1435
1173
1205
1436
1174
1206
1437
1175
1207
1438
1176
1208
1439
1177
1209
1440
1178
1210
1441
1179
1211
1442
1180
1212
1443
1181
1213
1444
1182
1214
1445
1183
1215
1446
1184
1216
1447
1185
1217
1448
1186
1218
1449
1187
1219
1450
1220
1451
1189
1221
1452
1190
1222
1453
1191
1223
1454
1192
1224
1455
1193
1225
1456
1194
1226
1457
1195
1227
1458
1196
1228
1459
1197
1229
1460
1198
1230
1461
1199
1231
1462
1200
1232
1463
1201
1233
1464
1202
1234
1465
1203
1235
1466
1204
1236
1467
1205
1237
1468
1206
1238
1469
1207
1239
1470
1208
1240
1471
1209
1241
1472
1210
1242
1473
1211
1243
1474
1212
1244
1475
1213
1245
1476
1214
1246
1477
1215
1247
1478
1216
1248
1479
1217
1249
1480
1218
1250
1481
1219
1251
1482
1220
1252
1483
1253
1484
1222
1254
1485
1223
1255
1486
1224
1256
1487
1225
1257
1488
1226
1258
1489
1227
1259
1490
1228
1260
1491
1229
1261
1492
1230
1262
1493
1231
1263
1494
1232
1264
1495
1233
1265
1496
1234
1266
1497
1235
1267
1498
1236
1268
1499
1237
1269
1500
1238
1270
1501
1239
1271
1502
1240
1272
1503
1241
1273
1504
1242
1274
1505
1243
1275
1506
1244
1276
1507
1245
1277
1508
1246
1278
1509
1247
1279
1510
1248
1280
1511
1249
1281
1512
1250
1282
1513
1251
1283
1514
1252
1284
1515
1253
1285
1516
1286
1517
1255
1287
1518
1256
1288
1519
1257
1289
1520
1258
1290
1521
1259
1291
1522
1260
1292
1523
1261
1293
1524
1262
1294
1525
1263
1295
1526
1264
1296
1527
1265
1297
1528
1266
1298
1529
1267
1299
1530
1268
1300
1531
1269
1301
1532
1270
1302
1533
1271
1303
1534
1272
1304
1535
1273
1305
1536
1274
1306
1537
1275
1307
1538
1276
1308
1539
1277
1309
1540
1278
1310
1541
1279
1311
1542
1280
1312
1543
1281
1313
1544
1282
1314
1545
1283
1315
1546
1284
1316
1547
1285
1317
1548
1286
1318
1549
1319
1550
1288
1551
1289
1552
1290
1553
1291
1554
1292
1555
1293
1556
1294
1557
1295
1558
1296
1559
1297
1560
1298
1561
1299
1562
1300
1563
1301
1564
1302
1565
1303
1566
1304
1567
1305
1568
1306
1569
1307
1570
1308
1571
1309
1572
1310
1573
1311
1574
1312
1575
1313
1576
1314
1577
1315
1578
1316
1579
1317
1580
1318
1581
1319
1582
1583
1321
1353
1584
1322
1354
1585
1323
1355
1586
1324
1356
1587
1325
1357
1588
1326
1358
1589
1327
1359
1590
1328
1360
1591
1329
1361
1592
1330
1362
1593
1331
1363
1594
1332
1364
1595
1333
1365
1596
1334
1366
1597
1335
1367
1598
1336
1368
1599
1337
1369
1600
1338
1370
1601
1339
1371
1602
1340
1372
1603
1341
1373
1604
1342
1374
1605
1343
1375
1606
1344
1376
1607
1345
1377
1608
1346
1378
1609
1347
1379
1610
1348
1380
1611
1349
1381
1612
1350
1382
1613
1351
1383
1614
1352
1384
1615
1385
1616
1354
1386
1617
1355
1387
1618
1356
1388
1619
1357
1389
1620
1358
1390
1621
1359
1391
1622
1360
1392
1623
1361
1393
1624
1362
1394
1625
1363
1395
1626
1364
1396
1627
1365
1397
1628
1366
1398
1629
1367
1399
1630
1368
1400
1631
1369
1401
1632
1370
1402
1633
1371
1403
1634
1372
1404
1635
1373
1405
1636
1374
1406
1637
1375
1407
1638
1376
1408
1639
1377
1409
1640
1378
1410
1641
1379
1411
1642
1380
1412
1643
1381
1413
1644
1382
1414
1645
1383
1415
1646
1384
1416
1647
1385
1417
1648
1418
1649
1387
1419
1650
1388
1420
1651
1389
1421
1652
1390
1422
1653
1391
1423
1654
1392
1424
1655
1393
1425
1656
1394
1426
1657
1395
1427
1658
1396
1428
1659
1397
1429
1660
1398
1430
1661
1399
1431
1662
1400
1432
1663
1401
1433
1664
1402
1434
1665
1403
1435
1666
1404
1436
1667
1405
1437
1668
1406
1438
1669
1407
1439
1670
1408
1440
1671
1409
1441
1672
1410
1442
1673
1411
1443
1674
1412
1444
1675
1413
1445
1676
1414
1446
1677
1415
1447
1678
1416
1448
1679
1417
1449
1680
1418
1450
1681
1451
1682
1420
1452
1683
1421
1453
1684
1422
1454
1685
1423
1455
1686
1424
1456
1687
1425
1457
1688
1426
1458
1689
1427
1459
1690
1428
1460
1691
1429
1461
1692
1430
1462
1693
1431
1463
1694
1432
1464
1695
1433
1465
1696
1434
1466
1697
1435
1467
1698
1436
1468
1699
1437
1469
1700
1438
1470
1701
1439
1471
1702
1440
1472
1703
1441
1473
1704
1442
1474
1705
1443
1475
1706
1444
1476
1707
1445
1477
1708
1446
1478
1709
1447
1479
1710
1448
1480
1711
1449
1481
1712
1450
1482
1713
1451
1483
1714
1484
1715
1453
1485
1716
1454
1486
1717
1455
1487
1718
1456
1488
1719
1457
1489
1720
1458
1490
1721
1459
1491
1722
1460
1492
1723
1461
1493
1724
1462
1494
1725
1463
1495
1726
1464
1496
1727
1465
1497
1728
1466
1498
1729
1467
1499
1730
1468
1500
1731
1469
1501
1732
1470
1502
1733
1471
1503
1734
1472
1504
1735
1473
1505
1736
1474
1506
1737
1475
1507
1738
1476
1508
1739
1477
1509
1740
1478
1510
1741
1479
1511
1742
1480
1512
1743
1481
1513
1744
1482
1514
1745
1483
1515
1746
1484
1516
1747
1517
1748
1486
1518
1749
1487
1519
1750
1488
1520
1751
1489
1521
1752
1490
1522
1753
1491
1523
1754
1492
1524
1755
1493
1525
1756
1494
1526
1757
1495
1527
1758
1496
1528
1759
1497
1529
1760
1498
1530
1761
1499
1531
1762
1500
1532
1763
1501
1533
1764
1502
1534
1765
1503
1535
1766
1504
1536
1767
1505
1537
1768
1506
1538
1769
1507
1539
1770
1508
1540
1771
1509
1541
1772
1510
1542
1773
1511
1543
1774
1512
1544
1775
1513
1545
1776
1514
1546
1777
1515
1547
1778
1516
1548
1779
1517
1549
1780
1550
1781
1519
1551
1782
1520
1552
1783
1521
1553
1784
1522
1554
1785
1523
1555
1786
1524
1556
1787
1525
1557
1788
1526
1558
1789
1527
1559
1790
1528
1560
1791
1529
1561
1792
1530
1562
1793
1531
1563
1794
1532
1564
1795
1533
1565
1796
1534
1566
1797
1535
1567
1798
1536
1568
1799
1537
1569
1800
1538
1570
1801
1539
1571
1802
1540
1572
1803
1541
1573
1804
1542
1574
1805
1543
1575
1806
1544
1576
1807
1545
1577
1808
1546
1578
1809
1547
1579
1810
1548
1580
1811
1549
1581
1812
1550
1582
1813
1583
1814
1552
1815
1553
1816
1554
1817
1555
1818
1556
1819
1557
1820
1558
1821
1559
1822
1560
1823
1561
1824
1562
1825
1563
1826
1564
1827
1565
1828
1566
1829
1567
1830
1568
1831
1569
1832
1570
1833
1571
1834
1572
1835
1573
1836
1574
1837
1575
1838
1576
1839
1577
1840
1578
1841
1579
1842
1580
1843
1581
1844
1582
1845
1583
1846
1847
1585
1617
1848
1586
1618
1849
1587
1619
1850
1588
1620
1851
1589
1621
1852
1590
1622
1853
1591
1623
1854
1592
1624
1855
1593
1625
1856
1594
1626
1857
1595
1627
1858
1596
1628
1859
1597
1629
1860
1598
1630
1861
1599
1631
1862
1600
1632
1863
1601
1633
1864
1602
1634
1865
1603
1635
1866
1604
1636
1867
1605
1637
1868
1606
1638
1869
1607
1639
1870
1608
1640
1871
1609
1641
1872
1610
1642
1873
1611
1643
1874
1612
1644
1875
1613
1645
1876
1614
1646
1877
1615
1647
1878
1616
1648
1879
1649
1880
1618
1650
1881
1619
1651
1882
1620
1652
1883
1621
1653
1884
1622
1654
1885
1623
1655
1886
1624
1656
1887
1625
1657
1888
1626
1658
1889
1627
1659
1890
1628
1660
1891
1629
1661
1892
1630
1662
1893
1631
1663
1894
1632
1664
1895
1633
1665
1896
1634
1666
1897
1635
1667
1898
1636
1668
1899
1637
1669
1900
1638
1670
1901
1639
1671
1902
1640
1672
1903
1641
1673
1904
1642
1674
1905
1643
1675
1906
1644
1676
1907
1645
1677
1908
1646
1678
1909
1647
1679
1910
1648
1680
1911
1649
1681
1912
1682
1913
1651
1683
1914
1652
1684
1915
1653
1685
1916
1654
1686
1917
1655
1687
1918
1656
1688
1919
1657
1689
1920
1658
1690
1921
1659
1691
1922
1660
1692
1923
1661
1693
1924
1662
1694
1925
1663
1695
1926
1664
1696
1927
1665
1697
1928
1666
1698
1929
1667
1699
1930
1668
1700
1931
1669
1701
1932
1670
1702
1933
1671
1703
1934
1672
1704
1935
1673
1705
1936
1674
1706
1937
1675
1707
1938
1676
1708
1939
1677
1709
1940
1678
1710
1941
1679
1711
1942
1680
1712
1943
1681
1713
1944
1682
1714
1945
1715
1946
1684
1716
1947
1685
1717
1948
1686
1718
1949
1687
1719
1950
1688
1720
1951
1689
1721
1952
1690
1722
1953
1691
1723
1954
1692
1724
1955
1693
1725
1956
1694
1726
1957
1695
1727
1958
1696
1728
1959
1697
1729
1960
1698
1730
1961
1699
1731
1962
1700
1732
1963
1701
1733
1964
1702
1734
1965
1703
1735
1966
1704
1736
1967
1705
1737
1968
1706
1738
1969
1707
1739
1970
1708
1740
1971
1709
1741
1972
1710
1742
1973
1711
1743
1974
1712
1744
1975
1713
1745
1976
1714
1746
1977
1715
1747
1978
1748
1979
1717
1749
1980
1718
1750
1981
1719
1751
1982
1720
1752
1983
1721
1753
1984
1722
1754
1985
1723
1755
1986
1724
1756
1987
1725
1757
1988
1726
1758
1989
1727
1759
1990
1728
1760
1991
1729
1761
1992
1730
1762
1993
1731
1763
1994
1732
1764
1995
1733
1765
1996
1734
1766
1997
1735
1767
1998
1736
1768
1999
1737
1769
2000
1738
1770
2001
1739
1771
2002
1740
1772
2003
1741
1773
2004
1742
1774
2005
1743
1775
2006
1744
1776
2007
1745
1777
2008
1746
1778
2009
1747
1779
2010
1748
1780
2011
1781
2012
1750
1782
2013
1751
1783
2014
1752
1784
2015
1753
1785
2016
1754
1786
2017
1755
1787
2018
1756
1788
2019
1757
1789
2020
1758
1790
2021
1759
1791
2022
1760
1792
2023
1761
1793
2024
1762
1794
2025
1763
1795
2026
1764
1796
2027
1765
1797
2028
1766
1798
2029
1767
1799
2030
1768
1800
2031
1769
1801
2032
1770
1802
2033
1771
1803
2034
1772
1804
2035
1773
1805
2036
1774
1806
2037
1775
1807
2038
1776
1808
2039
1777
1809
2040
1778
1810
2041
1779
1811
2042
1780
1812
2043
1781
1813
2044
1814
2045
1783
1815
2046
1784
1816
2047
1785
1817
2048
1786
1818
2049
1787
1819
2050
1788
1820
2051
1789
1821
2052
1790
1822
2053
1791
1823
2054
1792
1824
2055
1793
1825
2056
1794
1826
2057
1795
1827
2058
1796
1828
2059
1797
1829
2060
1798
1830
2061
1799
1831
2062
1800
1832
2063
1801
1833
2064
1802
1834
2065
1803
1835
2066
1804
1836
2067
1805
1837
2068
1806
1838
2069
1807
1839
2070
1808
1840
2071
1809
1841
2072
1810
1842
2073
1811
1843
2074
1812
1844
2075
1813
1845
2076
1814
1846
2077
1847
2078
1816
2079
1817
2080
1818
2081
1819
2082
1820
2083
1821
2084
1822
2085
1823
2086
1824
2087
1825
2088
1826
2089
1827
2090
1828
2091
1829
2092
1830
2093
1831
2094
1832
2095
1833
2096
1834
2097
1835
2098
1836
2099
1837
2100
1838
2101
1839
2102
1840
2103
1841
2104
1842
2105
1843
2106
1844
2107
1845
2108
1846
2109
1847
2110
2111
1849
1881
2112
1850
1882
2113
1851
1883
2114
1852
1884
2115
1853
1885
2116
1854
1886
2117
1855
1887
2118
1856
1888
2119
1857
1889
2120
1858
1890
2121
1859
1891
2122
1860
1892
2123
1861
1893
2124
1862
1894
2125
1863
1895
2126
1864
1896
2127
1865
1897
2128
1866
1898
2129
1867
1899
2130
1868
1900
2131
1869
1901
2132
1870
1902
2133
1871
1903
2134
1872
1904
2135
1873
1905
2136
1874
1906
2137
1875
1907
2138
1876
1908
2139
1877
1909
2140
1878
1910
2141
1879
1911
2142
1880
1912
2143
1913
2144
1882
1914
2145
1883
1915
2146
1884
1916
2147
1885
1917
2148
1886
1918
2149
1887
1919
2150
1888
1920
2151
1889
1921
2152
1890
1922
2153
1891
1923
2154
1892
1924
2155
1893
1925
2156
1894
1926
2157
1895
1927
2158
1896
1928
2159
1897
1929
2160
1898
1930
2161
1899
1931
2162
1900
1932
2163
1901
1933
2164
1902
1934
2165
1903
1935
2166
1904
1936
2167
1905
1937
2168
1906
1938
2169
1907
1939
2170
1908
1940
2171
1909
1941
2172
1910
1942
2173
1911
1943
2174
1912
1944
2175
1913
1945
2176
1946
2177
1915
1947
2178
1916
1948
2179
1917
1949
2180
1918
1950
2181
1919
1951
2182
1920
1952
2183
1921
1953
2184
1922
1954
2185
1923
1955
2186
1924
1956
2187
1925
1957
2188
1926
1958
2189
1927
1959
2190
1928
1960
2191
1929
1961
2192
1930
1962
2193
1931
1963
2194
1932
1964
2195
1933
1965
2196
1934
1966
2197
1935
1967
2198
1936
1968
2199
1937
1969
2200
1938
1970
2201
1939
1971
2202
1940
1972
2203
1941
1973
2204
1942
1974
2205
1943
1975
2206
1944
1976
2207
1945
1977
2208
1946
1978
2209
1979
2210
1948
1980
2211
1949
1981
2212
1950
1982
2213
1951
1983
2214
1952
1984
2215
1953
1985
2216
1954
1986
2217
1955
1987
2218
1956
1988
2219
1957
1989
2220
1958
1990
2221
1959
1991
2222
1960
1992
2223
1961
1993
2224
1962
1994
2225
1963
1995
2226
1964
1996
2227
1965
1997
2228
1966
1998
2229
1967
1999
2230
1968
2000
2231
1969
2001
2232
1970
2002
2233
1971
2003
2234
1972
2004
2235
1973
2005
2236
1974
2006
2237
1975
2007
2238
1976
2008
2239
1977
2009
2240
1978
2010
2241
1979
2011
2242
2012
2243
1981
2013
2244
1982
2014
2245
1983
2015
2246
1984
2016
2247
1985
2017
2248
1986
2018
2249
1987
2019
2250
1988
2020
2251
1989
2021
2252
1990
2022
2253
1991
2023
2254
1992
2024
2255
1993
2025
2256
1994
2026
2257
1995
2027
2258
1996
2028
2259
1997
2029
2260
1998
2030
2261
1999
2031
2262
2000
2032
2263
2001
2033
2264
2002
2034
2265
2003
2035
2266
2004
2036
2267
2005
2037
2268
2006
2038
2269
2007
2039
2270
2008
2040
2271
2009
2041
2272
2010
2042
2273
2011
2043
2274
2012
2044
2275
2045
2276
2014
2046
2277
2015
2047
2278
2016
2048
2279
2017
2049
2280
2018
2050
2281
2019
2051
2282
2020
2052
2283
2021
2053
2284
2022
2054
2285
2023
2055
2286
2024
2056
2287
2025
2057
2288
2026
2058
2289
2027
2059
2290
2028
2060
2291
2029
2061
2292
2030
2062
2293
2031
2063
2294
2032
2064
2295
2033
2065
2296
2034
2066
2297
2035
2067
2298
2036
2068
2299
2037
2069
2300
2038
2070
2301
2039
2071
2302
2040
2072
2303
2041
2073
2304
2042
2074
2305
2043
2075
2306
2044
2076
2307
2045
2077
2308
2078
2309
2047
2079
2310
2048
2080
2311
2049
2081
2312
2050
2082
2313
2051
2083
2314
2052
2084
2315
2053
2085
2316
2054
2086
2317
2055
2087
2318
2056
2088
2319
2057
2089
2320
2058
2090
2321
2059
2091
2322
2060
2092
2323
2061
2093
2324
2062
2094
2325
2063
2095
2326
2064
2096
2327
2065
2097
2328
2066
2098
2329
2067
2099
2330
2068
2100
2331
2069
2101
2332
2070
2102
2333
2071
2103
2334
2072
2104
2335
2073
2105
2336
2074
2106
2337
2075
2107
2338
2076
2108
2339
2077
2109
2340
2078
2110
2341
2111
2342
2080
2343
2081
2344
2082
2345
2083
2346
2084
2347
2085
2348
2086
2349
2087
2350
2088
2351
2089
2352
2090
2353
2091
2354
2092
2355
2093
2356
2094
2357
2095
2358
2096
2359
2097
2360
2098
2361
2099
2362
2100
2363
2101
2364
2102
2365
2103
2366
2104
2367
2105
2368
2106
2369
2107
2370
2108
2371
2109
2372
2110
2373
2111
2374
2375
2113
2145
2376
2114
2146
2377
2115
2147
2378
2116
2148
2379
2117
2149
2380
2118
2150
2381
2119
2151
2382
2120
2152
2383
2121
2153
2384
2122
2154
2385
2123
2155
2386
2124
2156
2387
2125
2157
2388
2126
2158
2389
2127
2159
2390
2128
2160
2391
2129
2161
2392
2130
2162
2393
2131
2163
2394
2132
2164
2395
2133
2165
2396
2134
2166
2397
2135
2167
2398
2136
2168
2399
2137
2169
2400
2138
2170
2401
2139
2171
2402
2140
2172
2403
2141
2173
2404
2142
2174
2405
2143
2175
2406
2144
2176
2407
2177
2408
2146
2178
2409
2147
2179
2410
2148
2180
2411
2149
2181
2412
2150
2182
2413
2151
2183
2414
2152
2184
2415
2153
2185
2416
2154
2186
2417
2155
2187
2418
2156
2188
2419
2157
2189
2420
2158
2190
2421
2159
2191
2422
2160
2192
2423
2161
2193
2424
2162
2194
2425
2163
2195
2426
2164
2196
2427
2165
2197
2428
2166
2198
2429
2167
2199
2430
2168
2200
2431
2169
2201
2432
2170
2202
2433
2171
2203
2434
2172
2204
2435
2173
2205
2436
2174
2206
2437
2175
2207
2438
2176
2208
2439
2177
2209
2440
2210
2441
2179
2211
2442
2180
2212
2443
2181
2213
2444
2182
2214
2445
2183
2215
2446
2184
2216
2447
2185
2217
2448
2186
2218
2449
2187
2219
2450
2188
2220
2451
2189
2221
2452
2190
2222
2453
2191
2223
2454
2192
2224
2455
2193
2225
2456
2194
2226
2457
2195
2227
2458
2196
2228
2459
2197
2229
2460
2198
2230
2461
2199
2231
2462
2200
2232
2463
2201
2233
2464
2202
2234
2465
2203
2235
2466
2204
2236
2467
2205
2237
2468
2206
2238
2469
2207
2239
2470
2208
2240
2471
2209
2241
2472
2210
2242
2473
2243
2474
2212
2244
2475
2213
2245
2476
2214
2246
2477
2215
2247
2478
2216
2248
2479
2217
2249
2480
2218
2250
2481
2219
2251
2482
2220
2252
2483
2221
2253
2484
2222
2254
2485
2223
2255
2486
2224
2256
2487
2225
2257
2488
2226
2258
2489
2227
2259
2490
2228
2260
2491
2229
2261
2492
2230
2262
2493
2231
2263
2494
2232
2264
2495
2233
2265
2496
2234
2266
2497
2235
2267
2498
2236
2268
2499
2237
2269
2500
2238
2270
2501
2239
2271
2502
2240
2272
2503
2241
2273
2504
2242
2274
2505
2243
2275
2506
2276
2507
2245
2277
2508
2246
2278
2509
2247
2279
2510
2248
2280
2511
2249
2281
2512
2250
2282
2513
2251
2283
2514
2252
2284
2515
2253
2285
2516
2254
2286
2517
2255
2287
2518
2256
2288
2519
2257
2289
2520
2258
2290
2521
2259
2291
2522
2260
2292
2523
2261
2293
2524
2262
2294
2525
2263
2295
2526
2264
2296
2527
2265
2297
2528
2266
2298
2529
2267
2299
2530
2268
2300
2531
2269
2301
2532
2270
2302
2533
2271
2303
2534
2272
2304
2535
2273
2305
2536
2274
2306
2537
2275
2307
2538
2276
2308
2539
2309
2540
2278
2310
2541
2279
2311
2542
2280
2312
2543
2281
2313
2544
2282
2314
2545
2283
2315
2546
2284
2316
2547
2285
2317
2548
2286
2318
2549
2287
2319
2550
2288
2320
2551
2289
2321
2552
2290
2322
2553
2291
2323
2554
2292
2324
2555
2293
2325
2556
2294
2326
2557
2295
2327
2558
2296
2328
2559
2297
2329
2560
2298
2330
2561
2299
2331
2562
2300
2332
2563
2301
2333
2564
2302
2334
2565
2303
2335
2566
2304
2336
2567
2305
2337
2568
2306
2338
2569
2307
2339
2570
2308
2340
2571
2309
2341
2572
2342
2573
2311
2343
2574
2312
2344
2575
2313
2345
2576
2314
2346
2577
2315
2347
2578
2316
2348
2579
2317
2349
2580
2318
2350
2581
2319
2351
2582
2320
2352
2583
2321
2353
2584
2322
2354
2585
2323
2355
2586
2324
2356
2587
2325
2357
2588
2326
2358
2589
2327
2359
2590
2328
2360
2591
2329
2361
2592
2330
2362
2593
2331
2363
2594
2332
2364
2595
2333
2365
2596
2334
2366
2597
2335
2367
2598
2336
2368
2599
2337
2369
2600
2338
2370
2601
2339
2371
2602
2340
2372
2603
2341
2373
2604
2342
2374
2605
2375
2606
2344
2607
2345
2608
2346
2609
2347
2610
2348
2611
2349
2612
2350
2613
2351
2614
2352
2615
2353
2616
2354
2617
2355
2618
2356
2619
2357
2620
2358
2621
2359
2622
2360
2623
2361
2624
2362
2625
2363
2626
2364
2627
2365
2628
2366
2629
2367
2630
2368
2631
2369
2632
2370
2633
2371
2634
2372
2635
2373
2636
2374
2637
2375
2638
2639
2377
2409
2640
2378
2410
2641
2379
2411
2642
2380
2412
2643
2381
2413
2644
2382
2414
2645
2383
2415
2646
2384
2416
2647
2385
2417
2648
2386
2418
2649
2387
2419
2650
2388
2420
2651
2389
2421
2652
2390
2422
2653
2391
2423
2654
2392
2424
2655
2393
2425
2656
2394
2426
2657
2395
2427
2658
2396
2428
2659
2397
2429
2660
2398
2430
2661
2399
2431
2662
2400
2432
2663
2401
2433
2664
2402
2434
2665
2403
2435
2666
2404
2436
2667
2405
2437
2668
2406
2438
2669
2407
2439
2670
2408
2440
2671
2441
2672
2410
2442
2673
2411
2443
2674
2412
2444
2675
2413
2445
2676
2414
2446
2677
2415
2447
2678
2416
2448
2679
2417
2449
2680
2418
2450
2681
2419
2451
2682
2420
2452
2683
2421
2453
2684
2422
2454
2685
2423
2455
2686
2424
2456
2687
2425
2457
2688
2426
2458
2689
2427
2459
2690
2428
2460
2691
2429
2461
2692
2430
2462
2693
2431
2463
2694
2432
2464
2695
2433
2465
2696
2434
2466
2697
2435
2467
2698
2436
2468
2699
2437
2469
2700
2438
2470
2701
2439
2471
2702
2440
2472
2703
2441
2473
2704
2474
2705
2443
2475
2706
2444
2476
2707
2445
2477
2708
2446
2478
2709
2447
2479
2710
2448
2480
2711
2449
2481
2712
2450
2482
2713
2451
2483
2714
2452
2484
2715
2453
2485
2716
2454
2486
2717
2455
2487
2718
2456
2488
2719
2457
2489
2720
2458
2490
2721
2459
2491
2722
2460
2492
2723
2461
2493
2724
2462
2494
2725
2463
2495
2726
2464
2496
2727
2465
2497
2728
2466
2498
2729
2467
2499
2730
2468
2500
2731
2469
2501
2732
2470
2502
2733
2471
2503
2734
2472
2504
2735
2473
2505
2736
2474
2506
2737
2507
2738
2476
2508
2739
2477
2509
2740
2478
2510
2741
2479
2511
2742
2480
2512
2743
2481
2513
2744
2482
2514
2745
2483
2515
2746
2484
2516
2747
2485
2517
2748
2486
2518
2749
2487
2519
2750
2488
2520
2751
2489
2521
2752
2490
2522
2753
2491
2523
2754
2492
2524
2755
2493
2525
2756
2494
2526
2757
2495
2527
2758
2496
2528
2759
2497
2529
2760
2498
2530
2761
2499
2531
2762
2500
2532
2763
2501
2533
2764
2502
2534
2765
2503
2535
2766
2504
2536
2767
2505
2537
2768
2506
2538
2769
2507
2539
2770
2540
2771
2509
2541
2772
2510
2542
2773
2511
2543
2774
2512
2544
2775
2513
2545
2776
2514
2546
2777
2515
2547
2778
2516
2548
2779
2517
2549
2780
2518
2550
2781
2519
2551
2782
2520
2552
2783
2521
2553
2784
2522
2554
2785
2523
2555
2786
2524
2556
2787
2525
2557
2788
2526
2558
2789
2527
2559
2790
2528
2560
2791
2529
2561
2792
2530
2562
2793
2531
2563
2794
2532
2564
2795
2533
2565
2796
2534
2566
2797
2535
2567
2798
2536
2568
2799
2537
2569
2800
2538
2570
2801
2539
2571
2802
2540
2572
2803
2573
2804
2542
2574
2805
2543
2575
2806
2544
2576
2807
2545
2577
2808
2546
2578
2809
2547
2579
2810
2548
2580
2811
2549
2581
2812
2550
2582
2813
2551
2583
2814
2552
2584
2815
2553
2585
2816
2554
2586
2817
2555
2587
2818
2556
2588
2819
2557
2589
2820
2558
2590
2821
2559
2591
2822
2560
2592
2823
2561
2593
2824
2562
2594
2825
2563
2595
2826
2564
2596
2827
2565
2597
2828
2566
2598
2829
2567
2599
2830
2568
2600
2831
2569
2601
2832
2570
2602
2833
2571
2603
2834
2572
2604
2835
2573
2605
2836
2606
2837
2575
2607
2838
2576
2608
2839
2577
2609
2840
2578
2610
2841
2579
2611
2842
2580
2612
2843
2581
2613
2844
2582
2614
2845
2583
2615
2846
2584
2616
2847
2585
2617
2848
2586
2618
2849
2587
2619
2850
2588
2620
2851
2589
2621
2852
2590
2622
2853
2591
2623
2854
2592
2624
2855
2593
2625
2856
2594
2626
2857
2595
2627
2858
2596
2628
2859
2597
2629
2860
2598
2630
2861
2599
2631
2862
2600
2632
2863
2601
2633
2864
2602
2634
2865
2603
2635
2866
2604
2636
2867
2605
2637
2868
2606
2638
2869
2639
2870
2608
2871
2609
2872
2610
2873
2611
2874
2612
2875
2613
2876
2614
2877
2615
2878
2616
2879
2617
2880
2618
2881
2619
2882
2620
2883
2621
2884
2622
2885
2623
2886
2624
2887
2625
2888
2626
2889
2627
2890
2628
2891
2629
2892
2630
2893
2631
2894
2632
2895
2633
2896
2634
2897
2635
2898
2636
2899
2637
2900
2638
2901
2639
2902
2903
2641
2673
2904
2642
2674
2905
2643
2675
2906
2644
2676
2907
2645
2677
2908
2646
2678
2909
2647
2679
2910
2648
2680
2911
2649
2681
2912
2650
2682
2913
2651
2683
2914
2652
2684
2915
2653
2685
2916
2654
2686
2917
2655
2687
2918
2656
2688
2919
2657
2689
2920
2658
2690
2921
2659
2691
2922
2660
2692
2923
2661
2693
2924
2662
2694
2925
2663
2695
2926
2664
2696
2927
2665
2697
2928
2666
2698
2929
2667
2699
2930
2668
2700
2931
2669
2701
2932
2670
2702
2933
2671
2703
2934
2672
2704
2935
2705
2936
2674
2706
2937
2675
2707
2938
2676
2708
2939
2677
2709
2940
2678
2710
2941
2679
2711
2942
2680
2712
2943
2681
2713
2944
2682
2714
2945
2683
2715
2946
2684
2716
2947
2685
2717
2948
2686
2718
2949
2687
2719
2950
2688
2720
2951
2689
2721
2952
2690
2722
2953
2691
2723
2954
2692
2724
2955
2693
2725
2956
2694
2726
2957
2695
2727
2958
2696
2728
2959
2697
2729
2960
2698
2730
2961
2699
2731
2962
2700
2732
2963
2701
2733
2964
2702
2734
2965
2703
2735
2966
2704
2736
2967
2705
2737
2968
2738
2969
2707
2739
2970
2708
2740
2971
2709
2741
2972
2710
2742
2973
2711
2743
2974
2712
2744
2975
2713
2745
2976
2714
2746
2977
2715
2747
2978
2716
2748
2979
2717
2749
2980
2718
2750
2981
2719
2751
2982
2720
2752
2983
2721
2753
2984
2722
2754
2985
2723
2755
2986
2724
2756
2987
2725
2757
2988
2726
2758
2989
2727
2759
2990
2728
2760
2991
2729
2761
2992
2730
2762
2993
2731
2763
2994
2732
2764
2995
2733
2765
2996
2734
2766
2997
2735
2767
2998
2736
2768
2999
2737
2769
3000
2738
2770
3001
2771
3002
2740
2772
3003
2741
2773
3004
2742
2774
3005
2743
2775
3006
2744
2776
3007
2745
2777
3008
2746
2778
3009
2747
2779
3010
2748
2780
3011
2749
2781
3012
2750
2782
3013
2751
2783
3014
2752
2784
3015
2753
2785
3016
2754
2786
3017
2755
2787
3018
2756
2788
3019
2757
2789
3020
2758
2790
3021
2759
2791
3022
2760
2792
3023
2761
2793
3024
2762
2794
3025
2763
2795
3026
2764
2796
3027
2765
2797
3028
2766
2798
3029
2767
2799
3030
2768
2800
3031
2769
2801
3032
2770
2802
3033
2771
2803
3034
2804
3035
2773
2805
3036
2774
2806
3037
2775
2807
3038
2776
2808
3039
2777
2809
3040
2778
2810
3041
2779
2811
3042
2780
2812
3043
2781
2813
3044
2782
2814
3045
2783
2815
3046
2784
2816
3047
2785
2817
3048
2786
2818
3049
2787
2819
3050
2788
2820
3051
2789
2821
3052
2790
2822
3053
2791
2823
3054
2792
2824
3055
2793
2825
3056
2794
2826
3057
2795
2827
3058
2796
2828
3059
2797
2829
3060
2798
2830
3061
2799
2831
3062
2800
2832
3063
2801
2833
3064
2802
2834
3065
2803
2835
3066
2804
2836
3067
2837
3068
2806
2838
3069
2807
2839
3070
2808
2840
3071
2809
2841
3072
2810
2842
3073
2811
2843
3074
2812
2844
3075
2813
2845
3076
2814
2846
3077
2815
2847
3078
2816
2848
3079
2817
2849
3080
2818
2850
3081
2819
2851
3082
2820
2852
3083
2821
2853
3084
2822
2854
3085
2823
2855
3086
2824
2856
3087
2825
2857
3088
2826
2858
3089
2827
2859
3090
2828
2860
3091
2829
2861
3092
2830
2862
3093
2831
2863
3094
2832
2864
3095
2833
2865
3096
2834
2866
3097
2835
2867
3098
2836
2868
3099
2837
2869
3100
2870
3101
2839
2871
3102
2840
2872
3103
2841
2873
3104
2842
2874
3105
2843
2875
3106
2844
2876
3107
2845
2877
3108
2846
2878
3109
2847
2879
3110
2848
2880
3111
2849
2881
3112
2850
2882
3113
2851
2883
3114
2852
2884
3115
2853
2885
3116
2854
2886
3117
2855
2887
3118
2856
2888
3119
2857
2889
3120
2858
2890
3121
2859
2891
3122
2860
2892
3123
2861
2893
3124
2862
2894
3125
2863
2895
3126
2864
2896
3127
2865
2897
3128
2866
2898
3129
2867
2899
3130
2868
2900
3131
2869
2901
3132
2870
2902
3133
2903
3134
2872
3135
2873
3136
2874
3137
2875
3138
2876
3139
2877
3140
2878
3141
2879
3142
2880
3143
2881
3144
2882
3145
2883
3146
2884
3147
2885
3148
2886
3149
2887
3150
2888
3151
2889
3152
2890
3153
2891
3154
2892
3155
2893
3156
2894
3157
2895
3158
2896
3159
2897
3160
2898
3161
2899
3162
2900
3163
2901
3164
2902
3165
2903
3166
3167
2905
2937
3168
2906
2938
3169
2907
2939
3170
2908
2940
3171
2909
2941
3172
2910
2942
3173
2911
2943
3174
2912
2944
3175
2913
2945
3176
2914
2946
3177
2915
2947
3178
2916
2948
3179
2917
2949
3180
2918
2950
3181
2919
2951
3182
2920
2952
3183
2921
2953
3184
2922
2954
3185
2923
2955
3186
2924
2956
3187
2925
2957
3188
2926
2958
3189
2927
2959
3190
2928
2960
3191
2929
2961
3192
2930
2962
3193
2931
2963
3194
2932
2964
3195
2933
2965
3196
2934
2966
3197
2935
2967
3198
2936
2968
3199
2969
3200
2938
2970
3201
2939
2971
3202
2940
2972
3203
2941
2973
3204
2942
2974
3205
2943
2975
3206
2944
2976
3207
2945
2977
3208
2946
2978
3209
2947
2979
3210
2948
2980
3211
2949
2981
3212
2950
2982
3213
2951
2983
3214
2952
2984
3215
2953
2985
3216
2954
2986
3217
2955
2987
3218
2956
2988
3219
2957
2989
3220
2958
2990
3221
2959
2991
3222
2960
2992
3223
2961
2993
3224
2962
2994
3225
2963
2995
3226
2964
2996
3227
2965
2997
3228
2966
2998
3229
2967
2999
3230
2968
3000
3231
2969
3001
3232
3002
3233
2971
3003
3234
2972
3004
3235
2973
3005
3236
2974
3006
3237
2975
3007
3238
2976
3008
3239
2977
3009
3240
2978
3010
3241
2979
3011
3242
2980
3012
3243
2981
3013
3244
2982
3014
3245
2983
3015
3246
2984
3016
3247
2985
3017
3248
2986
3018
3249
2987
3019
3250
2988
3020
3251
2989
3021
3252
2990
3022
3253
2991
3023
3254
2992
3024
3255
2993
3025
3256
2994
3026
3257
2995
3027
3258
2996
3028
3259
2997
3029
3260
2998
3030
3261
2999
3031
3262
3000
3032
3263
3001
3033
3264
3002
3034
3265
3035
3266
3004
3036
3267
3005
3037
3268
3006
3038
3269
3007
3039
3270
3008
3040
3271
3009
3041
3272
3010
3042
3273
3011
3043
3274
3012
3044
3275
3013
3045
3276
3014
3046
3277
3015
3047
3278
3016
3048
3279
3017
3049
3280
3018
3050
3281
3019
3051
3282
3020
3052
3283
3021
3053
3284
3022
3054
3285
3023
3055
3286
3024
3056
3287
3025
3057
3288
3026
3058
3289
3027
3059
3290
3028
3060
3291
3029
3061
3292
3030
3062
3293
3031
3063
3294
3032
3064
3295
3033
3065
3296
3034
3066
3297
3035
3067
3298
3068
3299
3037
3069
3300
3038
3070
3301
3039
3071
3302
3040
3072
3303
3041
3073
3304
3042
3074
3305
3043
3075
3306
3044
3076
3307
3045
3077
3308
3046
3078
3309
3047
3079
3310
3048
3080
3311
3049
3081
3312
3050
3082
3313
3051
3083
3314
3052
3084
3315
3053
3085
3316
3054
3086
3317
3055
3087
3318
3056
3088
3319
3057
3089
3320
3058
3090
3321
3059
3091
3322
3060
3092
3323
3061
3093
3324
3062
3094
3325
3063
3095
3326
3064
3096
3327
3065
3097
3328
3066
3098
3329
3067
3099
3330
3068
3100
3331
3101
3332
3070
3102
3333
3071
3103
3334
3072
3104
3335
3073
3105
3336
3074
3106
3337
3075
3107
3338
3076
3108
3339
3077
3109
3340
3078
3110
3341
3079
3111
3342
3080
3112
3343
3081
3113
3344
3082
3114
3345
3083
3115
3346
3084
3116
3347
3085
3117
3348
3086
3118
3349
3087
3119
3350
3088
3120
3351
3089
3121
3352
3090
3122
3353
3091
3123
3354
3092
3124
3355
3093
3125
3356
3094
3126
3357
3095
3127
3358
3096
3128
3359
3097
3129
3360
3098
3130
3361
3099
3131
3362
3100
3132
3363
3101
3133
3364
3134
3365
3103
3135
3366
3104
3136
3367
3105
3137
3368
3106
3138
3369
3107
3139
3370
3108
3140
3371
3109
3141
3372
3110
3142
3373
3111
3143
3374
3112
3144
3375
3113
3145
3376
3114
3146
3377
3115
3147
3378
3116
3148
3379
3117
3149
3380
3118
3150
3381
3119
3151
3382
3120
3152
3383
3121
3153
3384
3122
3154
3385
3123
3155
3386
3124
3156
3387
3125
3157
3388
3126
3158
3389
3127
3159
3390
3128
3160
3391
3129
3161
3392
3130
3162
3393
3131
3163
3394
3132
3164
3395
3133
3165
3396
3134
3166
3397
3167
3398
3136
3399
3137
3400
3138
3401
3139
3402
3140
3403
3141
3404
3142
3405
3143
3406
3144
3407
3145
3408
3146
3409
3147
3410
3148
3411
3149
3412
3150
3413
3151
3414
3152
3415
3153
3416
3154
3417
3155
3418
3156
3419
3157
3420
3158
3421
3159
3422
3160
3423
3161
3424
3162
3425
3163
3426
3164
3427
3165
3428
3166
3429
3167
3430
3431
3169
3201
3432
3170
3202
3433
3171
3203
3434
3172
3204
3435
3173
3205
3436
3174
3206
3437
3175
3207
3438
3176
3208
3439
3177
3209
3440
3178
3210
3441
3179
3211
3442
3180
3212
3443
3181
3213
3444
3182
3214
3445
3183
3215
3446
3184
3216
3447
3185
3217
3448
3186
3218
3449
3187
3219
3450
3188
3220
3451
3189
3221
3452
3190
3222
3453
3191
3223
3454
3192
3224
3455
3193
3225
3456
3194
3226
3457
3195
3227
3458
3196
3228
3459
3197
3229
3460
3198
3230
3461
3199
3231
3462
3200
3232
3463
3233
3464
3202
3234
3465
3203
3235
3466
3204
3236
3467
3205
3237
3468
3206
3238
3469
3207
3239
3470
3208
3240
3471
3209
3241
3472
3210
3242
3473
3211
3243
3474
3212
3244
3475
3213
3245
3476
3214
3246
3477
3215
3247
3478
3216
3248
3479
3217
3249
3480
3218
3250
3481
3219
3251
3482
3220
3252
3483
3221
3253
3484
3222
3254
3485
3223
3255
3486
3224
3256
3487
3225
3257
3488
3226
3258
3489
3227
3259
3490
3228
3260
3491
3229
3261
3492
3230
3262
3493
3231
3263
3494
3232
3264
3495
3233
3265
3496
3266
3497
3235
3267
3498
3236
3268
3499
3237
3269
3500
3238
3270
3501
3239
3271
3502
3240
3272
3503
3241
3273
3504
3242
3274
3505
3243
3275
3506
3244
3276
3507
3245
3277
3508
3246
3278
3509
3247
3279
3510
3248
3280
3511
3249
3281
3512
3250
3282
3513
3251
3283
3514
3252
3284
3515
3253
3285
3516
3254
3286
3517
3255
3287
3518
3256
3288
3519
3257
3289
3520
3258
3290
3521
3259
3291
3522
3260
3292
3523
3261
3293
3524
3262
3294
3525
3263
3295
3526
3264
3296
3527
3265
3297
3528
3266
3298
3529
3299
3530
3268
3300
3531
3269
3301
3532
3270
3302
3533
3271
3303
3534
3272
3304
3535
3273
3305
3536
3274
3306
3537
3275
3307
3538
3276
3308
3539
3277
3309
3540
3278
3310
3541
3279
3311
3542
3280
3312
3543
3281
3313
3544
3282
3314
3545
3283
3315
3546
3284
3316
3547
3285
3317
3548
3286
3318
3549
3287
3319
3550
3288
3320
3551
3289
3321
3552
3290
3322
3553
3291
3323
3554
3292
3324
3555
3293
3325
3556
3294
3326
3557
3295
3327
3558
3296
3328
3559
3297
3329
3560
3298
3330
3561
3299
3331
3562
3332
3563
3301
3333
3564
3302
3334
3565
3303
3335
3566
3304
3336
3567
3305
3337
3568
3306
3338
3569
3307
3339
3570
3308
3340
3571
3309
3341
3572
3310
3342
3573
3311
3343
3574
3312
3344
3575
3313
3345
3576
3314
3346
3577
3315
3347
3578
3316
3348
3579
3317
3349
3580
3318
3350
3581
3319
3351
3582
3320
3352
3583
3321
3353
3584
3322
3354
3585
3323
3355
3586
3324
3356
3587
3325
3357
3588
3326
3358
3589
3327
3359
3590
3328
3360
3591
3329
3361
3592
3330
3362
3593
3331
3363
3594
3332
3364
3595
3365
3596
3334
3366
3597
3335
3367
3598
3336
3368
3599
3337
3369
3600
3338
3370
3601
3339
3371
3602
3340
3372
3603
3341
3373
3604
3342
3374
3605
3343
3375
3606
3344
3376
3607
3345
3377
3608
3346
3378
3609
3347
3379
3610
3348
3380
3611
3349
3381
3612
3350
3382
3613
3351
3383
3614
3352
3384
3615
3353
3385
3616
3354
3386
3617
3355
3387
3618
3356
3388
3619
3357
3389
3620
3358
3390
3621
3359
3391
3622
3360
3392
3623
3361
3393
3624
3362
3394
3625
3363
3395
3626
3364
3396
3627
3365
3397
3628
3398
3629
3367
3399
3630
3368
3400
3631
3369
3401
3632
3370
3402
3633
3371
3403
3634
3372
3404
3635
3373
3405
3636
3374
3406
3637
3375
3407
3638
3376
3408
3639
3377
3409
3640
3378
3410
3641
3379
3411
3642
3380
3412
3643
3381
3413
3644
3382
3414
3645
3383
3415
3646
3384
3416
3647
3385
3417
3648
3386
3418
3649
3387
3419
3650
3388
3420
3651
3389
3421
3652
3390
3422
3653
3391
3423
3654
3392
3424
3655
3393
3425
3656
3394
3426
3657
3395
3427
3658
3396
3428
3659
3397
3429
3660
3398
3430
3661
3431
3662
3400
3663
3401
3664
3402
3665
3403
3666
3404
3667
3405
3668
3406
3669
3407
3670
3408
3671
3409
3672
3410
3673
3411
3674
3412
3675
3413
3676
3414
3677
3415
3678
3416
3679
3417
3680
3418
3681
3419
3682
3420
3683
3421
3684
3422
3685
3423
3686
3424
3687
3425
3688
3426
3689
3427
3690
3428
3691
3429
3692
3430
3693
3431
3694
3695
3433
3465
3696
3434
3466
3697
3435
3467
3698
3436
3468
3699
3437
3469
3700
3438
3470
3701
3439
3471
3702
3440
3472
3703
3441
3473
3704
3442
3474
3705
3443
3475
3706
3444
3476
3707
3445
3477
3708
3446
3478
3709
3447
3479
3710
3448
3480
3711
3449
3481
3712
3450
3482
3713
3451
3483
3714
3452
3484
3715
3453
3485
3716
3454
3486
3717
3455
3487
3718
3456
3488
3719
3457
3489
3720
3458
3490
3721
3459
3491
3722
3460
3492
3723
3461
3493
3724
3462
3494
3725
3463
3495
3726
3464
3496
3727
3497
3728
3466
3498
3729
3467
3499
3730
3468
3500
3731
3469
3501
3732
3470
3502
3733
3471
3503
3734
3472
3504
3735
3473
3505
3736
3474
3506
3737
3475
3507
3738
3476
3508
3739
3477
3509
3740
3478
3510
3741
3479
3511
3742
3480
3512
3743
3481
3513
3744
3482
3514
3745
3483
3515
3746
3484
3516
3747
3485
3517
3748
3486
3518
3749
3487
3519
3750
3488
3520
3751
3489
3521
3752
3490
3522
3753
3491
3523
3754
3492
3524
3755
3493
3525
3756
3494
3526
3757
3495
3527
3758
3496
3528
3759
3497
3529
3760
3530
3761
3499
3531
3762
3500
3532
3763
3501
3533
3764
3502
3534
3765
3503
3535
3766
3504
3536
3767
3505
3537
3768
3506
3538
3769
3507
3539
3770
3508
3540
3771
3509
3541
3772
3510
3542
3773
3511
3543
3774
3512
3544
3775
3513
3545
3776
3514
3546
3777
3515
3547
3778
3516
3548
3779
3517
3549
3780
3518
3550
3781
3519
3551
3782
3520
3552
3783
3521
3553
3784
3522
3554
3785
3523
3555
3786
3524
3556
3787
3525
3557
3788
3526
3558
3789
3527
3559
3790
3528
3560
3791
3529
3561
3792
3530
3562
3793
3563
3794
3532
3564
3795
3533
3565
3796
3534
3566
3797
3535
3567
3798
3536
3568
3799
3537
3569
3800
3538
3570
3801
3539
3571
3802
3540
3572
3803
3541
3573
3804
3542
3574
3805
3543
3575
3806
3544
3576
3807
3545
3577
3808
3546
3578
3809
3547
3579
3810
3548
3580
3811
3549
3581
3812
3550
3582
3813
3551
3583
3814
3552
3584
3815
3553
3585
3816
3554
3586
3817
3555
3587
3818
3556
3588
3819
3557
3589
3820
3558
3590
3821
3559
3591
3822
3560
3592
3823
3561
3593
3824
3562
3594
3825
3563
3595
3826
3596
3827
3565
3597
3828
3566
3598
3829
3567
3599
3830
3568
3600
3831
3569
3601
3832
3570
3602
3833
3571
3603
3834
3572
3604
3835
3573
3605
3836
3574
3606
3837
3575
3607
3838
3576
3608
3839
3577
3609
3840
3578
3610
3841
3579
3611
3842
3580
3612
3843
3581
3613
3844
3582
3614
3845
3583
3615
3846
3584
3616
3847
3585
3617
3848
3586
3618
3849
3587
3619
3850
3588
3620
3851
3589
3621
3852
3590
3622
3853
3591
3623
3854
3592
3624
3855
3593
3625
3856
3594
3626
3857
3595
3627
3858
3596
3628
3859
3629
3860
3598
3630
3861
3599
3631
3862
3600
3632
3863
3601
3633
3864
3602
3634
3865
3603
3635
3866
3604
3636
3867
3605
3637
3868
3606
3638
3869
3607
3639
3870
3608
3640
3871
3609
3641
3872
3610
3642
3873
3611
3643
3874
3612
3644
3875
3613
3645
3876
3614
3646
3877
3615
3647
3878
3616
3648
3879
3617
3649
3880
3618
3650
3881
3619
3651
3882
3620
3652
3883
3621
3653
3884
3622
3654
3885
3623
3655
3886
3624
3656
3887
3625
3657
3888
3626
3658
3889
3627
3659
3890
3628
3660
3891
3629
3661
3892
3662
3893
3631
3663
3894
3632
3664
3895
3633
3665
3896
3634
3666
3897
3635
3667
3898
3636
3668
3899
3637
3669
3900
3638
3670
3901
3639
3671
3902
3640
3672
3903
3641
3673
3904
3642
3674
3905
3643
3675
3906
3644
3676
3907
3645
3677
3908
3646
3678
3909
3647
3679
3910
3648
3680
3911
3649
3681
3912
3650
3682
3913
3651
3683
3914
3652
3684
3915
3653
3685
3916
3654
3686
3917
3655
3687
3918
3656
3688
3919
3657
3689
3920
3658
3690
3921
3659
3691
3922
3660
3692
3923
3661
3693
3924
3662
3694
3925
3695
3926
3664
3927
3665
3928
3666
3929
3667
3930
3668
3931
3669
3932
3670
3933
3671
3934
3672
3935
3673
3936
3674
3937
3675
3938
3676
3939
3677
3940
3678
3941
3679
3942
3680
3943
3681
3944
3682
3945
3683
3946
3684
3947
3685
3948
3686
3949
3687
3950
3688
3951
3689
3952
3690
3953
3691
3954
3692
3955
3693
3956
3694
3957
3695
3958
3959
3697
3729
3960
3698
3730
3961
3699
3731
3962
3700
3732
3963
3701
3733
3964
3702
3734
3965
3703
3735
3966
3704
3736
3967
3705
3737
3968
3706
3738
3969
3707
3739
3970
3708
3740
3971
3709
3741
3972
3710
3742
3973
3711
3743
3974
3712
3744
3975
3713
3745
3976
3714
3746
3977
3715
3747
3978
3716
3748
3979
3717
3749
3980
3718
3750
3981
3719
3751
3982
3720
3752
3983
3721
3753
3984
3722
3754
3985
3723
3755
3986
3724
3756
3987
3725
3757
3988
3726
3758
3989
3727
3759
3990
3728
3760
3991
3761
3992
3730
3762
3993
3731
3763
3994
3732
3764
3995
3733
3765
3996
3734
3766
3997
3735
3767
3998
3736
3768
3999
3737
3769
4000
3738
3770
4001
3739
3771
4002
3740
3772
4003
3741
3773
4004
3742
3774
4005
3743
3775
4006
3744
3776
4007
3745
3777
4008
3746
3778
4009
3747
3779
4010
3748
3780
4011
3749
3781
4012
3750
3782
4013
3751
3783
4014
3752
3784
4015
3753
3785
4016
3754
3786
4017
3755
3787
4018
3756
3788
4019
3757
3789
4020
3758
3790
4021
3759
3791
4022
3760
3792
4023
3761
3793
4024
3794
4025
3763
3795
4026
3764
3796
4027
3765
3797
4028
3766
3798
4029
3767
3799
4030
3768
3800
4031
3769
3801
4032
3770
3802
4033
3771
3803
4034
3772
3804
4035
3773
3805
4036
3774
3806
4037
3775
3807
4038
3776
3808
4039
3777
3809
4040
3778
3810
4041
3779
3811
4042
3780
3812
4043
3781
3813
4044
3782
3814
4045
3783
3815
4046
3784
3816
4047
3785
3817
4048
3786
3818
4049
3787
3819
4050
3788
3820
4051
3789
3821
4052
3790
3822
4053
3791
3823
4054
3792
3824
4055
3793
3825
4056
3794
3826
4057
3827
4058
3796
3828
4059
3797
3829
4060
3798
3830
4061
3799
3831
4062
3800
3832
4063
3801
3833
4064
3802
3834
4065
3803
3835
4066
3804
3836
4067
3805
3837
4068
3806
3838
4069
3807
3839
4070
3808
3840
4071
3809
3841
4072
3810
3842
4073
3811
3843
4074
3812
3844
4075
3813
3845
4076
3814
3846
4077
3815
3847
4078
3816
3848
4079
3817
3849
4080
3818
3850
4081
3819
3851
4082
3820
3852
4083
3821
3853
4084
3822
3854
4085
3823
3855
4086
3824
3856
4087
3825
3857
4088
3826
3858
4089
3827
3859
4090
3860
4091
3829
3861
4092
3830
3862
4093
3831
3863
4094
3832
3864
4095
3833
3865
4096
3834
3866
4097
3835
3867
4098
3836
3868
4099
3837
3869
4100
3838
3870
4101
3839
3871
4102
3840
3872
4103
3841
3873
4104
3842
3874
4105
3843
3875
4106
3844
3876
4107
3845
3877
4108
3846
3878
4109
3847
3879
4110
3848
3880
4111
3849
3881
4112
3850
3882
4113
3851
3883
4114
3852
3884
4115
3853
3885
4116
3854
3886
4117
3855
3887
4118
3856
3888
4119
3857
3889
4120
3858
3890
4121
3859
3891
4122
3860
3892
4123
3893
4124
3862
3894
4125
3863
3895
4126
3864
3896
4127
3865
3897
4128
3866
3898
4129
3867
3899
4130
3868
3900
4131
3869
3901
4132
3870
3902
4133
3871
3903
4134
3872
3904
4135
3873
3905
4136
3874
3906
4137
3875
3907
4138
3876
3908
4139
3877
3909
4140
3878
3910
4141
3879
3911
4142
3880
3912
4143
3881
3913
4144
3882
3914
4145
3883
3915
4146
3884
3916
4147
3885
3917
4148
3886
3918
4149
3887
3919
4150
3888
3920
4151
3889
3921
4152
3890
3922
4153
3891
3923
4154
3892
3924
4155
3893
3925
4156
3926
4157
3895
3927
4158
3896
3928
4159
3897
3929
4160
3898
3930
4161
3899
3931
4162
3900
3932
4163
3901
3933
4164
3902
3934
4165
3903
3935
4166
3904
3936
4167
3905
3937
4168
3906
3938
4169
3907
3939
4170
3908
3940
4171
3909
3941
4172
3910
3942
4173
3911
3943
4174
3912
3944
4175
3913
3945
4176
3914
3946
4177
3915
3947
4178
3916
3948
4179
3917
3949
4180
3918
3950
4181
3919
3951
4182
3920
3952
4183
3921
3953
4184
3922
3954
4185
3923
3955
4186
3924
3956
4187
3925
3957
4188
3926
3958
4189
3959
4190
3928
4191
3929
4192
3930
4193
3931
4194
3932
4195
3933
4196
3934
4197
3935
4198
3936
4199
3937
4200
3938
4201
3939
4202
3940
4203
3941
4204
3942
4205
3943
4206
3944
4207
3945
4208
3946
4209
3947
4210
3948
4211
3949
4212
3950
4213
3951
4214
3952
4215
3953
4216
3954
4217
3955
4218
3956
4219
3957
4220
3958
4221
3959
4222
4223
3961
3993
4224
3962
3994
4225
3963
3995
4226
3964
3996
4227
3965
3997
4228
3966
3998
4229
3967
3999
4230
3968
4000
4231
3969
4001
4232
3970
4002
4233
3971
4003
4234
3972
4004
4235
3973
4005
4236
3974
4006
4237
3975
4007
4238
3976
4008
4239
3977
4009
4240
3978
4010
4241
3979
4011
4242
3980
4012
4243
3981
4013
4244
3982
4014
4245
3983
4015
4246
3984
4016
4247
3985
4017
4248
3986
4018
4249
3987
4019
4250
3988
4020
4251
3989
4021
4252
3990
4022
4253
3991
4023
4254
3992
4024
4255
4025
4256
3994
4026
4257
3995
4027
4258
3996
4028
4259
3997
4029
4260
3998
4030
4261
3999
4031
4262
4000
4032
4263
4001
4033
4264
4002
4034
4265
4003
4035
4266
4004
4036
4267
4005
4037
4268
4006
4038
4269
4007
4039
4270
4008
4040
4271
4009
4041
4272
4010
4042
4273
4011
4043
4274
4012
4044
4275
4013
4045
4276
4014
4046
4277
4015
4047
4278
4016
4048
4279
4017
4049
4280
4018
4050
4281
4019
4051
4282
4020
4052
4283
4021
4053
4284
4022
4054
4285
4023
4055
4286
4024
4056
4287
4025
4057
4288
4058
4289
4027
4059
4290
4028
4060
4291
4029
4061
4292
4030
4062
4293
4031
4063
4294
4032
4064
4295
4033
4065
4296
4034
4066
4297
4035
4067
4298
4036
4068
4299
4037
4069
4300
4038
4070
4301
4039
4071
4302
4040
4072
4303
4041
4073
4304
4042
4074
4305
4043
4075
4306
4044
4076
4307
4045
4077
4308
4046
4078
4309
4047
4079
4310
4048
4080
4311
4049
4081
4312
4050
4082
4313
4051
4083
4314
4052
4084
4315
4053
4085
4316
4054
4086
4317
4055
4087
4318
4056
4088
4319
4057
4089
4320
4058
4090
4321
4091
4322
4060
4092
4323
4061
4093
4324
4062
4094
4325
4063
4095
4326
4064
4096
4327
4065
4097
4328
4066
4098
4329
4067
4099
4330
4068
4100
4331
4069
4101
4332
4070
4102
4333
4071
4103
4334
4072
4104
4335
4073
4105
4336
4074
4106
4337
4075
4107
4338
4076
4108
4339
4077
4109
4340
4078
4110
4341
4079
4111
4342
4080
4112
4343
4081
4113
4344
4082
4114
4345
4083
4115
4346
4084
4116
4347
4085
4117
4348
4086
4118
4349
4087
4119
4350
4088
4120
4351
4089
4121
4352
4090
4122
4353
4091
4123
4354
4124
4355
4093
4125
4356
4094
4126
4357
4095
4127
4358
4096
4128
4359
4097
4129
4360
4098
4130
4361
4099
4131
4362
4100
4132
4363
4101
4133
4364
4102
4134
4365
4103
4135
4366
4104
4136
4367
4105
4137
4368
4106
4138
4369
4107
4139
4370
4108
4140
4371
4109
4141
4372
4110
4142
4373
4111
4143
4374
4112
4144
4375
4113
4145
4376
4114
4146
4377
4115
4147
4378
4116
4148
4379
4117
4149
4380
4118
4150
4381
4119
4151
4382
4120
4152
4383
4121
4153
4384
4122
4154
4385
4123
4155
4386
4124
4156
4387
4157
4388
4126
4158
4389
4127
4159
4390
4128
4160
4391
4129
4161
4392
4130
4162
4393
4131
4163
4394
4132
4164
4395
4133
4165
4396
4134
4166
4397
4135
4167
4398
4136
4168
4399
4137
4169
4400
4138
4170
4401
4139
4171
4402
4140
4172
4403
4141
4173
4404
4142
4174
4405
4143
4175
4406
4144
4176
4407
4145
4177
4408
4146
4178
4409
4147
4179
4410
4148
4180
4411
4149
4181
4412
4150
4182
4413
4151
4183
4414
4152
4184
4415
4153
4185
4416
4154
4186
4417
4155
4187
4418
4156
4188
4419
4157
4189
4420
4190
4421
4159
4191
4422
4160
4192
4423
4161
4193
4424
4162
4194
4425
4163
4195
4426
4164
4196
4427
4165
4197
4428
4166
4198
4429
4167
4199
4430
4168
4200
4431
4169
4201
4432
4170
4202
4433
4171
4203
4434
4172
4204
4435
4173
4205
4436
4174
4206
4437
4175
4207
4438
4176
4208
4439
4177
4209
4440
4178
4210
4441
4179
4211
4442
4180
4212
4443
4181
4213
4444
4182
4214
4445
4183
4215
4446
4184
4216
4447
4185
4217
4448
4186
4218
4449
4187
4219
4450
4188
4220
4451
4189
4221
4452
4190
4222
4453
4223
4454
4192
4455
4193
4456
4194
4457
4195
4458
4196
4459
4197
4460
4198
4461
4199
4462
4200
4463
4201
4464
4202
4465
4203
4466
4204
4467
4205
4468
4206
4469
4207
4470
4208
4471
4209
4472
4210
4473
4211
4474
4212
4475
4213
4476
4214
4477
4215
4478
4216
4479
4217
4480
4218
4481
4219
4482
4220
4483
4221
4484
4222
4485
4223
4486
4487
4225
4257
4488
4226
4258
4489
4227
4259
4490
4228
4260
4491
4229
4261
4492
4230
4262
4493
4231
4263
4494
4232
4264
4495
4233
4265
4496
4234
4266
4497
4235
4267
4498
4236
4268
4499
4237
4269
4500
4238
4270
4501
4239
4271
4502
4240
4272
4503
4241
4273
4504
4242
4274
4505
4243
4275
4506
4244
4276
4507
4245
4277
4508
4246
4278
4509
4247
4279
4510
4248
4280
4511
4249
4281
4512
4250
4282
4513
4251
4283
4514
4252
4284
4515
4253
4285
4516
4254
4286
4517
4255
4287
4518
4256
4288
4519
4289
4520
4258
4290
4521
4259
4291
4522
4260
4292
4523
4261
4293
4524
4262
4294
4525
4263
4295
4526
4264
4296
4527
4265
4297
4528
4266
4298
4529
4267
4299
4530
4268
4300
4531
4269
4301
4532
4270
4302
4533
4271
4303
4534
4272
4304
4535
4273
4305
4536
4274
4306
4537
4275
4307
4538
4276
4308
4539
4277
4309
4540
4278
4310
4541
4279
4311
4542
4280
4312
4543
4281
4313
4544
4282
4314
4545
4283
4315
4546
4284
4316
4547
4285
4317
4548
4286
4318
4549
4287
4319
4550
4288
4320
4551
4289
4321
4552
4322
4553
4291
4323
4554
4292
4324
4555
4293
4325
4556
4294
4326
4557
4295
4327
4558
4296
4328
4559
4297
4329
4560
4298
4330
4561
4299
4331
4562
4300
4332
4563
4301
4333
4564
4302
4334
4565
4303
4335
4566
4304
4336
4567
4305
4337
4568
4306
4338
4569
4307
4339
4570
4308
4340
4571
4309
4341
4572
4310
4342
4573
4311
4343
4574
4312
4344
4575
4313
4345
4576
4314
4346
4577
4315
4347
4578
4316
4348
4579
4317
4349
4580
4318
4350
4581
4319
4351
4582
4320
4352
4583
4321
4353
4584
4322
4354
4585
4355
4586
4324
4356
4587
4325
4357
4588
4326
4358
4589
4327
4359
4590
4328
4360
4591
4329
4361
4592
4330
4362
4593
4331
4363
4594
4332
4364
4595
4333
4365
4596
4334
4366
4597
4335
4367
4598
4336
4368
4599
4337
4369
4600
4338
4370
4601
4339
4371
4602
4340
4372
4603
4341
4373
4604
4342
4374
4605
4343
4375
4606
4344
4376
4607
4345
4377
4608
4346
4378
4609
4347
4379
4610
4348
4380
4611
4349
4381
4612
4350
4382
4613
4351
4383
4614
4352
4384
4615
4353
4385
4616
4354
4386
4617
4355
4387
4618
4388
4619
4357
4389
4620
4358
4390
4621
4359
4391
4622
4360
4392
4623
4361
4393
4624
4362
4394
4625
4363
4395
4626
4364
4396
4627
4365
4397
4628
4366
4398
4629
4367
4399
4630
4368
4400
4631
4369
4401
4632
4370
4402
4633
4371
4403
4634
4372
4404
4635
4373
4405
4636
4374
4406
4637
4375
4407
4638
4376
4408
4639
4377
4409
4640
4378
4410
4641
4379
4411
4642
4380
4412
4643
4381
4413
4644
4382
4414
4645
4383
4415
4646
4384
4416
4647
4385
4417
4648
4386
4418
4649
4387
4419
4650
4388
4420
4651
4421
4652
4390
4422
4653
4391
4423
4654
4392
4424
4655
4393
4425
4656
4394
4426
4657
4395
4427
4658
4396
4428
4659
4397
4429
4660
4398
4430
4661
4399
4431
4662
4400
4432
4663
4401
4433
4664
4402
4434
4665
4403
4435
4666
4404
4436
4667
4405
4437
4668
4406
4438
4669
4407
4439
4670
4408
4440
4671
4409
4441
4672
4410
4442
4673
4411
4443
4674
4412
4444
4675
4413
4445
4676
4414
4446
4677
4415
4447
4678
4416
4448
4679
4417
4449
4680
4418
4450
4681
4419
4451
4682
4420
4452
4683
4421
4453
4684
4454
4685
4423
4455
4686
4424
4456
4687
4425
4457
4688
4426
4458
4689
4427
4459
4690
4428
4460
4691
4429
4461
4692
4430
4462
4693
4431
4463
4694
4432
4464
4695
4433
4465
4696
4434
4466
4697
4435
4467
4698
4436
4468
4699
4437
4469
4700
4438
4470
4701
4439
4471
4702
4440
4472
4703
4441
4473
4704
4442
4474
4705
4443
4475
4706
4444
4476
4707
4445
4477
4708
4446
4478
4709
4447
4479
4710
4448
4480
4711
4449
4481
4712
4450
4482
4713
4451
4483
4714
4452
4484
4715
4453
4485
4716
4454
4486
4717
4487
4718
4456
4719
4457
4720
4458
4721
4459
4722
4460
4723
4461
4724
4462
4725
4463
4726
4464
4727
4465
4728
4466
4729
4467
4730
4468
4731
4469
4732
4470
4733
4471
4734
4472
4735
4473
4736
4474
4737
4475
4738
4476
4739
4477
4740
4478
4741
4479
4742
4480
4743
4481
4744
4482
4745
4483
4746
4484
4747
4485
4748
4486
4749
4487
4750
4751
4489
4521
4752
4490
4522
4753
4491
4523
4754
4492
4524
4755
4493
4525
4756
4494
4526
4757
4495
4527
4758
4496
4528
4759
4497
4529
4760
4498
4530
4761
4499
4531
4762
4500
4532
4763
4501
4533
4764
4502
4534
4765
4503
4535
4766
4504
4536
4767
4505
4537
4768
4506
4538
4769
4507
4539
4770
4508
4540
4771
4509
4541
4772
4510
4542
4773
4511
4543
4774
4512
4544
4775
4513
4545
4776
4514
4546
4777
4515
4547
4778
4516
4548
4779
4517
4549
4780
4518
4550
4781
4519
4551
4782
4520
4552
4783
4553
4784
4522
4554
4785
4523
4555
4786
4524
4556
4787
4525
4557
4788
4526
4558
4789
4527
4559
4790
4528
4560
4791
4529
4561
4792
4530
4562
4793
4531
4563
4794
4532
4564
4795
4533
4565
4796
4534
4566
4797
4535
4567
4798
4536
4568
4799
4537
4569
4800
4538
4570
4801
4539
4571
4802
4540
4572
4803
4541
4573
4804
4542
4574
4805
4543
4575
4806
4544
4576
4807
4545
4577
4808
4546
4578
4809
4547
4579
4810
4548
4580
4811
4549
4581
4812
4550
4582
4813
4551
4583
4814
4552
4584
4815
4553
4585
4816
4586
4817
4555
4587
4818
4556
4588
4819
4557
4589
4820
4558
4590
4821
4559
4591
4822
4560
4592
4823
4561
4593
4824
4562
4594
4825
4563
4595
4826
4564
4596
4827
4565
4597
4828
4566
4598
4829
4567
4599
4830
4568
4600
4831
4569
4601
4832
4570
4602
4833
4571
4603
4834
4572
4604
4835
4573
4605
4836
4574
4606
4837
4575
4607
4838
4576
4608
4839
4577
4609
4840
4578
4610
4841
4579
4611
4842
4580
4612
4843
4581
4613
4844
4582
4614
4845
4583
4615
4846
4584
4616
4847
4585
4617
4848
4586
4618
4849
4619
4850
4588
4620
4851
4589
4621
4852
4590
4622
4853
4591
4623
4854
4592
4624
4855
4593
4625
4856
4594
4626
4857
4595
4627
4858
4596
4628
4859
4597
4629
4860
4598
4630
4861
4599
4631
4862
4600
4632
4863
4601
4633
4864
4602
4634
4865
4603
4635
4866
4604
4636
4867
4605
4637
4868
4606
4638
4869
4607
4639
4870
4608
4640
4871
4609
4641
4872
4610
4642
4873
4611
4643
4874
4612
4644
4875
4613
4645
4876
4614
4646
4877
4615
4647
4878
4616
4648
4879
4617
4649
4880
4618
4650
4881
4619
4651
4882
4652
4883
4621
4653
4884
4622
4654
4885
4623
4655
4886
4624
4656
4887
4625
4657
4888
4626
4658
4889
4627
4659
4890
4628
4660
4891
4629
4661
4892
4630
4662
4893
4631
4663
4894
4632
4664
4895
4633
4665
4896
4634
4666
4897
4635
4667
4898
4636
4668
4899
4637
4669
4900
4638
4670
4901
4639
4671
4902
4640
4672
4903
4641
4673
4904
4642
4674
4905
4643
4675
4906
4644
4676
4907
4645
4677
4908
4646
4678
4909
4647
4679
4910
4648
4680
4911
4649
4681
4912
4650
4682
4913
4651
4683
4914
4652
4684
4915
4685
4916
4654
4686
4917
4655
4687
4918
4656
4688
4919
4657
4689
4920
4658
4690
4921
4659
4691
4922
4660
4692
4923
4661
4693
4924
4662
4694
4925
4663
4695
4926
4664
4696
4927
4665
4697
4928
4666
4698
4929
4667
4699
4930
4668
4700
4931
4669
4701
4932
4670
4702
4933
4671
4703
4934
4672
4704
4935
4673
4705
4936
4674
4706
4937
4675
4707
4938
4676
4708
4939
4677
4709
4940
4678
4710
4941
4679
4711
4942
4680
4712
4943
4681
4713
4944
4682
4714
4945
4683
4715
4946
4684
4716
4947
4685
4717
4948
4718
4949
4687
4719
4950
4688
4720
4951
4689
4721
4952
4690
4722
4953
4691
4723
4954
4692
4724
4955
4693
4725
4956
4694
4726
4957
4695
4727
4958
4696
4728
4959
4697
4729
4960
4698
4730
4961
4699
4731
4962
4700
4732
4963
4701
4733
4964
4702
4734
4965
4703
4735
4966
4704
4736
4967
4705
4737
4968
4706
4738
4969
4707
4739
4970
4708
4740
4971
4709
4741
4972
4710
4742
4973
4711
4743
4974
4712
4744
4975
4713
4745
4976
4714
4746
4977
4715
4747
4978
4716
4748
4979
4717
4749
4980
4718
4750
4981
4751
4982
4720
4983
4721
4984
4722
4985
4723
4986
4724
4987
4725
4988
4726
4989
4727
4990
4728
4991
4729
4992
4730
4993
4731
4994
4732
4995
4733
4996
4734
4997
4735
4998
4736
4999
4737
5000
4738
5001
4739
5002
4740
5003
4741
5004
4742
5005
4743
5006
4744
5007
4745
5008
4746
5009
4747
5010
4748
5011
4749
5012
4750
5013
4751
5014
5015
4753
4785
5016
4754
4786
5017
4755
4787
5018
4756
4788
5019
4757
4789
5020
4758
4790
5021
4759
4791
5022
4760
4792
5023
4761
4793
5024
4762
4794
5025
4763
4795
5026
4764
4796
5027
4765
4797
5028
4766
4798
5029
4767
4799
5030
4768
4800
5031
4769
4801
5032
4770
4802
5033
4771
4803
5034
4772
4804
5035
4773
4805
5036
4774
4806
5037
4775
4807
5038
4776
4808
5039
4777
4809
5040
4778
4810
5041
4779
4811
5042
4780
4812
5043
4781
4813
5044
4782
4814
5045
4783
4815
5046
4784
4816
5047
4817
5048
4786
4818
5049
4787
4819
5050
4788
4820
5051
4789
4821
5052
4790
4822
5053
4791
4823
5054
4792
4824
5055
4793
4825
5056
4794
4826
5057
4795
4827
5058
4796
4828
5059
4797
4829
5060
4798
4830
5061
4799
4831
5062
4800
4832
5063
4801
4833
5064
4802
4834
5065
4803
4835
5066
4804
4836
5067
4805
4837
5068
4806
4838
5069
4807
4839
5070
4808
4840
5071
4809
4841
5072
4810
4842
5073
4811
4843
5074
4812
4844
5075
4813
4845
5076
4814
4846
5077
4815
4847
5078
4816
4848
5079
4817
4849
5080
4850
5081
4819
4851
5082
4820
4852
5083
4821
4853
5084
4822
4854
5085
4823
4855
5086
4824
4856
5087
4825
4857
5088
4826
4858
5089
4827
4859
5090
4828
4860
5091
4829
4861
5092
4830
4862
5093
4831
4863
5094
4832
4864
5095
4833
4865
5096
4834
4866
5097
4835
4867
5098
4836
4868
5099
4837
4869
5100
4838
4870
5101
4839
4871
5102
4840
4872
5103
4841
4873
5104
4842
4874
5105
4843
4875
5106
4844
4876
5107
4845
4877
5108
4846
4878
5109
4847
4879
5110
4848
4880
5111
4849
4881
5112
4850
4882
5113
4883
5114
4852
4884
5115
4853
4885
5116
4854
4886
5117
4855
4887
5118
4856
4888
5119
4857
4889
5120
4858
4890
5121
4859
4891
5122
4860
4892
5123
4861
4893
5124
4862
4894
5125
4863
4895
5126
4864
4896
5127
4865
4897
5128
4866
4898
5129
4867
4899
5130
4868
4900
5131
4869
4901
5132
4870
4902
5133
4871
4903
5134
4872
4904
5135
4873
4905
5136
4874
4906
5137
4875
4907
5138
4876
4908
5139
4877
4909
5140
4878
4910
5141
4879
4911
5142
4880
4912
5143
4881
4913
5144
4882
4914
5145
4883
4915
5146
4916
5147
4885
4917
5148
4886
4918
5149
4887
4919
5150
4888
4920
5151
4889
4921
5152
4890
4922
5153
4891
4923
5154
4892
4924
5155
4893
4925
5156
4894
4926
5157
4895
4927
5158
4896
4928
5159
4897
4929
5160
4898
4930
5161
4899
4931
5162
4900
4932
5163
4901
4933
5164
4902
4934
5165
4903
4935
5166
4904
4936
5167
4905
4937
5168
4906
4938
5169
4907
4939
5170
4908
4940
5171
4909
4941
5172
4910
4942
5173
4911
4943
5174
4912
4944
5175
4913
4945
5176
4914
4946
5177
4915
4947
5178
4916
4948
5179
4949
5180
4918
4950
5181
4919
4951
5182
4920
4952
5183
4921
4953
5184
4922
4954
5185
4923
4955
5186
4924
4956
5187
4925
4957
5188
4926
4958
5189
4927
4959
5190
4928
4960
5191
4929
4961
5192
4930
4962
5193
4931
4963
5194
4932
4964
5195
4933
4965
5196
4934
4966
5197
4935
4967
5198
4936
4968
5199
4937
4969
5200
4938
4970
5201
4939
4971
5202
4940
4972
5203
4941
4973
5204
4942
4974
5205
4943
4975
5206
4944
4976
5207
4945
4977
5208
4946
4978
5209
4947
4979
5210
4948
4980
5211
4949
4981
5212
4982
5213
4951
4983
5214
4952
4984
5215
4953
4985
5216
4954
4986
5217
4955
4987
5218
4956
4988
5219
4957
4989
5220
4958
4990
5221
4959
4991
5222
4960
4992
5223
4961
4993
5224
4962
4994
5225
4963
4995
5226
4964
4996
5227
4965
4997
5228
4966
4998
5229
4967
4999
5230
4968
5000
5231
4969
5001
5232
4970
5002
5233
4971
5003
5234
4972
5004
5235
4973
5005
5236
4974
5006
5237
4975
5007
5238
4976
5008
5239
4977
5009
5240
4978
5010
5241
4979
5011
5242
4980
5012
5243
4981
5013
5244
4982
5014
5245
5015
5246
4984
5247
4985
5248
4986
5249
4987
5250
4988
5251
4989
5252
4990
5253
4991
5254
4992
5255
4993
5256
4994
5257
4995
5258
4996
5259
4997
5260
4998
5261
4999
5262
5000
5263
5001
5264
5002
5265
5003
5266
5004
5267
5005
5268
5006
5269
5007
5270
5008
5271
5009
5272
5010
5273
5011
5274
5012
5275
5013
5276
5014
5277
5015
5278
5279
5017
5049
5018
5050
5019
5051
5020
5052
5021
5053
5022
5054
5023
5055
5024
5056
5025
5057
5026
5058
5027
5059
5028
5060
5029
5061
5030
5062
5031
5063
5032
5064
5033
5065
5034
5066
5035
5067
5036
5068
5037
5069
5038
5070
5039
5071
5040
5072
5041
5073
5042
5074
5043
5075
5044
5076
5045
5077
5046
5078
5047
5079
5048
5080
5081
5050
5082
5051
5083
5052
5084
5053
5085
5054
5086
5055
5087
5056
5088
5057
5089
5058
5090
5059
5091
5060
5092
5061
5093
5062
5094
5063
5095
5064
5096
5065
5097
5066
5098
5067
5099
5068
5100
5069
5101
5070
5102
5071
5103
5072
5104
5073
5105
5074
5106
5075
5107
5076
5108
5077
5109
5078
5110
5079
5111
5080
5112
5081
5113
5114
5083
5115
5084
5116
5085
5117
5086
5118
5087
5119
5088
5120
5089
5121
5090
5122
5091
5123
5092
5124
5093
5125
5094
5126
5095
5127
5096
5128
5097
5129
5098
5130
5099
5131
5100
5132
5101
5133
5102
5134
5103
5135
5104
5136
5105
5137
5106
5138
5107
5139
5108
5140
5109
5141
5110
5142
5111
5143
5112
5144
5113
5145
5114
5146
5147
5116
5148
5117
5149
5118
5150
5119
5151
5120
5152
5121
5153
5122
5154
5123
5155
5124
5156
5125
5157
5126
5158
5127
5159
5128
5160
5129
5161
5130
5162
5131
5163
5132
5164
5133
5165
5134
5166
5135
5167
5136
5168
5137
5169
5138
5170
5139
5171
5140
5172
5141
5173
5142
5174
5143
5175
5144
5176
5145
5177
5146
5178
5147
5179
5180
5149
5181
5150
5182
5151
5183
5152
5184
5153
5185
5154
5186
5155
5187
5156
5188
5157
5189
5158
5190
5159
5191
5160
5192
5161
5193
5162
5194
5163
5195
5164
5196
5165
5197
5166
5198
5167
5199
5168
5200
5169
5201
5170
5202
5171
5203
5172
5204
5173
5205
5174
5206
5175
5207
5176
5208
5177
5209
5178
5210
5179
5211
5180
5212
5213
5182
5214
5183
5215
5184
5216
5185
5217
5186
5218
5187
5219
5188
5220
5189
5221
5190
5222
5191
5223
5192
5224
5193
5225
5194
5226
5195
5227
5196
5228
5197
5229
5198
5230
5199
5231
5200
5232
5201
5233
5202
5234
5203
5235
5204
5236
5205
5237
5206
5238
5207
5239
5208
5240
5209
5241
5210
5242
5211
5243
5212
5244
5213
5245
5246
5215
5247
5216
5248
5217
5249
5218
5250
5219
5251
5220
5252
5221
5253
5222
5254
5223
5255
5224
5256
5225
5257
5226
5258
5227
5259
5228
5260
5229
5261
5230
5262
5231
5263
5232
5264
5233
5265
5234
5266
5235
5267
5236
5268
5237
5269
5238
5270
5239
5271
5240
5272
5241
5273
5242
5274
5243
5275
5244
5276
5245
5277
5246
5278
5279
5248
5249
5250
5251
5252
5253
5254
5255
5256
5257
5258
5259
5260
5261
5262
5263
5264
5265
5266
5267
5268
5269
5270
5271
5272
5273
5274
5275
5276
5277
5278
5279
)


// ************************************************************************* //
