/*--------------------------------*- C++ -*----------------------------------*\
| =========                 |                                                 |
| \\      /  F ield         | OpenFOAM: The Open Source CFD Toolbox           |
|  \\    /   O peration     | Version:  2412                                  |
|   \\  /    A nd           | Website:  www.openfoam.com                      |
|    \\/     M anipulation  |                                                 |
\*---------------------------------------------------------------------------*/
FoamFile
{
    version     2.0;
    format      ascii;
    arch        "LSB;label=32;scalar=64";
    class       vectorField;
    location    "constant/polyMesh";
    object      points;
}
// * * * * * * * * * * * * * * * * * * * * * * * * * * * * * * * * * * * * * //


6426
(
(3.35 0 0)
(3.4 0 0)
(3.45 0 0)
(3.5 0 0)
(3.55 0 0)
(3.6 0 0)
(3.65 0 0)
(3.7 0 0)
(3.75 0 0)
(3.8 0 0)
(3.85 0 0)
(3.9 0 0)
(3.95 0 0)
(4 0 0)
(4.05 0 0)
(4.1 0 0)
(4.15 0 0)
(4.2 0 0)
(4.25 0 0)
(4.3 0 0)
(4.35 0 0)
(4.4 0 0)
(4.45 0 0)
(4.5 0 0)
(4.55 0 0)
(4.6 0 0)
(4.65 0 0)
(4.7 0 0)
(4.75 0 0)
(4.8 0 0)
(4.85 0 0)
(4.9 0 0)
(4.95 0 0)
(5 0 0)
(3.35 0.05 0)
(3.4 0.05 0)
(3.45 0.05 0)
(3.5 0.05 0)
(3.55 0.05 0)
(3.6 0.05 0)
(3.65 0.05 0)
(3.7 0.05 0)
(3.75 0.05 0)
(3.8 0.05 0)
(3.85 0.05 0)
(3.9 0.05 0)
(3.95 0.05 0)
(4 0.05 0)
(4.05 0.05 0)
(4.1 0.05 0)
(4.15 0.05 0)
(4.2 0.05 0)
(4.25 0.05 0)
(4.3 0.05 0)
(4.35 0.05 0)
(4.4 0.05 0)
(4.45 0.05 0)
(4.5 0.05 0)
(4.55 0.05 0)
(4.6 0.05 0)
(4.65 0.05 0)
(4.7 0.05 0)
(4.75 0.05 0)
(4.8 0.05 0)
(4.85 0.05 0)
(4.9 0.05 0)
(4.95 0.05 0)
(5 0.05 0)
(3.35 0.1 0)
(3.4 0.1 0)
(3.45 0.1 0)
(3.5 0.1 0)
(3.55 0.1 0)
(3.6 0.1 0)
(3.65 0.1 0)
(3.7 0.1 0)
(3.75 0.1 0)
(3.8 0.1 0)
(3.85 0.1 0)
(3.9 0.1 0)
(3.95 0.1 0)
(4 0.1 0)
(4.05 0.1 0)
(4.1 0.1 0)
(4.15 0.1 0)
(4.2 0.1 0)
(4.25 0.1 0)
(4.3 0.1 0)
(4.35 0.1 0)
(4.4 0.1 0)
(4.45 0.1 0)
(4.5 0.1 0)
(4.55 0.1 0)
(4.6 0.1 0)
(4.65 0.1 0)
(4.7 0.1 0)
(4.75 0.1 0)
(4.8 0.1 0)
(4.85 0.1 0)
(4.9 0.1 0)
(4.95 0.1 0)
(5 0.1 0)
(3.35 0.15 0)
(3.4 0.15 0)
(3.45 0.15 0)
(3.5 0.15 0)
(3.55 0.15 0)
(3.6 0.15 0)
(3.65 0.15 0)
(3.7 0.15 0)
(3.75 0.15 0)
(3.8 0.15 0)
(3.85 0.15 0)
(3.9 0.15 0)
(3.95 0.15 0)
(4 0.15 0)
(4.05 0.15 0)
(4.1 0.15 0)
(4.15 0.15 0)
(4.2 0.15 0)
(4.25 0.15 0)
(4.3 0.15 0)
(4.35 0.15 0)
(4.4 0.15 0)
(4.45 0.15 0)
(4.5 0.15 0)
(4.55 0.15 0)
(4.6 0.15 0)
(4.65 0.15 0)
(4.7 0.15 0)
(4.75 0.15 0)
(4.8 0.15 0)
(4.85 0.15 0)
(4.9 0.15 0)
(4.95 0.15 0)
(5 0.15 0)
(3.35 0.2 0)
(3.4 0.2 0)
(3.45 0.2 0)
(3.5 0.2 0)
(3.55 0.2 0)
(3.6 0.2 0)
(3.65 0.2 0)
(3.7 0.2 0)
(3.75 0.2 0)
(3.8 0.2 0)
(3.85 0.2 0)
(3.9 0.2 0)
(3.95 0.2 0)
(4 0.2 0)
(4.05 0.2 0)
(4.1 0.2 0)
(4.15 0.2 0)
(4.2 0.2 0)
(4.25 0.2 0)
(4.3 0.2 0)
(4.35 0.2 0)
(4.4 0.2 0)
(4.45 0.2 0)
(4.5 0.2 0)
(4.55 0.2 0)
(4.6 0.2 0)
(4.65 0.2 0)
(4.7 0.2 0)
(4.75 0.2 0)
(4.8 0.2 0)
(4.85 0.2 0)
(4.9 0.2 0)
(4.95 0.2 0)
(5 0.2 0)
(3.35 0.25 0)
(3.4 0.25 0)
(3.45 0.25 0)
(3.5 0.25 0)
(3.55 0.25 0)
(3.6 0.25 0)
(3.65 0.25 0)
(3.7 0.25 0)
(3.75 0.25 0)
(3.8 0.25 0)
(3.85 0.25 0)
(3.9 0.25 0)
(3.95 0.25 0)
(4 0.25 0)
(4.05 0.25 0)
(4.1 0.25 0)
(4.15 0.25 0)
(4.2 0.25 0)
(4.25 0.25 0)
(4.3 0.25 0)
(4.35 0.25 0)
(4.4 0.25 0)
(4.45 0.25 0)
(4.5 0.25 0)
(4.55 0.25 0)
(4.6 0.25 0)
(4.65 0.25 0)
(4.7 0.25 0)
(4.75 0.25 0)
(4.8 0.25 0)
(4.85 0.25 0)
(4.9 0.25 0)
(4.95 0.25 0)
(5 0.25 0)
(3.35 0.3 0)
(3.4 0.3 0)
(3.45 0.3 0)
(3.5 0.3 0)
(3.55 0.3 0)
(3.6 0.3 0)
(3.65 0.3 0)
(3.7 0.3 0)
(3.75 0.3 0)
(3.8 0.3 0)
(3.85 0.3 0)
(3.9 0.3 0)
(3.95 0.3 0)
(4 0.3 0)
(4.05 0.3 0)
(4.1 0.3 0)
(4.15 0.3 0)
(4.2 0.3 0)
(4.25 0.3 0)
(4.3 0.3 0)
(4.35 0.3 0)
(4.4 0.3 0)
(4.45 0.3 0)
(4.5 0.3 0)
(4.55 0.3 0)
(4.6 0.3 0)
(4.65 0.3 0)
(4.7 0.3 0)
(4.75 0.3 0)
(4.8 0.3 0)
(4.85 0.3 0)
(4.9 0.3 0)
(4.95 0.3 0)
(5 0.3 0)
(3.35 0.35 0)
(3.4 0.35 0)
(3.45 0.35 0)
(3.5 0.35 0)
(3.55 0.35 0)
(3.6 0.35 0)
(3.65 0.35 0)
(3.7 0.35 0)
(3.75 0.35 0)
(3.8 0.35 0)
(3.85 0.35 0)
(3.9 0.35 0)
(3.95 0.35 0)
(4 0.35 0)
(4.05 0.35 0)
(4.1 0.35 0)
(4.15 0.35 0)
(4.2 0.35 0)
(4.25 0.35 0)
(4.3 0.35 0)
(4.35 0.35 0)
(4.4 0.35 0)
(4.45 0.35 0)
(4.5 0.35 0)
(4.55 0.35 0)
(4.6 0.35 0)
(4.65 0.35 0)
(4.7 0.35 0)
(4.75 0.35 0)
(4.8 0.35 0)
(4.85 0.35 0)
(4.9 0.35 0)
(4.95 0.35 0)
(5 0.35 0)
(3.35 0.4 0)
(3.4 0.4 0)
(3.45 0.4 0)
(3.5 0.4 0)
(3.55 0.4 0)
(3.6 0.4 0)
(3.65 0.4 0)
(3.7 0.4 0)
(3.75 0.4 0)
(3.8 0.4 0)
(3.85 0.4 0)
(3.9 0.4 0)
(3.95 0.4 0)
(4 0.4 0)
(4.05 0.4 0)
(4.1 0.4 0)
(4.15 0.4 0)
(4.2 0.4 0)
(4.25 0.4 0)
(4.3 0.4 0)
(4.35 0.4 0)
(4.4 0.4 0)
(4.45 0.4 0)
(4.5 0.4 0)
(4.55 0.4 0)
(4.6 0.4 0)
(4.65 0.4 0)
(4.7 0.4 0)
(4.75 0.4 0)
(4.8 0.4 0)
(4.85 0.4 0)
(4.9 0.4 0)
(4.95 0.4 0)
(5 0.4 0)
(3.35 0 0.05)
(3.4 0 0.05)
(3.45 0 0.05)
(3.5 0 0.05)
(3.55 0 0.05)
(3.6 0 0.05)
(3.65 0 0.05)
(3.7 0 0.05)
(3.75 0 0.05)
(3.8 0 0.05)
(3.85 0 0.05)
(3.9 0 0.05)
(3.95 0 0.05)
(4 0 0.05)
(4.05 0 0.05)
(4.1 0 0.05)
(4.15 0 0.05)
(4.2 0 0.05)
(4.25 0 0.05)
(4.3 0 0.05)
(4.35 0 0.05)
(4.4 0 0.05)
(4.45 0 0.05)
(4.5 0 0.05)
(4.55 0 0.05)
(4.6 0 0.05)
(4.65 0 0.05)
(4.7 0 0.05)
(4.75 0 0.05)
(4.8 0 0.05)
(4.85 0 0.05)
(4.9 0 0.05)
(4.95 0 0.05)
(5 0 0.05)
(3.35 0.05 0.05)
(3.4 0.05 0.05)
(3.45 0.05 0.05)
(3.5 0.05 0.05)
(3.55 0.05 0.05)
(3.6 0.05 0.05)
(3.65 0.05 0.05)
(3.7 0.05 0.05)
(3.75 0.05 0.05)
(3.8 0.05 0.05)
(3.85 0.05 0.05)
(3.9 0.05 0.05)
(3.95 0.05 0.05)
(4 0.05 0.05)
(4.05 0.05 0.05)
(4.1 0.05 0.05)
(4.15 0.05 0.05)
(4.2 0.05 0.05)
(4.25 0.05 0.05)
(4.3 0.05 0.05)
(4.35 0.05 0.05)
(4.4 0.05 0.05)
(4.45 0.05 0.05)
(4.5 0.05 0.05)
(4.55 0.05 0.05)
(4.6 0.05 0.05)
(4.65 0.05 0.05)
(4.7 0.05 0.05)
(4.75 0.05 0.05)
(4.8 0.05 0.05)
(4.85 0.05 0.05)
(4.9 0.05 0.05)
(4.95 0.05 0.05)
(5 0.05 0.05)
(3.35 0.1 0.05)
(3.4 0.1 0.05)
(3.45 0.1 0.05)
(3.5 0.1 0.05)
(3.55 0.1 0.05)
(3.6 0.1 0.05)
(3.65 0.1 0.05)
(3.7 0.1 0.05)
(3.75 0.1 0.05)
(3.8 0.1 0.05)
(3.85 0.1 0.05)
(3.9 0.1 0.05)
(3.95 0.1 0.05)
(4 0.1 0.05)
(4.05 0.1 0.05)
(4.1 0.1 0.05)
(4.15 0.1 0.05)
(4.2 0.1 0.05)
(4.25 0.1 0.05)
(4.3 0.1 0.05)
(4.35 0.1 0.05)
(4.4 0.1 0.05)
(4.45 0.1 0.05)
(4.5 0.1 0.05)
(4.55 0.1 0.05)
(4.6 0.1 0.05)
(4.65 0.1 0.05)
(4.7 0.1 0.05)
(4.75 0.1 0.05)
(4.8 0.1 0.05)
(4.85 0.1 0.05)
(4.9 0.1 0.05)
(4.95 0.1 0.05)
(5 0.1 0.05)
(3.35 0.15 0.05)
(3.4 0.15 0.05)
(3.45 0.15 0.05)
(3.5 0.15 0.05)
(3.55 0.15 0.05)
(3.6 0.15 0.05)
(3.65 0.15 0.05)
(3.7 0.15 0.05)
(3.75 0.15 0.05)
(3.8 0.15 0.05)
(3.85 0.15 0.05)
(3.9 0.15 0.05)
(3.95 0.15 0.05)
(4 0.15 0.05)
(4.05 0.15 0.05)
(4.1 0.15 0.05)
(4.15 0.15 0.05)
(4.2 0.15 0.05)
(4.25 0.15 0.05)
(4.3 0.15 0.05)
(4.35 0.15 0.05)
(4.4 0.15 0.05)
(4.45 0.15 0.05)
(4.5 0.15 0.05)
(4.55 0.15 0.05)
(4.6 0.15 0.05)
(4.65 0.15 0.05)
(4.7 0.15 0.05)
(4.75 0.15 0.05)
(4.8 0.15 0.05)
(4.85 0.15 0.05)
(4.9 0.15 0.05)
(4.95 0.15 0.05)
(5 0.15 0.05)
(3.35 0.2 0.05)
(3.4 0.2 0.05)
(3.45 0.2 0.05)
(3.5 0.2 0.05)
(3.55 0.2 0.05)
(3.6 0.2 0.05)
(3.65 0.2 0.05)
(3.7 0.2 0.05)
(3.75 0.2 0.05)
(3.8 0.2 0.05)
(3.85 0.2 0.05)
(3.9 0.2 0.05)
(3.95 0.2 0.05)
(4 0.2 0.05)
(4.05 0.2 0.05)
(4.1 0.2 0.05)
(4.15 0.2 0.05)
(4.2 0.2 0.05)
(4.25 0.2 0.05)
(4.3 0.2 0.05)
(4.35 0.2 0.05)
(4.4 0.2 0.05)
(4.45 0.2 0.05)
(4.5 0.2 0.05)
(4.55 0.2 0.05)
(4.6 0.2 0.05)
(4.65 0.2 0.05)
(4.7 0.2 0.05)
(4.75 0.2 0.05)
(4.8 0.2 0.05)
(4.85 0.2 0.05)
(4.9 0.2 0.05)
(4.95 0.2 0.05)
(5 0.2 0.05)
(3.35 0.25 0.05)
(3.4 0.25 0.05)
(3.45 0.25 0.05)
(3.5 0.25 0.05)
(3.55 0.25 0.05)
(3.6 0.25 0.05)
(3.65 0.25 0.05)
(3.7 0.25 0.05)
(3.75 0.25 0.05)
(3.8 0.25 0.05)
(3.85 0.25 0.05)
(3.9 0.25 0.05)
(3.95 0.25 0.05)
(4 0.25 0.05)
(4.05 0.25 0.05)
(4.1 0.25 0.05)
(4.15 0.25 0.05)
(4.2 0.25 0.05)
(4.25 0.25 0.05)
(4.3 0.25 0.05)
(4.35 0.25 0.05)
(4.4 0.25 0.05)
(4.45 0.25 0.05)
(4.5 0.25 0.05)
(4.55 0.25 0.05)
(4.6 0.25 0.05)
(4.65 0.25 0.05)
(4.7 0.25 0.05)
(4.75 0.25 0.05)
(4.8 0.25 0.05)
(4.85 0.25 0.05)
(4.9 0.25 0.05)
(4.95 0.25 0.05)
(5 0.25 0.05)
(3.35 0.3 0.05)
(3.4 0.3 0.05)
(3.45 0.3 0.05)
(3.5 0.3 0.05)
(3.55 0.3 0.05)
(3.6 0.3 0.05)
(3.65 0.3 0.05)
(3.7 0.3 0.05)
(3.75 0.3 0.05)
(3.8 0.3 0.05)
(3.85 0.3 0.05)
(3.9 0.3 0.05)
(3.95 0.3 0.05)
(4 0.3 0.05)
(4.05 0.3 0.05)
(4.1 0.3 0.05)
(4.15 0.3 0.05)
(4.2 0.3 0.05)
(4.25 0.3 0.05)
(4.3 0.3 0.05)
(4.35 0.3 0.05)
(4.4 0.3 0.05)
(4.45 0.3 0.05)
(4.5 0.3 0.05)
(4.55 0.3 0.05)
(4.6 0.3 0.05)
(4.65 0.3 0.05)
(4.7 0.3 0.05)
(4.75 0.3 0.05)
(4.8 0.3 0.05)
(4.85 0.3 0.05)
(4.9 0.3 0.05)
(4.95 0.3 0.05)
(5 0.3 0.05)
(3.35 0.35 0.05)
(3.4 0.35 0.05)
(3.45 0.35 0.05)
(3.5 0.35 0.05)
(3.55 0.35 0.05)
(3.6 0.35 0.05)
(3.65 0.35 0.05)
(3.7 0.35 0.05)
(3.75 0.35 0.05)
(3.8 0.35 0.05)
(3.85 0.35 0.05)
(3.9 0.35 0.05)
(3.95 0.35 0.05)
(4 0.35 0.05)
(4.05 0.35 0.05)
(4.1 0.35 0.05)
(4.15 0.35 0.05)
(4.2 0.35 0.05)
(4.25 0.35 0.05)
(4.3 0.35 0.05)
(4.35 0.35 0.05)
(4.4 0.35 0.05)
(4.45 0.35 0.05)
(4.5 0.35 0.05)
(4.55 0.35 0.05)
(4.6 0.35 0.05)
(4.65 0.35 0.05)
(4.7 0.35 0.05)
(4.75 0.35 0.05)
(4.8 0.35 0.05)
(4.85 0.35 0.05)
(4.9 0.35 0.05)
(4.95 0.35 0.05)
(5 0.35 0.05)
(3.35 0.4 0.05)
(3.4 0.4 0.05)
(3.45 0.4 0.05)
(3.5 0.4 0.05)
(3.55 0.4 0.05)
(3.6 0.4 0.05)
(3.65 0.4 0.05)
(3.7 0.4 0.05)
(3.75 0.4 0.05)
(3.8 0.4 0.05)
(3.85 0.4 0.05)
(3.9 0.4 0.05)
(3.95 0.4 0.05)
(4 0.4 0.05)
(4.05 0.4 0.05)
(4.1 0.4 0.05)
(4.15 0.4 0.05)
(4.2 0.4 0.05)
(4.25 0.4 0.05)
(4.3 0.4 0.05)
(4.35 0.4 0.05)
(4.4 0.4 0.05)
(4.45 0.4 0.05)
(4.5 0.4 0.05)
(4.55 0.4 0.05)
(4.6 0.4 0.05)
(4.65 0.4 0.05)
(4.7 0.4 0.05)
(4.75 0.4 0.05)
(4.8 0.4 0.05)
(4.85 0.4 0.05)
(4.9 0.4 0.05)
(4.95 0.4 0.05)
(5 0.4 0.05)
(3.35 0 0.1)
(3.4 0 0.1)
(3.45 0 0.1)
(3.5 0 0.1)
(3.55 0 0.1)
(3.6 0 0.1)
(3.65 0 0.1)
(3.7 0 0.1)
(3.75 0 0.1)
(3.8 0 0.1)
(3.85 0 0.1)
(3.9 0 0.1)
(3.95 0 0.1)
(4 0 0.1)
(4.05 0 0.1)
(4.1 0 0.1)
(4.15 0 0.1)
(4.2 0 0.1)
(4.25 0 0.1)
(4.3 0 0.1)
(4.35 0 0.1)
(4.4 0 0.1)
(4.45 0 0.1)
(4.5 0 0.1)
(4.55 0 0.1)
(4.6 0 0.1)
(4.65 0 0.1)
(4.7 0 0.1)
(4.75 0 0.1)
(4.8 0 0.1)
(4.85 0 0.1)
(4.9 0 0.1)
(4.95 0 0.1)
(5 0 0.1)
(3.35 0.05 0.1)
(3.4 0.05 0.1)
(3.45 0.05 0.1)
(3.5 0.05 0.1)
(3.55 0.05 0.1)
(3.6 0.05 0.1)
(3.65 0.05 0.1)
(3.7 0.05 0.1)
(3.75 0.05 0.1)
(3.8 0.05 0.1)
(3.85 0.05 0.1)
(3.9 0.05 0.1)
(3.95 0.05 0.1)
(4 0.05 0.1)
(4.05 0.05 0.1)
(4.1 0.05 0.1)
(4.15 0.05 0.1)
(4.2 0.05 0.1)
(4.25 0.05 0.1)
(4.3 0.05 0.1)
(4.35 0.05 0.1)
(4.4 0.05 0.1)
(4.45 0.05 0.1)
(4.5 0.05 0.1)
(4.55 0.05 0.1)
(4.6 0.05 0.1)
(4.65 0.05 0.1)
(4.7 0.05 0.1)
(4.75 0.05 0.1)
(4.8 0.05 0.1)
(4.85 0.05 0.1)
(4.9 0.05 0.1)
(4.95 0.05 0.1)
(5 0.05 0.1)
(3.35 0.1 0.1)
(3.4 0.1 0.1)
(3.45 0.1 0.1)
(3.5 0.1 0.1)
(3.55 0.1 0.1)
(3.6 0.1 0.1)
(3.65 0.1 0.1)
(3.7 0.1 0.1)
(3.75 0.1 0.1)
(3.8 0.1 0.1)
(3.85 0.1 0.1)
(3.9 0.1 0.1)
(3.95 0.1 0.1)
(4 0.1 0.1)
(4.05 0.1 0.1)
(4.1 0.1 0.1)
(4.15 0.1 0.1)
(4.2 0.1 0.1)
(4.25 0.1 0.1)
(4.3 0.1 0.1)
(4.35 0.1 0.1)
(4.4 0.1 0.1)
(4.45 0.1 0.1)
(4.5 0.1 0.1)
(4.55 0.1 0.1)
(4.6 0.1 0.1)
(4.65 0.1 0.1)
(4.7 0.1 0.1)
(4.75 0.1 0.1)
(4.8 0.1 0.1)
(4.85 0.1 0.1)
(4.9 0.1 0.1)
(4.95 0.1 0.1)
(5 0.1 0.1)
(3.35 0.15 0.1)
(3.4 0.15 0.1)
(3.45 0.15 0.1)
(3.5 0.15 0.1)
(3.55 0.15 0.1)
(3.6 0.15 0.1)
(3.65 0.15 0.1)
(3.7 0.15 0.1)
(3.75 0.15 0.1)
(3.8 0.15 0.1)
(3.85 0.15 0.1)
(3.9 0.15 0.1)
(3.95 0.15 0.1)
(4 0.15 0.1)
(4.05 0.15 0.1)
(4.1 0.15 0.1)
(4.15 0.15 0.1)
(4.2 0.15 0.1)
(4.25 0.15 0.1)
(4.3 0.15 0.1)
(4.35 0.15 0.1)
(4.4 0.15 0.1)
(4.45 0.15 0.1)
(4.5 0.15 0.1)
(4.55 0.15 0.1)
(4.6 0.15 0.1)
(4.65 0.15 0.1)
(4.7 0.15 0.1)
(4.75 0.15 0.1)
(4.8 0.15 0.1)
(4.85 0.15 0.1)
(4.9 0.15 0.1)
(4.95 0.15 0.1)
(5 0.15 0.1)
(3.35 0.2 0.1)
(3.4 0.2 0.1)
(3.45 0.2 0.1)
(3.5 0.2 0.1)
(3.55 0.2 0.1)
(3.6 0.2 0.1)
(3.65 0.2 0.1)
(3.7 0.2 0.1)
(3.75 0.2 0.1)
(3.8 0.2 0.1)
(3.85 0.2 0.1)
(3.9 0.2 0.1)
(3.95 0.2 0.1)
(4 0.2 0.1)
(4.05 0.2 0.1)
(4.1 0.2 0.1)
(4.15 0.2 0.1)
(4.2 0.2 0.1)
(4.25 0.2 0.1)
(4.3 0.2 0.1)
(4.35 0.2 0.1)
(4.4 0.2 0.1)
(4.45 0.2 0.1)
(4.5 0.2 0.1)
(4.55 0.2 0.1)
(4.6 0.2 0.1)
(4.65 0.2 0.1)
(4.7 0.2 0.1)
(4.75 0.2 0.1)
(4.8 0.2 0.1)
(4.85 0.2 0.1)
(4.9 0.2 0.1)
(4.95 0.2 0.1)
(5 0.2 0.1)
(3.35 0.25 0.1)
(3.4 0.25 0.1)
(3.45 0.25 0.1)
(3.5 0.25 0.1)
(3.55 0.25 0.1)
(3.6 0.25 0.1)
(3.65 0.25 0.1)
(3.7 0.25 0.1)
(3.75 0.25 0.1)
(3.8 0.25 0.1)
(3.85 0.25 0.1)
(3.9 0.25 0.1)
(3.95 0.25 0.1)
(4 0.25 0.1)
(4.05 0.25 0.1)
(4.1 0.25 0.1)
(4.15 0.25 0.1)
(4.2 0.25 0.1)
(4.25 0.25 0.1)
(4.3 0.25 0.1)
(4.35 0.25 0.1)
(4.4 0.25 0.1)
(4.45 0.25 0.1)
(4.5 0.25 0.1)
(4.55 0.25 0.1)
(4.6 0.25 0.1)
(4.65 0.25 0.1)
(4.7 0.25 0.1)
(4.75 0.25 0.1)
(4.8 0.25 0.1)
(4.85 0.25 0.1)
(4.9 0.25 0.1)
(4.95 0.25 0.1)
(5 0.25 0.1)
(3.35 0.3 0.1)
(3.4 0.3 0.1)
(3.45 0.3 0.1)
(3.5 0.3 0.1)
(3.55 0.3 0.1)
(3.6 0.3 0.1)
(3.65 0.3 0.1)
(3.7 0.3 0.1)
(3.75 0.3 0.1)
(3.8 0.3 0.1)
(3.85 0.3 0.1)
(3.9 0.3 0.1)
(3.95 0.3 0.1)
(4 0.3 0.1)
(4.05 0.3 0.1)
(4.1 0.3 0.1)
(4.15 0.3 0.1)
(4.2 0.3 0.1)
(4.25 0.3 0.1)
(4.3 0.3 0.1)
(4.35 0.3 0.1)
(4.4 0.3 0.1)
(4.45 0.3 0.1)
(4.5 0.3 0.1)
(4.55 0.3 0.1)
(4.6 0.3 0.1)
(4.65 0.3 0.1)
(4.7 0.3 0.1)
(4.75 0.3 0.1)
(4.8 0.3 0.1)
(4.85 0.3 0.1)
(4.9 0.3 0.1)
(4.95 0.3 0.1)
(5 0.3 0.1)
(3.35 0.35 0.1)
(3.4 0.35 0.1)
(3.45 0.35 0.1)
(3.5 0.35 0.1)
(3.55 0.35 0.1)
(3.6 0.35 0.1)
(3.65 0.35 0.1)
(3.7 0.35 0.1)
(3.75 0.35 0.1)
(3.8 0.35 0.1)
(3.85 0.35 0.1)
(3.9 0.35 0.1)
(3.95 0.35 0.1)
(4 0.35 0.1)
(4.05 0.35 0.1)
(4.1 0.35 0.1)
(4.15 0.35 0.1)
(4.2 0.35 0.1)
(4.25 0.35 0.1)
(4.3 0.35 0.1)
(4.35 0.35 0.1)
(4.4 0.35 0.1)
(4.45 0.35 0.1)
(4.5 0.35 0.1)
(4.55 0.35 0.1)
(4.6 0.35 0.1)
(4.65 0.35 0.1)
(4.7 0.35 0.1)
(4.75 0.35 0.1)
(4.8 0.35 0.1)
(4.85 0.35 0.1)
(4.9 0.35 0.1)
(4.95 0.35 0.1)
(5 0.35 0.1)
(3.35 0.4 0.1)
(3.4 0.4 0.1)
(3.45 0.4 0.1)
(3.5 0.4 0.1)
(3.55 0.4 0.1)
(3.6 0.4 0.1)
(3.65 0.4 0.1)
(3.7 0.4 0.1)
(3.75 0.4 0.1)
(3.8 0.4 0.1)
(3.85 0.4 0.1)
(3.9 0.4 0.1)
(3.95 0.4 0.1)
(4 0.4 0.1)
(4.05 0.4 0.1)
(4.1 0.4 0.1)
(4.15 0.4 0.1)
(4.2 0.4 0.1)
(4.25 0.4 0.1)
(4.3 0.4 0.1)
(4.35 0.4 0.1)
(4.4 0.4 0.1)
(4.45 0.4 0.1)
(4.5 0.4 0.1)
(4.55 0.4 0.1)
(4.6 0.4 0.1)
(4.65 0.4 0.1)
(4.7 0.4 0.1)
(4.75 0.4 0.1)
(4.8 0.4 0.1)
(4.85 0.4 0.1)
(4.9 0.4 0.1)
(4.95 0.4 0.1)
(5 0.4 0.1)
(3.35 0 0.15)
(3.4 0 0.15)
(3.45 0 0.15)
(3.5 0 0.15)
(3.55 0 0.15)
(3.6 0 0.15)
(3.65 0 0.15)
(3.7 0 0.15)
(3.75 0 0.15)
(3.8 0 0.15)
(3.85 0 0.15)
(3.9 0 0.15)
(3.95 0 0.15)
(4 0 0.15)
(4.05 0 0.15)
(4.1 0 0.15)
(4.15 0 0.15)
(4.2 0 0.15)
(4.25 0 0.15)
(4.3 0 0.15)
(4.35 0 0.15)
(4.4 0 0.15)
(4.45 0 0.15)
(4.5 0 0.15)
(4.55 0 0.15)
(4.6 0 0.15)
(4.65 0 0.15)
(4.7 0 0.15)
(4.75 0 0.15)
(4.8 0 0.15)
(4.85 0 0.15)
(4.9 0 0.15)
(4.95 0 0.15)
(5 0 0.15)
(3.35 0.05 0.15)
(3.4 0.05 0.15)
(3.45 0.05 0.15)
(3.5 0.05 0.15)
(3.55 0.05 0.15)
(3.6 0.05 0.15)
(3.65 0.05 0.15)
(3.7 0.05 0.15)
(3.75 0.05 0.15)
(3.8 0.05 0.15)
(3.85 0.05 0.15)
(3.9 0.05 0.15)
(3.95 0.05 0.15)
(4 0.05 0.15)
(4.05 0.05 0.15)
(4.1 0.05 0.15)
(4.15 0.05 0.15)
(4.2 0.05 0.15)
(4.25 0.05 0.15)
(4.3 0.05 0.15)
(4.35 0.05 0.15)
(4.4 0.05 0.15)
(4.45 0.05 0.15)
(4.5 0.05 0.15)
(4.55 0.05 0.15)
(4.6 0.05 0.15)
(4.65 0.05 0.15)
(4.7 0.05 0.15)
(4.75 0.05 0.15)
(4.8 0.05 0.15)
(4.85 0.05 0.15)
(4.9 0.05 0.15)
(4.95 0.05 0.15)
(5 0.05 0.15)
(3.35 0.1 0.15)
(3.4 0.1 0.15)
(3.45 0.1 0.15)
(3.5 0.1 0.15)
(3.55 0.1 0.15)
(3.6 0.1 0.15)
(3.65 0.1 0.15)
(3.7 0.1 0.15)
(3.75 0.1 0.15)
(3.8 0.1 0.15)
(3.85 0.1 0.15)
(3.9 0.1 0.15)
(3.95 0.1 0.15)
(4 0.1 0.15)
(4.05 0.1 0.15)
(4.1 0.1 0.15)
(4.15 0.1 0.15)
(4.2 0.1 0.15)
(4.25 0.1 0.15)
(4.3 0.1 0.15)
(4.35 0.1 0.15)
(4.4 0.1 0.15)
(4.45 0.1 0.15)
(4.5 0.1 0.15)
(4.55 0.1 0.15)
(4.6 0.1 0.15)
(4.65 0.1 0.15)
(4.7 0.1 0.15)
(4.75 0.1 0.15)
(4.8 0.1 0.15)
(4.85 0.1 0.15)
(4.9 0.1 0.15)
(4.95 0.1 0.15)
(5 0.1 0.15)
(3.35 0.15 0.15)
(3.4 0.15 0.15)
(3.45 0.15 0.15)
(3.5 0.15 0.15)
(3.55 0.15 0.15)
(3.6 0.15 0.15)
(3.65 0.15 0.15)
(3.7 0.15 0.15)
(3.75 0.15 0.15)
(3.8 0.15 0.15)
(3.85 0.15 0.15)
(3.9 0.15 0.15)
(3.95 0.15 0.15)
(4 0.15 0.15)
(4.05 0.15 0.15)
(4.1 0.15 0.15)
(4.15 0.15 0.15)
(4.2 0.15 0.15)
(4.25 0.15 0.15)
(4.3 0.15 0.15)
(4.35 0.15 0.15)
(4.4 0.15 0.15)
(4.45 0.15 0.15)
(4.5 0.15 0.15)
(4.55 0.15 0.15)
(4.6 0.15 0.15)
(4.65 0.15 0.15)
(4.7 0.15 0.15)
(4.75 0.15 0.15)
(4.8 0.15 0.15)
(4.85 0.15 0.15)
(4.9 0.15 0.15)
(4.95 0.15 0.15)
(5 0.15 0.15)
(3.35 0.2 0.15)
(3.4 0.2 0.15)
(3.45 0.2 0.15)
(3.5 0.2 0.15)
(3.55 0.2 0.15)
(3.6 0.2 0.15)
(3.65 0.2 0.15)
(3.7 0.2 0.15)
(3.75 0.2 0.15)
(3.8 0.2 0.15)
(3.85 0.2 0.15)
(3.9 0.2 0.15)
(3.95 0.2 0.15)
(4 0.2 0.15)
(4.05 0.2 0.15)
(4.1 0.2 0.15)
(4.15 0.2 0.15)
(4.2 0.2 0.15)
(4.25 0.2 0.15)
(4.3 0.2 0.15)
(4.35 0.2 0.15)
(4.4 0.2 0.15)
(4.45 0.2 0.15)
(4.5 0.2 0.15)
(4.55 0.2 0.15)
(4.6 0.2 0.15)
(4.65 0.2 0.15)
(4.7 0.2 0.15)
(4.75 0.2 0.15)
(4.8 0.2 0.15)
(4.85 0.2 0.15)
(4.9 0.2 0.15)
(4.95 0.2 0.15)
(5 0.2 0.15)
(3.35 0.25 0.15)
(3.4 0.25 0.15)
(3.45 0.25 0.15)
(3.5 0.25 0.15)
(3.55 0.25 0.15)
(3.6 0.25 0.15)
(3.65 0.25 0.15)
(3.7 0.25 0.15)
(3.75 0.25 0.15)
(3.8 0.25 0.15)
(3.85 0.25 0.15)
(3.9 0.25 0.15)
(3.95 0.25 0.15)
(4 0.25 0.15)
(4.05 0.25 0.15)
(4.1 0.25 0.15)
(4.15 0.25 0.15)
(4.2 0.25 0.15)
(4.25 0.25 0.15)
(4.3 0.25 0.15)
(4.35 0.25 0.15)
(4.4 0.25 0.15)
(4.45 0.25 0.15)
(4.5 0.25 0.15)
(4.55 0.25 0.15)
(4.6 0.25 0.15)
(4.65 0.25 0.15)
(4.7 0.25 0.15)
(4.75 0.25 0.15)
(4.8 0.25 0.15)
(4.85 0.25 0.15)
(4.9 0.25 0.15)
(4.95 0.25 0.15)
(5 0.25 0.15)
(3.35 0.3 0.15)
(3.4 0.3 0.15)
(3.45 0.3 0.15)
(3.5 0.3 0.15)
(3.55 0.3 0.15)
(3.6 0.3 0.15)
(3.65 0.3 0.15)
(3.7 0.3 0.15)
(3.75 0.3 0.15)
(3.8 0.3 0.15)
(3.85 0.3 0.15)
(3.9 0.3 0.15)
(3.95 0.3 0.15)
(4 0.3 0.15)
(4.05 0.3 0.15)
(4.1 0.3 0.15)
(4.15 0.3 0.15)
(4.2 0.3 0.15)
(4.25 0.3 0.15)
(4.3 0.3 0.15)
(4.35 0.3 0.15)
(4.4 0.3 0.15)
(4.45 0.3 0.15)
(4.5 0.3 0.15)
(4.55 0.3 0.15)
(4.6 0.3 0.15)
(4.65 0.3 0.15)
(4.7 0.3 0.15)
(4.75 0.3 0.15)
(4.8 0.3 0.15)
(4.85 0.3 0.15)
(4.9 0.3 0.15)
(4.95 0.3 0.15)
(5 0.3 0.15)
(3.35 0.35 0.15)
(3.4 0.35 0.15)
(3.45 0.35 0.15)
(3.5 0.35 0.15)
(3.55 0.35 0.15)
(3.6 0.35 0.15)
(3.65 0.35 0.15)
(3.7 0.35 0.15)
(3.75 0.35 0.15)
(3.8 0.35 0.15)
(3.85 0.35 0.15)
(3.9 0.35 0.15)
(3.95 0.35 0.15)
(4 0.35 0.15)
(4.05 0.35 0.15)
(4.1 0.35 0.15)
(4.15 0.35 0.15)
(4.2 0.35 0.15)
(4.25 0.35 0.15)
(4.3 0.35 0.15)
(4.35 0.35 0.15)
(4.4 0.35 0.15)
(4.45 0.35 0.15)
(4.5 0.35 0.15)
(4.55 0.35 0.15)
(4.6 0.35 0.15)
(4.65 0.35 0.15)
(4.7 0.35 0.15)
(4.75 0.35 0.15)
(4.8 0.35 0.15)
(4.85 0.35 0.15)
(4.9 0.35 0.15)
(4.95 0.35 0.15)
(5 0.35 0.15)
(3.35 0.4 0.15)
(3.4 0.4 0.15)
(3.45 0.4 0.15)
(3.5 0.4 0.15)
(3.55 0.4 0.15)
(3.6 0.4 0.15)
(3.65 0.4 0.15)
(3.7 0.4 0.15)
(3.75 0.4 0.15)
(3.8 0.4 0.15)
(3.85 0.4 0.15)
(3.9 0.4 0.15)
(3.95 0.4 0.15)
(4 0.4 0.15)
(4.05 0.4 0.15)
(4.1 0.4 0.15)
(4.15 0.4 0.15)
(4.2 0.4 0.15)
(4.25 0.4 0.15)
(4.3 0.4 0.15)
(4.35 0.4 0.15)
(4.4 0.4 0.15)
(4.45 0.4 0.15)
(4.5 0.4 0.15)
(4.55 0.4 0.15)
(4.6 0.4 0.15)
(4.65 0.4 0.15)
(4.7 0.4 0.15)
(4.75 0.4 0.15)
(4.8 0.4 0.15)
(4.85 0.4 0.15)
(4.9 0.4 0.15)
(4.95 0.4 0.15)
(5 0.4 0.15)
(3.35 0 0.2)
(3.4 0 0.2)
(3.45 0 0.2)
(3.5 0 0.2)
(3.55 0 0.2)
(3.6 0 0.2)
(3.65 0 0.2)
(3.7 0 0.2)
(3.75 0 0.2)
(3.8 0 0.2)
(3.85 0 0.2)
(3.9 0 0.2)
(3.95 0 0.2)
(4 0 0.2)
(4.05 0 0.2)
(4.1 0 0.2)
(4.15 0 0.2)
(4.2 0 0.2)
(4.25 0 0.2)
(4.3 0 0.2)
(4.35 0 0.2)
(4.4 0 0.2)
(4.45 0 0.2)
(4.5 0 0.2)
(4.55 0 0.2)
(4.6 0 0.2)
(4.65 0 0.2)
(4.7 0 0.2)
(4.75 0 0.2)
(4.8 0 0.2)
(4.85 0 0.2)
(4.9 0 0.2)
(4.95 0 0.2)
(5 0 0.2)
(3.35 0.05 0.2)
(3.4 0.05 0.2)
(3.45 0.05 0.2)
(3.5 0.05 0.2)
(3.55 0.05 0.2)
(3.6 0.05 0.2)
(3.65 0.05 0.2)
(3.7 0.05 0.2)
(3.75 0.05 0.2)
(3.8 0.05 0.2)
(3.85 0.05 0.2)
(3.9 0.05 0.2)
(3.95 0.05 0.2)
(4 0.05 0.2)
(4.05 0.05 0.2)
(4.1 0.05 0.2)
(4.15 0.05 0.2)
(4.2 0.05 0.2)
(4.25 0.05 0.2)
(4.3 0.05 0.2)
(4.35 0.05 0.2)
(4.4 0.05 0.2)
(4.45 0.05 0.2)
(4.5 0.05 0.2)
(4.55 0.05 0.2)
(4.6 0.05 0.2)
(4.65 0.05 0.2)
(4.7 0.05 0.2)
(4.75 0.05 0.2)
(4.8 0.05 0.2)
(4.85 0.05 0.2)
(4.9 0.05 0.2)
(4.95 0.05 0.2)
(5 0.05 0.2)
(3.35 0.1 0.2)
(3.4 0.1 0.2)
(3.45 0.1 0.2)
(3.5 0.1 0.2)
(3.55 0.1 0.2)
(3.6 0.1 0.2)
(3.65 0.1 0.2)
(3.7 0.1 0.2)
(3.75 0.1 0.2)
(3.8 0.1 0.2)
(3.85 0.1 0.2)
(3.9 0.1 0.2)
(3.95 0.1 0.2)
(4 0.1 0.2)
(4.05 0.1 0.2)
(4.1 0.1 0.2)
(4.15 0.1 0.2)
(4.2 0.1 0.2)
(4.25 0.1 0.2)
(4.3 0.1 0.2)
(4.35 0.1 0.2)
(4.4 0.1 0.2)
(4.45 0.1 0.2)
(4.5 0.1 0.2)
(4.55 0.1 0.2)
(4.6 0.1 0.2)
(4.65 0.1 0.2)
(4.7 0.1 0.2)
(4.75 0.1 0.2)
(4.8 0.1 0.2)
(4.85 0.1 0.2)
(4.9 0.1 0.2)
(4.95 0.1 0.2)
(5 0.1 0.2)
(3.35 0.15 0.2)
(3.4 0.15 0.2)
(3.45 0.15 0.2)
(3.5 0.15 0.2)
(3.55 0.15 0.2)
(3.6 0.15 0.2)
(3.65 0.15 0.2)
(3.7 0.15 0.2)
(3.75 0.15 0.2)
(3.8 0.15 0.2)
(3.85 0.15 0.2)
(3.9 0.15 0.2)
(3.95 0.15 0.2)
(4 0.15 0.2)
(4.05 0.15 0.2)
(4.1 0.15 0.2)
(4.15 0.15 0.2)
(4.2 0.15 0.2)
(4.25 0.15 0.2)
(4.3 0.15 0.2)
(4.35 0.15 0.2)
(4.4 0.15 0.2)
(4.45 0.15 0.2)
(4.5 0.15 0.2)
(4.55 0.15 0.2)
(4.6 0.15 0.2)
(4.65 0.15 0.2)
(4.7 0.15 0.2)
(4.75 0.15 0.2)
(4.8 0.15 0.2)
(4.85 0.15 0.2)
(4.9 0.15 0.2)
(4.95 0.15 0.2)
(5 0.15 0.2)
(3.35 0.2 0.2)
(3.4 0.2 0.2)
(3.45 0.2 0.2)
(3.5 0.2 0.2)
(3.55 0.2 0.2)
(3.6 0.2 0.2)
(3.65 0.2 0.2)
(3.7 0.2 0.2)
(3.75 0.2 0.2)
(3.8 0.2 0.2)
(3.85 0.2 0.2)
(3.9 0.2 0.2)
(3.95 0.2 0.2)
(4 0.2 0.2)
(4.05 0.2 0.2)
(4.1 0.2 0.2)
(4.15 0.2 0.2)
(4.2 0.2 0.2)
(4.25 0.2 0.2)
(4.3 0.2 0.2)
(4.35 0.2 0.2)
(4.4 0.2 0.2)
(4.45 0.2 0.2)
(4.5 0.2 0.2)
(4.55 0.2 0.2)
(4.6 0.2 0.2)
(4.65 0.2 0.2)
(4.7 0.2 0.2)
(4.75 0.2 0.2)
(4.8 0.2 0.2)
(4.85 0.2 0.2)
(4.9 0.2 0.2)
(4.95 0.2 0.2)
(5 0.2 0.2)
(3.35 0.25 0.2)
(3.4 0.25 0.2)
(3.45 0.25 0.2)
(3.5 0.25 0.2)
(3.55 0.25 0.2)
(3.6 0.25 0.2)
(3.65 0.25 0.2)
(3.7 0.25 0.2)
(3.75 0.25 0.2)
(3.8 0.25 0.2)
(3.85 0.25 0.2)
(3.9 0.25 0.2)
(3.95 0.25 0.2)
(4 0.25 0.2)
(4.05 0.25 0.2)
(4.1 0.25 0.2)
(4.15 0.25 0.2)
(4.2 0.25 0.2)
(4.25 0.25 0.2)
(4.3 0.25 0.2)
(4.35 0.25 0.2)
(4.4 0.25 0.2)
(4.45 0.25 0.2)
(4.5 0.25 0.2)
(4.55 0.25 0.2)
(4.6 0.25 0.2)
(4.65 0.25 0.2)
(4.7 0.25 0.2)
(4.75 0.25 0.2)
(4.8 0.25 0.2)
(4.85 0.25 0.2)
(4.9 0.25 0.2)
(4.95 0.25 0.2)
(5 0.25 0.2)
(3.35 0.3 0.2)
(3.4 0.3 0.2)
(3.45 0.3 0.2)
(3.5 0.3 0.2)
(3.55 0.3 0.2)
(3.6 0.3 0.2)
(3.65 0.3 0.2)
(3.7 0.3 0.2)
(3.75 0.3 0.2)
(3.8 0.3 0.2)
(3.85 0.3 0.2)
(3.9 0.3 0.2)
(3.95 0.3 0.2)
(4 0.3 0.2)
(4.05 0.3 0.2)
(4.1 0.3 0.2)
(4.15 0.3 0.2)
(4.2 0.3 0.2)
(4.25 0.3 0.2)
(4.3 0.3 0.2)
(4.35 0.3 0.2)
(4.4 0.3 0.2)
(4.45 0.3 0.2)
(4.5 0.3 0.2)
(4.55 0.3 0.2)
(4.6 0.3 0.2)
(4.65 0.3 0.2)
(4.7 0.3 0.2)
(4.75 0.3 0.2)
(4.8 0.3 0.2)
(4.85 0.3 0.2)
(4.9 0.3 0.2)
(4.95 0.3 0.2)
(5 0.3 0.2)
(3.35 0.35 0.2)
(3.4 0.35 0.2)
(3.45 0.35 0.2)
(3.5 0.35 0.2)
(3.55 0.35 0.2)
(3.6 0.35 0.2)
(3.65 0.35 0.2)
(3.7 0.35 0.2)
(3.75 0.35 0.2)
(3.8 0.35 0.2)
(3.85 0.35 0.2)
(3.9 0.35 0.2)
(3.95 0.35 0.2)
(4 0.35 0.2)
(4.05 0.35 0.2)
(4.1 0.35 0.2)
(4.15 0.35 0.2)
(4.2 0.35 0.2)
(4.25 0.35 0.2)
(4.3 0.35 0.2)
(4.35 0.35 0.2)
(4.4 0.35 0.2)
(4.45 0.35 0.2)
(4.5 0.35 0.2)
(4.55 0.35 0.2)
(4.6 0.35 0.2)
(4.65 0.35 0.2)
(4.7 0.35 0.2)
(4.75 0.35 0.2)
(4.8 0.35 0.2)
(4.85 0.35 0.2)
(4.9 0.35 0.2)
(4.95 0.35 0.2)
(5 0.35 0.2)
(3.35 0.4 0.2)
(3.4 0.4 0.2)
(3.45 0.4 0.2)
(3.5 0.4 0.2)
(3.55 0.4 0.2)
(3.6 0.4 0.2)
(3.65 0.4 0.2)
(3.7 0.4 0.2)
(3.75 0.4 0.2)
(3.8 0.4 0.2)
(3.85 0.4 0.2)
(3.9 0.4 0.2)
(3.95 0.4 0.2)
(4 0.4 0.2)
(4.05 0.4 0.2)
(4.1 0.4 0.2)
(4.15 0.4 0.2)
(4.2 0.4 0.2)
(4.25 0.4 0.2)
(4.3 0.4 0.2)
(4.35 0.4 0.2)
(4.4 0.4 0.2)
(4.45 0.4 0.2)
(4.5 0.4 0.2)
(4.55 0.4 0.2)
(4.6 0.4 0.2)
(4.65 0.4 0.2)
(4.7 0.4 0.2)
(4.75 0.4 0.2)
(4.8 0.4 0.2)
(4.85 0.4 0.2)
(4.9 0.4 0.2)
(4.95 0.4 0.2)
(5 0.4 0.2)
(3.35 0 0.25)
(3.4 0 0.25)
(3.45 0 0.25)
(3.5 0 0.25)
(3.55 0 0.25)
(3.6 0 0.25)
(3.65 0 0.25)
(3.7 0 0.25)
(3.75 0 0.25)
(3.8 0 0.25)
(3.85 0 0.25)
(3.9 0 0.25)
(3.95 0 0.25)
(4 0 0.25)
(4.05 0 0.25)
(4.1 0 0.25)
(4.15 0 0.25)
(4.2 0 0.25)
(4.25 0 0.25)
(4.3 0 0.25)
(4.35 0 0.25)
(4.4 0 0.25)
(4.45 0 0.25)
(4.5 0 0.25)
(4.55 0 0.25)
(4.6 0 0.25)
(4.65 0 0.25)
(4.7 0 0.25)
(4.75 0 0.25)
(4.8 0 0.25)
(4.85 0 0.25)
(4.9 0 0.25)
(4.95 0 0.25)
(5 0 0.25)
(3.35 0.05 0.25)
(3.4 0.05 0.25)
(3.45 0.05 0.25)
(3.5 0.05 0.25)
(3.55 0.05 0.25)
(3.6 0.05 0.25)
(3.65 0.05 0.25)
(3.7 0.05 0.25)
(3.75 0.05 0.25)
(3.8 0.05 0.25)
(3.85 0.05 0.25)
(3.9 0.05 0.25)
(3.95 0.05 0.25)
(4 0.05 0.25)
(4.05 0.05 0.25)
(4.1 0.05 0.25)
(4.15 0.05 0.25)
(4.2 0.05 0.25)
(4.25 0.05 0.25)
(4.3 0.05 0.25)
(4.35 0.05 0.25)
(4.4 0.05 0.25)
(4.45 0.05 0.25)
(4.5 0.05 0.25)
(4.55 0.05 0.25)
(4.6 0.05 0.25)
(4.65 0.05 0.25)
(4.7 0.05 0.25)
(4.75 0.05 0.25)
(4.8 0.05 0.25)
(4.85 0.05 0.25)
(4.9 0.05 0.25)
(4.95 0.05 0.25)
(5 0.05 0.25)
(3.35 0.1 0.25)
(3.4 0.1 0.25)
(3.45 0.1 0.25)
(3.5 0.1 0.25)
(3.55 0.1 0.25)
(3.6 0.1 0.25)
(3.65 0.1 0.25)
(3.7 0.1 0.25)
(3.75 0.1 0.25)
(3.8 0.1 0.25)
(3.85 0.1 0.25)
(3.9 0.1 0.25)
(3.95 0.1 0.25)
(4 0.1 0.25)
(4.05 0.1 0.25)
(4.1 0.1 0.25)
(4.15 0.1 0.25)
(4.2 0.1 0.25)
(4.25 0.1 0.25)
(4.3 0.1 0.25)
(4.35 0.1 0.25)
(4.4 0.1 0.25)
(4.45 0.1 0.25)
(4.5 0.1 0.25)
(4.55 0.1 0.25)
(4.6 0.1 0.25)
(4.65 0.1 0.25)
(4.7 0.1 0.25)
(4.75 0.1 0.25)
(4.8 0.1 0.25)
(4.85 0.1 0.25)
(4.9 0.1 0.25)
(4.95 0.1 0.25)
(5 0.1 0.25)
(3.35 0.15 0.25)
(3.4 0.15 0.25)
(3.45 0.15 0.25)
(3.5 0.15 0.25)
(3.55 0.15 0.25)
(3.6 0.15 0.25)
(3.65 0.15 0.25)
(3.7 0.15 0.25)
(3.75 0.15 0.25)
(3.8 0.15 0.25)
(3.85 0.15 0.25)
(3.9 0.15 0.25)
(3.95 0.15 0.25)
(4 0.15 0.25)
(4.05 0.15 0.25)
(4.1 0.15 0.25)
(4.15 0.15 0.25)
(4.2 0.15 0.25)
(4.25 0.15 0.25)
(4.3 0.15 0.25)
(4.35 0.15 0.25)
(4.4 0.15 0.25)
(4.45 0.15 0.25)
(4.5 0.15 0.25)
(4.55 0.15 0.25)
(4.6 0.15 0.25)
(4.65 0.15 0.25)
(4.7 0.15 0.25)
(4.75 0.15 0.25)
(4.8 0.15 0.25)
(4.85 0.15 0.25)
(4.9 0.15 0.25)
(4.95 0.15 0.25)
(5 0.15 0.25)
(3.35 0.2 0.25)
(3.4 0.2 0.25)
(3.45 0.2 0.25)
(3.5 0.2 0.25)
(3.55 0.2 0.25)
(3.6 0.2 0.25)
(3.65 0.2 0.25)
(3.7 0.2 0.25)
(3.75 0.2 0.25)
(3.8 0.2 0.25)
(3.85 0.2 0.25)
(3.9 0.2 0.25)
(3.95 0.2 0.25)
(4 0.2 0.25)
(4.05 0.2 0.25)
(4.1 0.2 0.25)
(4.15 0.2 0.25)
(4.2 0.2 0.25)
(4.25 0.2 0.25)
(4.3 0.2 0.25)
(4.35 0.2 0.25)
(4.4 0.2 0.25)
(4.45 0.2 0.25)
(4.5 0.2 0.25)
(4.55 0.2 0.25)
(4.6 0.2 0.25)
(4.65 0.2 0.25)
(4.7 0.2 0.25)
(4.75 0.2 0.25)
(4.8 0.2 0.25)
(4.85 0.2 0.25)
(4.9 0.2 0.25)
(4.95 0.2 0.25)
(5 0.2 0.25)
(3.35 0.25 0.25)
(3.4 0.25 0.25)
(3.45 0.25 0.25)
(3.5 0.25 0.25)
(3.55 0.25 0.25)
(3.6 0.25 0.25)
(3.65 0.25 0.25)
(3.7 0.25 0.25)
(3.75 0.25 0.25)
(3.8 0.25 0.25)
(3.85 0.25 0.25)
(3.9 0.25 0.25)
(3.95 0.25 0.25)
(4 0.25 0.25)
(4.05 0.25 0.25)
(4.1 0.25 0.25)
(4.15 0.25 0.25)
(4.2 0.25 0.25)
(4.25 0.25 0.25)
(4.3 0.25 0.25)
(4.35 0.25 0.25)
(4.4 0.25 0.25)
(4.45 0.25 0.25)
(4.5 0.25 0.25)
(4.55 0.25 0.25)
(4.6 0.25 0.25)
(4.65 0.25 0.25)
(4.7 0.25 0.25)
(4.75 0.25 0.25)
(4.8 0.25 0.25)
(4.85 0.25 0.25)
(4.9 0.25 0.25)
(4.95 0.25 0.25)
(5 0.25 0.25)
(3.35 0.3 0.25)
(3.4 0.3 0.25)
(3.45 0.3 0.25)
(3.5 0.3 0.25)
(3.55 0.3 0.25)
(3.6 0.3 0.25)
(3.65 0.3 0.25)
(3.7 0.3 0.25)
(3.75 0.3 0.25)
(3.8 0.3 0.25)
(3.85 0.3 0.25)
(3.9 0.3 0.25)
(3.95 0.3 0.25)
(4 0.3 0.25)
(4.05 0.3 0.25)
(4.1 0.3 0.25)
(4.15 0.3 0.25)
(4.2 0.3 0.25)
(4.25 0.3 0.25)
(4.3 0.3 0.25)
(4.35 0.3 0.25)
(4.4 0.3 0.25)
(4.45 0.3 0.25)
(4.5 0.3 0.25)
(4.55 0.3 0.25)
(4.6 0.3 0.25)
(4.65 0.3 0.25)
(4.7 0.3 0.25)
(4.75 0.3 0.25)
(4.8 0.3 0.25)
(4.85 0.3 0.25)
(4.9 0.3 0.25)
(4.95 0.3 0.25)
(5 0.3 0.25)
(3.35 0.35 0.25)
(3.4 0.35 0.25)
(3.45 0.35 0.25)
(3.5 0.35 0.25)
(3.55 0.35 0.25)
(3.6 0.35 0.25)
(3.65 0.35 0.25)
(3.7 0.35 0.25)
(3.75 0.35 0.25)
(3.8 0.35 0.25)
(3.85 0.35 0.25)
(3.9 0.35 0.25)
(3.95 0.35 0.25)
(4 0.35 0.25)
(4.05 0.35 0.25)
(4.1 0.35 0.25)
(4.15 0.35 0.25)
(4.2 0.35 0.25)
(4.25 0.35 0.25)
(4.3 0.35 0.25)
(4.35 0.35 0.25)
(4.4 0.35 0.25)
(4.45 0.35 0.25)
(4.5 0.35 0.25)
(4.55 0.35 0.25)
(4.6 0.35 0.25)
(4.65 0.35 0.25)
(4.7 0.35 0.25)
(4.75 0.35 0.25)
(4.8 0.35 0.25)
(4.85 0.35 0.25)
(4.9 0.35 0.25)
(4.95 0.35 0.25)
(5 0.35 0.25)
(3.35 0.4 0.25)
(3.4 0.4 0.25)
(3.45 0.4 0.25)
(3.5 0.4 0.25)
(3.55 0.4 0.25)
(3.6 0.4 0.25)
(3.65 0.4 0.25)
(3.7 0.4 0.25)
(3.75 0.4 0.25)
(3.8 0.4 0.25)
(3.85 0.4 0.25)
(3.9 0.4 0.25)
(3.95 0.4 0.25)
(4 0.4 0.25)
(4.05 0.4 0.25)
(4.1 0.4 0.25)
(4.15 0.4 0.25)
(4.2 0.4 0.25)
(4.25 0.4 0.25)
(4.3 0.4 0.25)
(4.35 0.4 0.25)
(4.4 0.4 0.25)
(4.45 0.4 0.25)
(4.5 0.4 0.25)
(4.55 0.4 0.25)
(4.6 0.4 0.25)
(4.65 0.4 0.25)
(4.7 0.4 0.25)
(4.75 0.4 0.25)
(4.8 0.4 0.25)
(4.85 0.4 0.25)
(4.9 0.4 0.25)
(4.95 0.4 0.25)
(5 0.4 0.25)
(3.35 0 0.3)
(3.4 0 0.3)
(3.45 0 0.3)
(3.5 0 0.3)
(3.55 0 0.3)
(3.6 0 0.3)
(3.65 0 0.3)
(3.7 0 0.3)
(3.75 0 0.3)
(3.8 0 0.3)
(3.85 0 0.3)
(3.9 0 0.3)
(3.95 0 0.3)
(4 0 0.3)
(4.05 0 0.3)
(4.1 0 0.3)
(4.15 0 0.3)
(4.2 0 0.3)
(4.25 0 0.3)
(4.3 0 0.3)
(4.35 0 0.3)
(4.4 0 0.3)
(4.45 0 0.3)
(4.5 0 0.3)
(4.55 0 0.3)
(4.6 0 0.3)
(4.65 0 0.3)
(4.7 0 0.3)
(4.75 0 0.3)
(4.8 0 0.3)
(4.85 0 0.3)
(4.9 0 0.3)
(4.95 0 0.3)
(5 0 0.3)
(3.35 0.05 0.3)
(3.4 0.05 0.3)
(3.45 0.05 0.3)
(3.5 0.05 0.3)
(3.55 0.05 0.3)
(3.6 0.05 0.3)
(3.65 0.05 0.3)
(3.7 0.05 0.3)
(3.75 0.05 0.3)
(3.8 0.05 0.3)
(3.85 0.05 0.3)
(3.9 0.05 0.3)
(3.95 0.05 0.3)
(4 0.05 0.3)
(4.05 0.05 0.3)
(4.1 0.05 0.3)
(4.15 0.05 0.3)
(4.2 0.05 0.3)
(4.25 0.05 0.3)
(4.3 0.05 0.3)
(4.35 0.05 0.3)
(4.4 0.05 0.3)
(4.45 0.05 0.3)
(4.5 0.05 0.3)
(4.55 0.05 0.3)
(4.6 0.05 0.3)
(4.65 0.05 0.3)
(4.7 0.05 0.3)
(4.75 0.05 0.3)
(4.8 0.05 0.3)
(4.85 0.05 0.3)
(4.9 0.05 0.3)
(4.95 0.05 0.3)
(5 0.05 0.3)
(3.35 0.1 0.3)
(3.4 0.1 0.3)
(3.45 0.1 0.3)
(3.5 0.1 0.3)
(3.55 0.1 0.3)
(3.6 0.1 0.3)
(3.65 0.1 0.3)
(3.7 0.1 0.3)
(3.75 0.1 0.3)
(3.8 0.1 0.3)
(3.85 0.1 0.3)
(3.9 0.1 0.3)
(3.95 0.1 0.3)
(4 0.1 0.3)
(4.05 0.1 0.3)
(4.1 0.1 0.3)
(4.15 0.1 0.3)
(4.2 0.1 0.3)
(4.25 0.1 0.3)
(4.3 0.1 0.3)
(4.35 0.1 0.3)
(4.4 0.1 0.3)
(4.45 0.1 0.3)
(4.5 0.1 0.3)
(4.55 0.1 0.3)
(4.6 0.1 0.3)
(4.65 0.1 0.3)
(4.7 0.1 0.3)
(4.75 0.1 0.3)
(4.8 0.1 0.3)
(4.85 0.1 0.3)
(4.9 0.1 0.3)
(4.95 0.1 0.3)
(5 0.1 0.3)
(3.35 0.15 0.3)
(3.4 0.15 0.3)
(3.45 0.15 0.3)
(3.5 0.15 0.3)
(3.55 0.15 0.3)
(3.6 0.15 0.3)
(3.65 0.15 0.3)
(3.7 0.15 0.3)
(3.75 0.15 0.3)
(3.8 0.15 0.3)
(3.85 0.15 0.3)
(3.9 0.15 0.3)
(3.95 0.15 0.3)
(4 0.15 0.3)
(4.05 0.15 0.3)
(4.1 0.15 0.3)
(4.15 0.15 0.3)
(4.2 0.15 0.3)
(4.25 0.15 0.3)
(4.3 0.15 0.3)
(4.35 0.15 0.3)
(4.4 0.15 0.3)
(4.45 0.15 0.3)
(4.5 0.15 0.3)
(4.55 0.15 0.3)
(4.6 0.15 0.3)
(4.65 0.15 0.3)
(4.7 0.15 0.3)
(4.75 0.15 0.3)
(4.8 0.15 0.3)
(4.85 0.15 0.3)
(4.9 0.15 0.3)
(4.95 0.15 0.3)
(5 0.15 0.3)
(3.35 0.2 0.3)
(3.4 0.2 0.3)
(3.45 0.2 0.3)
(3.5 0.2 0.3)
(3.55 0.2 0.3)
(3.6 0.2 0.3)
(3.65 0.2 0.3)
(3.7 0.2 0.3)
(3.75 0.2 0.3)
(3.8 0.2 0.3)
(3.85 0.2 0.3)
(3.9 0.2 0.3)
(3.95 0.2 0.3)
(4 0.2 0.3)
(4.05 0.2 0.3)
(4.1 0.2 0.3)
(4.15 0.2 0.3)
(4.2 0.2 0.3)
(4.25 0.2 0.3)
(4.3 0.2 0.3)
(4.35 0.2 0.3)
(4.4 0.2 0.3)
(4.45 0.2 0.3)
(4.5 0.2 0.3)
(4.55 0.2 0.3)
(4.6 0.2 0.3)
(4.65 0.2 0.3)
(4.7 0.2 0.3)
(4.75 0.2 0.3)
(4.8 0.2 0.3)
(4.85 0.2 0.3)
(4.9 0.2 0.3)
(4.95 0.2 0.3)
(5 0.2 0.3)
(3.35 0.25 0.3)
(3.4 0.25 0.3)
(3.45 0.25 0.3)
(3.5 0.25 0.3)
(3.55 0.25 0.3)
(3.6 0.25 0.3)
(3.65 0.25 0.3)
(3.7 0.25 0.3)
(3.75 0.25 0.3)
(3.8 0.25 0.3)
(3.85 0.25 0.3)
(3.9 0.25 0.3)
(3.95 0.25 0.3)
(4 0.25 0.3)
(4.05 0.25 0.3)
(4.1 0.25 0.3)
(4.15 0.25 0.3)
(4.2 0.25 0.3)
(4.25 0.25 0.3)
(4.3 0.25 0.3)
(4.35 0.25 0.3)
(4.4 0.25 0.3)
(4.45 0.25 0.3)
(4.5 0.25 0.3)
(4.55 0.25 0.3)
(4.6 0.25 0.3)
(4.65 0.25 0.3)
(4.7 0.25 0.3)
(4.75 0.25 0.3)
(4.8 0.25 0.3)
(4.85 0.25 0.3)
(4.9 0.25 0.3)
(4.95 0.25 0.3)
(5 0.25 0.3)
(3.35 0.3 0.3)
(3.4 0.3 0.3)
(3.45 0.3 0.3)
(3.5 0.3 0.3)
(3.55 0.3 0.3)
(3.6 0.3 0.3)
(3.65 0.3 0.3)
(3.7 0.3 0.3)
(3.75 0.3 0.3)
(3.8 0.3 0.3)
(3.85 0.3 0.3)
(3.9 0.3 0.3)
(3.95 0.3 0.3)
(4 0.3 0.3)
(4.05 0.3 0.3)
(4.1 0.3 0.3)
(4.15 0.3 0.3)
(4.2 0.3 0.3)
(4.25 0.3 0.3)
(4.3 0.3 0.3)
(4.35 0.3 0.3)
(4.4 0.3 0.3)
(4.45 0.3 0.3)
(4.5 0.3 0.3)
(4.55 0.3 0.3)
(4.6 0.3 0.3)
(4.65 0.3 0.3)
(4.7 0.3 0.3)
(4.75 0.3 0.3)
(4.8 0.3 0.3)
(4.85 0.3 0.3)
(4.9 0.3 0.3)
(4.95 0.3 0.3)
(5 0.3 0.3)
(3.35 0.35 0.3)
(3.4 0.35 0.3)
(3.45 0.35 0.3)
(3.5 0.35 0.3)
(3.55 0.35 0.3)
(3.6 0.35 0.3)
(3.65 0.35 0.3)
(3.7 0.35 0.3)
(3.75 0.35 0.3)
(3.8 0.35 0.3)
(3.85 0.35 0.3)
(3.9 0.35 0.3)
(3.95 0.35 0.3)
(4 0.35 0.3)
(4.05 0.35 0.3)
(4.1 0.35 0.3)
(4.15 0.35 0.3)
(4.2 0.35 0.3)
(4.25 0.35 0.3)
(4.3 0.35 0.3)
(4.35 0.35 0.3)
(4.4 0.35 0.3)
(4.45 0.35 0.3)
(4.5 0.35 0.3)
(4.55 0.35 0.3)
(4.6 0.35 0.3)
(4.65 0.35 0.3)
(4.7 0.35 0.3)
(4.75 0.35 0.3)
(4.8 0.35 0.3)
(4.85 0.35 0.3)
(4.9 0.35 0.3)
(4.95 0.35 0.3)
(5 0.35 0.3)
(3.35 0.4 0.3)
(3.4 0.4 0.3)
(3.45 0.4 0.3)
(3.5 0.4 0.3)
(3.55 0.4 0.3)
(3.6 0.4 0.3)
(3.65 0.4 0.3)
(3.7 0.4 0.3)
(3.75 0.4 0.3)
(3.8 0.4 0.3)
(3.85 0.4 0.3)
(3.9 0.4 0.3)
(3.95 0.4 0.3)
(4 0.4 0.3)
(4.05 0.4 0.3)
(4.1 0.4 0.3)
(4.15 0.4 0.3)
(4.2 0.4 0.3)
(4.25 0.4 0.3)
(4.3 0.4 0.3)
(4.35 0.4 0.3)
(4.4 0.4 0.3)
(4.45 0.4 0.3)
(4.5 0.4 0.3)
(4.55 0.4 0.3)
(4.6 0.4 0.3)
(4.65 0.4 0.3)
(4.7 0.4 0.3)
(4.75 0.4 0.3)
(4.8 0.4 0.3)
(4.85 0.4 0.3)
(4.9 0.4 0.3)
(4.95 0.4 0.3)
(5 0.4 0.3)
(3.35 0 0.35)
(3.4 0 0.35)
(3.45 0 0.35)
(3.5 0 0.35)
(3.55 0 0.35)
(3.6 0 0.35)
(3.65 0 0.35)
(3.7 0 0.35)
(3.75 0 0.35)
(3.8 0 0.35)
(3.85 0 0.35)
(3.9 0 0.35)
(3.95 0 0.35)
(4 0 0.35)
(4.05 0 0.35)
(4.1 0 0.35)
(4.15 0 0.35)
(4.2 0 0.35)
(4.25 0 0.35)
(4.3 0 0.35)
(4.35 0 0.35)
(4.4 0 0.35)
(4.45 0 0.35)
(4.5 0 0.35)
(4.55 0 0.35)
(4.6 0 0.35)
(4.65 0 0.35)
(4.7 0 0.35)
(4.75 0 0.35)
(4.8 0 0.35)
(4.85 0 0.35)
(4.9 0 0.35)
(4.95 0 0.35)
(5 0 0.35)
(3.35 0.05 0.35)
(3.4 0.05 0.35)
(3.45 0.05 0.35)
(3.5 0.05 0.35)
(3.55 0.05 0.35)
(3.6 0.05 0.35)
(3.65 0.05 0.35)
(3.7 0.05 0.35)
(3.75 0.05 0.35)
(3.8 0.05 0.35)
(3.85 0.05 0.35)
(3.9 0.05 0.35)
(3.95 0.05 0.35)
(4 0.05 0.35)
(4.05 0.05 0.35)
(4.1 0.05 0.35)
(4.15 0.05 0.35)
(4.2 0.05 0.35)
(4.25 0.05 0.35)
(4.3 0.05 0.35)
(4.35 0.05 0.35)
(4.4 0.05 0.35)
(4.45 0.05 0.35)
(4.5 0.05 0.35)
(4.55 0.05 0.35)
(4.6 0.05 0.35)
(4.65 0.05 0.35)
(4.7 0.05 0.35)
(4.75 0.05 0.35)
(4.8 0.05 0.35)
(4.85 0.05 0.35)
(4.9 0.05 0.35)
(4.95 0.05 0.35)
(5 0.05 0.35)
(3.35 0.1 0.35)
(3.4 0.1 0.35)
(3.45 0.1 0.35)
(3.5 0.1 0.35)
(3.55 0.1 0.35)
(3.6 0.1 0.35)
(3.65 0.1 0.35)
(3.7 0.1 0.35)
(3.75 0.1 0.35)
(3.8 0.1 0.35)
(3.85 0.1 0.35)
(3.9 0.1 0.35)
(3.95 0.1 0.35)
(4 0.1 0.35)
(4.05 0.1 0.35)
(4.1 0.1 0.35)
(4.15 0.1 0.35)
(4.2 0.1 0.35)
(4.25 0.1 0.35)
(4.3 0.1 0.35)
(4.35 0.1 0.35)
(4.4 0.1 0.35)
(4.45 0.1 0.35)
(4.5 0.1 0.35)
(4.55 0.1 0.35)
(4.6 0.1 0.35)
(4.65 0.1 0.35)
(4.7 0.1 0.35)
(4.75 0.1 0.35)
(4.8 0.1 0.35)
(4.85 0.1 0.35)
(4.9 0.1 0.35)
(4.95 0.1 0.35)
(5 0.1 0.35)
(3.35 0.15 0.35)
(3.4 0.15 0.35)
(3.45 0.15 0.35)
(3.5 0.15 0.35)
(3.55 0.15 0.35)
(3.6 0.15 0.35)
(3.65 0.15 0.35)
(3.7 0.15 0.35)
(3.75 0.15 0.35)
(3.8 0.15 0.35)
(3.85 0.15 0.35)
(3.9 0.15 0.35)
(3.95 0.15 0.35)
(4 0.15 0.35)
(4.05 0.15 0.35)
(4.1 0.15 0.35)
(4.15 0.15 0.35)
(4.2 0.15 0.35)
(4.25 0.15 0.35)
(4.3 0.15 0.35)
(4.35 0.15 0.35)
(4.4 0.15 0.35)
(4.45 0.15 0.35)
(4.5 0.15 0.35)
(4.55 0.15 0.35)
(4.6 0.15 0.35)
(4.65 0.15 0.35)
(4.7 0.15 0.35)
(4.75 0.15 0.35)
(4.8 0.15 0.35)
(4.85 0.15 0.35)
(4.9 0.15 0.35)
(4.95 0.15 0.35)
(5 0.15 0.35)
(3.35 0.2 0.35)
(3.4 0.2 0.35)
(3.45 0.2 0.35)
(3.5 0.2 0.35)
(3.55 0.2 0.35)
(3.6 0.2 0.35)
(3.65 0.2 0.35)
(3.7 0.2 0.35)
(3.75 0.2 0.35)
(3.8 0.2 0.35)
(3.85 0.2 0.35)
(3.9 0.2 0.35)
(3.95 0.2 0.35)
(4 0.2 0.35)
(4.05 0.2 0.35)
(4.1 0.2 0.35)
(4.15 0.2 0.35)
(4.2 0.2 0.35)
(4.25 0.2 0.35)
(4.3 0.2 0.35)
(4.35 0.2 0.35)
(4.4 0.2 0.35)
(4.45 0.2 0.35)
(4.5 0.2 0.35)
(4.55 0.2 0.35)
(4.6 0.2 0.35)
(4.65 0.2 0.35)
(4.7 0.2 0.35)
(4.75 0.2 0.35)
(4.8 0.2 0.35)
(4.85 0.2 0.35)
(4.9 0.2 0.35)
(4.95 0.2 0.35)
(5 0.2 0.35)
(3.35 0.25 0.35)
(3.4 0.25 0.35)
(3.45 0.25 0.35)
(3.5 0.25 0.35)
(3.55 0.25 0.35)
(3.6 0.25 0.35)
(3.65 0.25 0.35)
(3.7 0.25 0.35)
(3.75 0.25 0.35)
(3.8 0.25 0.35)
(3.85 0.25 0.35)
(3.9 0.25 0.35)
(3.95 0.25 0.35)
(4 0.25 0.35)
(4.05 0.25 0.35)
(4.1 0.25 0.35)
(4.15 0.25 0.35)
(4.2 0.25 0.35)
(4.25 0.25 0.35)
(4.3 0.25 0.35)
(4.35 0.25 0.35)
(4.4 0.25 0.35)
(4.45 0.25 0.35)
(4.5 0.25 0.35)
(4.55 0.25 0.35)
(4.6 0.25 0.35)
(4.65 0.25 0.35)
(4.7 0.25 0.35)
(4.75 0.25 0.35)
(4.8 0.25 0.35)
(4.85 0.25 0.35)
(4.9 0.25 0.35)
(4.95 0.25 0.35)
(5 0.25 0.35)
(3.35 0.3 0.35)
(3.4 0.3 0.35)
(3.45 0.3 0.35)
(3.5 0.3 0.35)
(3.55 0.3 0.35)
(3.6 0.3 0.35)
(3.65 0.3 0.35)
(3.7 0.3 0.35)
(3.75 0.3 0.35)
(3.8 0.3 0.35)
(3.85 0.3 0.35)
(3.9 0.3 0.35)
(3.95 0.3 0.35)
(4 0.3 0.35)
(4.05 0.3 0.35)
(4.1 0.3 0.35)
(4.15 0.3 0.35)
(4.2 0.3 0.35)
(4.25 0.3 0.35)
(4.3 0.3 0.35)
(4.35 0.3 0.35)
(4.4 0.3 0.35)
(4.45 0.3 0.35)
(4.5 0.3 0.35)
(4.55 0.3 0.35)
(4.6 0.3 0.35)
(4.65 0.3 0.35)
(4.7 0.3 0.35)
(4.75 0.3 0.35)
(4.8 0.3 0.35)
(4.85 0.3 0.35)
(4.9 0.3 0.35)
(4.95 0.3 0.35)
(5 0.3 0.35)
(3.35 0.35 0.35)
(3.4 0.35 0.35)
(3.45 0.35 0.35)
(3.5 0.35 0.35)
(3.55 0.35 0.35)
(3.6 0.35 0.35)
(3.65 0.35 0.35)
(3.7 0.35 0.35)
(3.75 0.35 0.35)
(3.8 0.35 0.35)
(3.85 0.35 0.35)
(3.9 0.35 0.35)
(3.95 0.35 0.35)
(4 0.35 0.35)
(4.05 0.35 0.35)
(4.1 0.35 0.35)
(4.15 0.35 0.35)
(4.2 0.35 0.35)
(4.25 0.35 0.35)
(4.3 0.35 0.35)
(4.35 0.35 0.35)
(4.4 0.35 0.35)
(4.45 0.35 0.35)
(4.5 0.35 0.35)
(4.55 0.35 0.35)
(4.6 0.35 0.35)
(4.65 0.35 0.35)
(4.7 0.35 0.35)
(4.75 0.35 0.35)
(4.8 0.35 0.35)
(4.85 0.35 0.35)
(4.9 0.35 0.35)
(4.95 0.35 0.35)
(5 0.35 0.35)
(3.35 0.4 0.35)
(3.4 0.4 0.35)
(3.45 0.4 0.35)
(3.5 0.4 0.35)
(3.55 0.4 0.35)
(3.6 0.4 0.35)
(3.65 0.4 0.35)
(3.7 0.4 0.35)
(3.75 0.4 0.35)
(3.8 0.4 0.35)
(3.85 0.4 0.35)
(3.9 0.4 0.35)
(3.95 0.4 0.35)
(4 0.4 0.35)
(4.05 0.4 0.35)
(4.1 0.4 0.35)
(4.15 0.4 0.35)
(4.2 0.4 0.35)
(4.25 0.4 0.35)
(4.3 0.4 0.35)
(4.35 0.4 0.35)
(4.4 0.4 0.35)
(4.45 0.4 0.35)
(4.5 0.4 0.35)
(4.55 0.4 0.35)
(4.6 0.4 0.35)
(4.65 0.4 0.35)
(4.7 0.4 0.35)
(4.75 0.4 0.35)
(4.8 0.4 0.35)
(4.85 0.4 0.35)
(4.9 0.4 0.35)
(4.95 0.4 0.35)
(5 0.4 0.35)
(3.35 0 0.4)
(3.4 0 0.4)
(3.45 0 0.4)
(3.5 0 0.4)
(3.55 0 0.4)
(3.6 0 0.4)
(3.65 0 0.4)
(3.7 0 0.4)
(3.75 0 0.4)
(3.8 0 0.4)
(3.85 0 0.4)
(3.9 0 0.4)
(3.95 0 0.4)
(4 0 0.4)
(4.05 0 0.4)
(4.1 0 0.4)
(4.15 0 0.4)
(4.2 0 0.4)
(4.25 0 0.4)
(4.3 0 0.4)
(4.35 0 0.4)
(4.4 0 0.4)
(4.45 0 0.4)
(4.5 0 0.4)
(4.55 0 0.4)
(4.6 0 0.4)
(4.65 0 0.4)
(4.7 0 0.4)
(4.75 0 0.4)
(4.8 0 0.4)
(4.85 0 0.4)
(4.9 0 0.4)
(4.95 0 0.4)
(5 0 0.4)
(3.35 0.05 0.4)
(3.4 0.05 0.4)
(3.45 0.05 0.4)
(3.5 0.05 0.4)
(3.55 0.05 0.4)
(3.6 0.05 0.4)
(3.65 0.05 0.4)
(3.7 0.05 0.4)
(3.75 0.05 0.4)
(3.8 0.05 0.4)
(3.85 0.05 0.4)
(3.9 0.05 0.4)
(3.95 0.05 0.4)
(4 0.05 0.4)
(4.05 0.05 0.4)
(4.1 0.05 0.4)
(4.15 0.05 0.4)
(4.2 0.05 0.4)
(4.25 0.05 0.4)
(4.3 0.05 0.4)
(4.35 0.05 0.4)
(4.4 0.05 0.4)
(4.45 0.05 0.4)
(4.5 0.05 0.4)
(4.55 0.05 0.4)
(4.6 0.05 0.4)
(4.65 0.05 0.4)
(4.7 0.05 0.4)
(4.75 0.05 0.4)
(4.8 0.05 0.4)
(4.85 0.05 0.4)
(4.9 0.05 0.4)
(4.95 0.05 0.4)
(5 0.05 0.4)
(3.35 0.1 0.4)
(3.4 0.1 0.4)
(3.45 0.1 0.4)
(3.5 0.1 0.4)
(3.55 0.1 0.4)
(3.6 0.1 0.4)
(3.65 0.1 0.4)
(3.7 0.1 0.4)
(3.75 0.1 0.4)
(3.8 0.1 0.4)
(3.85 0.1 0.4)
(3.9 0.1 0.4)
(3.95 0.1 0.4)
(4 0.1 0.4)
(4.05 0.1 0.4)
(4.1 0.1 0.4)
(4.15 0.1 0.4)
(4.2 0.1 0.4)
(4.25 0.1 0.4)
(4.3 0.1 0.4)
(4.35 0.1 0.4)
(4.4 0.1 0.4)
(4.45 0.1 0.4)
(4.5 0.1 0.4)
(4.55 0.1 0.4)
(4.6 0.1 0.4)
(4.65 0.1 0.4)
(4.7 0.1 0.4)
(4.75 0.1 0.4)
(4.8 0.1 0.4)
(4.85 0.1 0.4)
(4.9 0.1 0.4)
(4.95 0.1 0.4)
(5 0.1 0.4)
(3.35 0.15 0.4)
(3.4 0.15 0.4)
(3.45 0.15 0.4)
(3.5 0.15 0.4)
(3.55 0.15 0.4)
(3.6 0.15 0.4)
(3.65 0.15 0.4)
(3.7 0.15 0.4)
(3.75 0.15 0.4)
(3.8 0.15 0.4)
(3.85 0.15 0.4)
(3.9 0.15 0.4)
(3.95 0.15 0.4)
(4 0.15 0.4)
(4.05 0.15 0.4)
(4.1 0.15 0.4)
(4.15 0.15 0.4)
(4.2 0.15 0.4)
(4.25 0.15 0.4)
(4.3 0.15 0.4)
(4.35 0.15 0.4)
(4.4 0.15 0.4)
(4.45 0.15 0.4)
(4.5 0.15 0.4)
(4.55 0.15 0.4)
(4.6 0.15 0.4)
(4.65 0.15 0.4)
(4.7 0.15 0.4)
(4.75 0.15 0.4)
(4.8 0.15 0.4)
(4.85 0.15 0.4)
(4.9 0.15 0.4)
(4.95 0.15 0.4)
(5 0.15 0.4)
(3.35 0.2 0.4)
(3.4 0.2 0.4)
(3.45 0.2 0.4)
(3.5 0.2 0.4)
(3.55 0.2 0.4)
(3.6 0.2 0.4)
(3.65 0.2 0.4)
(3.7 0.2 0.4)
(3.75 0.2 0.4)
(3.8 0.2 0.4)
(3.85 0.2 0.4)
(3.9 0.2 0.4)
(3.95 0.2 0.4)
(4 0.2 0.4)
(4.05 0.2 0.4)
(4.1 0.2 0.4)
(4.15 0.2 0.4)
(4.2 0.2 0.4)
(4.25 0.2 0.4)
(4.3 0.2 0.4)
(4.35 0.2 0.4)
(4.4 0.2 0.4)
(4.45 0.2 0.4)
(4.5 0.2 0.4)
(4.55 0.2 0.4)
(4.6 0.2 0.4)
(4.65 0.2 0.4)
(4.7 0.2 0.4)
(4.75 0.2 0.4)
(4.8 0.2 0.4)
(4.85 0.2 0.4)
(4.9 0.2 0.4)
(4.95 0.2 0.4)
(5 0.2 0.4)
(3.35 0.25 0.4)
(3.4 0.25 0.4)
(3.45 0.25 0.4)
(3.5 0.25 0.4)
(3.55 0.25 0.4)
(3.6 0.25 0.4)
(3.65 0.25 0.4)
(3.7 0.25 0.4)
(3.75 0.25 0.4)
(3.8 0.25 0.4)
(3.85 0.25 0.4)
(3.9 0.25 0.4)
(3.95 0.25 0.4)
(4 0.25 0.4)
(4.05 0.25 0.4)
(4.1 0.25 0.4)
(4.15 0.25 0.4)
(4.2 0.25 0.4)
(4.25 0.25 0.4)
(4.3 0.25 0.4)
(4.35 0.25 0.4)
(4.4 0.25 0.4)
(4.45 0.25 0.4)
(4.5 0.25 0.4)
(4.55 0.25 0.4)
(4.6 0.25 0.4)
(4.65 0.25 0.4)
(4.7 0.25 0.4)
(4.75 0.25 0.4)
(4.8 0.25 0.4)
(4.85 0.25 0.4)
(4.9 0.25 0.4)
(4.95 0.25 0.4)
(5 0.25 0.4)
(3.35 0.3 0.4)
(3.4 0.3 0.4)
(3.45 0.3 0.4)
(3.5 0.3 0.4)
(3.55 0.3 0.4)
(3.6 0.3 0.4)
(3.65 0.3 0.4)
(3.7 0.3 0.4)
(3.75 0.3 0.4)
(3.8 0.3 0.4)
(3.85 0.3 0.4)
(3.9 0.3 0.4)
(3.95 0.3 0.4)
(4 0.3 0.4)
(4.05 0.3 0.4)
(4.1 0.3 0.4)
(4.15 0.3 0.4)
(4.2 0.3 0.4)
(4.25 0.3 0.4)
(4.3 0.3 0.4)
(4.35 0.3 0.4)
(4.4 0.3 0.4)
(4.45 0.3 0.4)
(4.5 0.3 0.4)
(4.55 0.3 0.4)
(4.6 0.3 0.4)
(4.65 0.3 0.4)
(4.7 0.3 0.4)
(4.75 0.3 0.4)
(4.8 0.3 0.4)
(4.85 0.3 0.4)
(4.9 0.3 0.4)
(4.95 0.3 0.4)
(5 0.3 0.4)
(3.35 0.35 0.4)
(3.4 0.35 0.4)
(3.45 0.35 0.4)
(3.5 0.35 0.4)
(3.55 0.35 0.4)
(3.6 0.35 0.4)
(3.65 0.35 0.4)
(3.7 0.35 0.4)
(3.75 0.35 0.4)
(3.8 0.35 0.4)
(3.85 0.35 0.4)
(3.9 0.35 0.4)
(3.95 0.35 0.4)
(4 0.35 0.4)
(4.05 0.35 0.4)
(4.1 0.35 0.4)
(4.15 0.35 0.4)
(4.2 0.35 0.4)
(4.25 0.35 0.4)
(4.3 0.35 0.4)
(4.35 0.35 0.4)
(4.4 0.35 0.4)
(4.45 0.35 0.4)
(4.5 0.35 0.4)
(4.55 0.35 0.4)
(4.6 0.35 0.4)
(4.65 0.35 0.4)
(4.7 0.35 0.4)
(4.75 0.35 0.4)
(4.8 0.35 0.4)
(4.85 0.35 0.4)
(4.9 0.35 0.4)
(4.95 0.35 0.4)
(5 0.35 0.4)
(3.35 0.4 0.4)
(3.4 0.4 0.4)
(3.45 0.4 0.4)
(3.5 0.4 0.4)
(3.55 0.4 0.4)
(3.6 0.4 0.4)
(3.65 0.4 0.4)
(3.7 0.4 0.4)
(3.75 0.4 0.4)
(3.8 0.4 0.4)
(3.85 0.4 0.4)
(3.9 0.4 0.4)
(3.95 0.4 0.4)
(4 0.4 0.4)
(4.05 0.4 0.4)
(4.1 0.4 0.4)
(4.15 0.4 0.4)
(4.2 0.4 0.4)
(4.25 0.4 0.4)
(4.3 0.4 0.4)
(4.35 0.4 0.4)
(4.4 0.4 0.4)
(4.45 0.4 0.4)
(4.5 0.4 0.4)
(4.55 0.4 0.4)
(4.6 0.4 0.4)
(4.65 0.4 0.4)
(4.7 0.4 0.4)
(4.75 0.4 0.4)
(4.8 0.4 0.4)
(4.85 0.4 0.4)
(4.9 0.4 0.4)
(4.95 0.4 0.4)
(5 0.4 0.4)
(3.35 0 0.45)
(3.4 0 0.45)
(3.45 0 0.45)
(3.5 0 0.45)
(3.55 0 0.45)
(3.6 0 0.45)
(3.65 0 0.45)
(3.7 0 0.45)
(3.75 0 0.45)
(3.8 0 0.45)
(3.85 0 0.45)
(3.9 0 0.45)
(3.95 0 0.45)
(4 0 0.45)
(4.05 0 0.45)
(4.1 0 0.45)
(4.15 0 0.45)
(4.2 0 0.45)
(4.25 0 0.45)
(4.3 0 0.45)
(4.35 0 0.45)
(4.4 0 0.45)
(4.45 0 0.45)
(4.5 0 0.45)
(4.55 0 0.45)
(4.6 0 0.45)
(4.65 0 0.45)
(4.7 0 0.45)
(4.75 0 0.45)
(4.8 0 0.45)
(4.85 0 0.45)
(4.9 0 0.45)
(4.95 0 0.45)
(5 0 0.45)
(3.35 0.05 0.45)
(3.4 0.05 0.45)
(3.45 0.05 0.45)
(3.5 0.05 0.45)
(3.55 0.05 0.45)
(3.6 0.05 0.45)
(3.65 0.05 0.45)
(3.7 0.05 0.45)
(3.75 0.05 0.45)
(3.8 0.05 0.45)
(3.85 0.05 0.45)
(3.9 0.05 0.45)
(3.95 0.05 0.45)
(4 0.05 0.45)
(4.05 0.05 0.45)
(4.1 0.05 0.45)
(4.15 0.05 0.45)
(4.2 0.05 0.45)
(4.25 0.05 0.45)
(4.3 0.05 0.45)
(4.35 0.05 0.45)
(4.4 0.05 0.45)
(4.45 0.05 0.45)
(4.5 0.05 0.45)
(4.55 0.05 0.45)
(4.6 0.05 0.45)
(4.65 0.05 0.45)
(4.7 0.05 0.45)
(4.75 0.05 0.45)
(4.8 0.05 0.45)
(4.85 0.05 0.45)
(4.9 0.05 0.45)
(4.95 0.05 0.45)
(5 0.05 0.45)
(3.35 0.1 0.45)
(3.4 0.1 0.45)
(3.45 0.1 0.45)
(3.5 0.1 0.45)
(3.55 0.1 0.45)
(3.6 0.1 0.45)
(3.65 0.1 0.45)
(3.7 0.1 0.45)
(3.75 0.1 0.45)
(3.8 0.1 0.45)
(3.85 0.1 0.45)
(3.9 0.1 0.45)
(3.95 0.1 0.45)
(4 0.1 0.45)
(4.05 0.1 0.45)
(4.1 0.1 0.45)
(4.15 0.1 0.45)
(4.2 0.1 0.45)
(4.25 0.1 0.45)
(4.3 0.1 0.45)
(4.35 0.1 0.45)
(4.4 0.1 0.45)
(4.45 0.1 0.45)
(4.5 0.1 0.45)
(4.55 0.1 0.45)
(4.6 0.1 0.45)
(4.65 0.1 0.45)
(4.7 0.1 0.45)
(4.75 0.1 0.45)
(4.8 0.1 0.45)
(4.85 0.1 0.45)
(4.9 0.1 0.45)
(4.95 0.1 0.45)
(5 0.1 0.45)
(3.35 0.15 0.45)
(3.4 0.15 0.45)
(3.45 0.15 0.45)
(3.5 0.15 0.45)
(3.55 0.15 0.45)
(3.6 0.15 0.45)
(3.65 0.15 0.45)
(3.7 0.15 0.45)
(3.75 0.15 0.45)
(3.8 0.15 0.45)
(3.85 0.15 0.45)
(3.9 0.15 0.45)
(3.95 0.15 0.45)
(4 0.15 0.45)
(4.05 0.15 0.45)
(4.1 0.15 0.45)
(4.15 0.15 0.45)
(4.2 0.15 0.45)
(4.25 0.15 0.45)
(4.3 0.15 0.45)
(4.35 0.15 0.45)
(4.4 0.15 0.45)
(4.45 0.15 0.45)
(4.5 0.15 0.45)
(4.55 0.15 0.45)
(4.6 0.15 0.45)
(4.65 0.15 0.45)
(4.7 0.15 0.45)
(4.75 0.15 0.45)
(4.8 0.15 0.45)
(4.85 0.15 0.45)
(4.9 0.15 0.45)
(4.95 0.15 0.45)
(5 0.15 0.45)
(3.35 0.2 0.45)
(3.4 0.2 0.45)
(3.45 0.2 0.45)
(3.5 0.2 0.45)
(3.55 0.2 0.45)
(3.6 0.2 0.45)
(3.65 0.2 0.45)
(3.7 0.2 0.45)
(3.75 0.2 0.45)
(3.8 0.2 0.45)
(3.85 0.2 0.45)
(3.9 0.2 0.45)
(3.95 0.2 0.45)
(4 0.2 0.45)
(4.05 0.2 0.45)
(4.1 0.2 0.45)
(4.15 0.2 0.45)
(4.2 0.2 0.45)
(4.25 0.2 0.45)
(4.3 0.2 0.45)
(4.35 0.2 0.45)
(4.4 0.2 0.45)
(4.45 0.2 0.45)
(4.5 0.2 0.45)
(4.55 0.2 0.45)
(4.6 0.2 0.45)
(4.65 0.2 0.45)
(4.7 0.2 0.45)
(4.75 0.2 0.45)
(4.8 0.2 0.45)
(4.85 0.2 0.45)
(4.9 0.2 0.45)
(4.95 0.2 0.45)
(5 0.2 0.45)
(3.35 0.25 0.45)
(3.4 0.25 0.45)
(3.45 0.25 0.45)
(3.5 0.25 0.45)
(3.55 0.25 0.45)
(3.6 0.25 0.45)
(3.65 0.25 0.45)
(3.7 0.25 0.45)
(3.75 0.25 0.45)
(3.8 0.25 0.45)
(3.85 0.25 0.45)
(3.9 0.25 0.45)
(3.95 0.25 0.45)
(4 0.25 0.45)
(4.05 0.25 0.45)
(4.1 0.25 0.45)
(4.15 0.25 0.45)
(4.2 0.25 0.45)
(4.25 0.25 0.45)
(4.3 0.25 0.45)
(4.35 0.25 0.45)
(4.4 0.25 0.45)
(4.45 0.25 0.45)
(4.5 0.25 0.45)
(4.55 0.25 0.45)
(4.6 0.25 0.45)
(4.65 0.25 0.45)
(4.7 0.25 0.45)
(4.75 0.25 0.45)
(4.8 0.25 0.45)
(4.85 0.25 0.45)
(4.9 0.25 0.45)
(4.95 0.25 0.45)
(5 0.25 0.45)
(3.35 0.3 0.45)
(3.4 0.3 0.45)
(3.45 0.3 0.45)
(3.5 0.3 0.45)
(3.55 0.3 0.45)
(3.6 0.3 0.45)
(3.65 0.3 0.45)
(3.7 0.3 0.45)
(3.75 0.3 0.45)
(3.8 0.3 0.45)
(3.85 0.3 0.45)
(3.9 0.3 0.45)
(3.95 0.3 0.45)
(4 0.3 0.45)
(4.05 0.3 0.45)
(4.1 0.3 0.45)
(4.15 0.3 0.45)
(4.2 0.3 0.45)
(4.25 0.3 0.45)
(4.3 0.3 0.45)
(4.35 0.3 0.45)
(4.4 0.3 0.45)
(4.45 0.3 0.45)
(4.5 0.3 0.45)
(4.55 0.3 0.45)
(4.6 0.3 0.45)
(4.65 0.3 0.45)
(4.7 0.3 0.45)
(4.75 0.3 0.45)
(4.8 0.3 0.45)
(4.85 0.3 0.45)
(4.9 0.3 0.45)
(4.95 0.3 0.45)
(5 0.3 0.45)
(3.35 0.35 0.45)
(3.4 0.35 0.45)
(3.45 0.35 0.45)
(3.5 0.35 0.45)
(3.55 0.35 0.45)
(3.6 0.35 0.45)
(3.65 0.35 0.45)
(3.7 0.35 0.45)
(3.75 0.35 0.45)
(3.8 0.35 0.45)
(3.85 0.35 0.45)
(3.9 0.35 0.45)
(3.95 0.35 0.45)
(4 0.35 0.45)
(4.05 0.35 0.45)
(4.1 0.35 0.45)
(4.15 0.35 0.45)
(4.2 0.35 0.45)
(4.25 0.35 0.45)
(4.3 0.35 0.45)
(4.35 0.35 0.45)
(4.4 0.35 0.45)
(4.45 0.35 0.45)
(4.5 0.35 0.45)
(4.55 0.35 0.45)
(4.6 0.35 0.45)
(4.65 0.35 0.45)
(4.7 0.35 0.45)
(4.75 0.35 0.45)
(4.8 0.35 0.45)
(4.85 0.35 0.45)
(4.9 0.35 0.45)
(4.95 0.35 0.45)
(5 0.35 0.45)
(3.35 0.4 0.45)
(3.4 0.4 0.45)
(3.45 0.4 0.45)
(3.5 0.4 0.45)
(3.55 0.4 0.45)
(3.6 0.4 0.45)
(3.65 0.4 0.45)
(3.7 0.4 0.45)
(3.75 0.4 0.45)
(3.8 0.4 0.45)
(3.85 0.4 0.45)
(3.9 0.4 0.45)
(3.95 0.4 0.45)
(4 0.4 0.45)
(4.05 0.4 0.45)
(4.1 0.4 0.45)
(4.15 0.4 0.45)
(4.2 0.4 0.45)
(4.25 0.4 0.45)
(4.3 0.4 0.45)
(4.35 0.4 0.45)
(4.4 0.4 0.45)
(4.45 0.4 0.45)
(4.5 0.4 0.45)
(4.55 0.4 0.45)
(4.6 0.4 0.45)
(4.65 0.4 0.45)
(4.7 0.4 0.45)
(4.75 0.4 0.45)
(4.8 0.4 0.45)
(4.85 0.4 0.45)
(4.9 0.4 0.45)
(4.95 0.4 0.45)
(5 0.4 0.45)
(3.35 0 0.5)
(3.4 0 0.5)
(3.45 0 0.5)
(3.5 0 0.5)
(3.55 0 0.5)
(3.6 0 0.5)
(3.65 0 0.5)
(3.7 0 0.5)
(3.75 0 0.5)
(3.8 0 0.5)
(3.85 0 0.5)
(3.9 0 0.5)
(3.95 0 0.5)
(4 0 0.5)
(4.05 0 0.5)
(4.1 0 0.5)
(4.15 0 0.5)
(4.2 0 0.5)
(4.25 0 0.5)
(4.3 0 0.5)
(4.35 0 0.5)
(4.4 0 0.5)
(4.45 0 0.5)
(4.5 0 0.5)
(4.55 0 0.5)
(4.6 0 0.5)
(4.65 0 0.5)
(4.7 0 0.5)
(4.75 0 0.5)
(4.8 0 0.5)
(4.85 0 0.5)
(4.9 0 0.5)
(4.95 0 0.5)
(5 0 0.5)
(3.35 0.05 0.5)
(3.4 0.05 0.5)
(3.45 0.05 0.5)
(3.5 0.05 0.5)
(3.55 0.05 0.5)
(3.6 0.05 0.5)
(3.65 0.05 0.5)
(3.7 0.05 0.5)
(3.75 0.05 0.5)
(3.8 0.05 0.5)
(3.85 0.05 0.5)
(3.9 0.05 0.5)
(3.95 0.05 0.5)
(4 0.05 0.5)
(4.05 0.05 0.5)
(4.1 0.05 0.5)
(4.15 0.05 0.5)
(4.2 0.05 0.5)
(4.25 0.05 0.5)
(4.3 0.05 0.5)
(4.35 0.05 0.5)
(4.4 0.05 0.5)
(4.45 0.05 0.5)
(4.5 0.05 0.5)
(4.55 0.05 0.5)
(4.6 0.05 0.5)
(4.65 0.05 0.5)
(4.7 0.05 0.5)
(4.75 0.05 0.5)
(4.8 0.05 0.5)
(4.85 0.05 0.5)
(4.9 0.05 0.5)
(4.95 0.05 0.5)
(5 0.05 0.5)
(3.35 0.1 0.5)
(3.4 0.1 0.5)
(3.45 0.1 0.5)
(3.5 0.1 0.5)
(3.55 0.1 0.5)
(3.6 0.1 0.5)
(3.65 0.1 0.5)
(3.7 0.1 0.5)
(3.75 0.1 0.5)
(3.8 0.1 0.5)
(3.85 0.1 0.5)
(3.9 0.1 0.5)
(3.95 0.1 0.5)
(4 0.1 0.5)
(4.05 0.1 0.5)
(4.1 0.1 0.5)
(4.15 0.1 0.5)
(4.2 0.1 0.5)
(4.25 0.1 0.5)
(4.3 0.1 0.5)
(4.35 0.1 0.5)
(4.4 0.1 0.5)
(4.45 0.1 0.5)
(4.5 0.1 0.5)
(4.55 0.1 0.5)
(4.6 0.1 0.5)
(4.65 0.1 0.5)
(4.7 0.1 0.5)
(4.75 0.1 0.5)
(4.8 0.1 0.5)
(4.85 0.1 0.5)
(4.9 0.1 0.5)
(4.95 0.1 0.5)
(5 0.1 0.5)
(3.35 0.15 0.5)
(3.4 0.15 0.5)
(3.45 0.15 0.5)
(3.5 0.15 0.5)
(3.55 0.15 0.5)
(3.6 0.15 0.5)
(3.65 0.15 0.5)
(3.7 0.15 0.5)
(3.75 0.15 0.5)
(3.8 0.15 0.5)
(3.85 0.15 0.5)
(3.9 0.15 0.5)
(3.95 0.15 0.5)
(4 0.15 0.5)
(4.05 0.15 0.5)
(4.1 0.15 0.5)
(4.15 0.15 0.5)
(4.2 0.15 0.5)
(4.25 0.15 0.5)
(4.3 0.15 0.5)
(4.35 0.15 0.5)
(4.4 0.15 0.5)
(4.45 0.15 0.5)
(4.5 0.15 0.5)
(4.55 0.15 0.5)
(4.6 0.15 0.5)
(4.65 0.15 0.5)
(4.7 0.15 0.5)
(4.75 0.15 0.5)
(4.8 0.15 0.5)
(4.85 0.15 0.5)
(4.9 0.15 0.5)
(4.95 0.15 0.5)
(5 0.15 0.5)
(3.35 0.2 0.5)
(3.4 0.2 0.5)
(3.45 0.2 0.5)
(3.5 0.2 0.5)
(3.55 0.2 0.5)
(3.6 0.2 0.5)
(3.65 0.2 0.5)
(3.7 0.2 0.5)
(3.75 0.2 0.5)
(3.8 0.2 0.5)
(3.85 0.2 0.5)
(3.9 0.2 0.5)
(3.95 0.2 0.5)
(4 0.2 0.5)
(4.05 0.2 0.5)
(4.1 0.2 0.5)
(4.15 0.2 0.5)
(4.2 0.2 0.5)
(4.25 0.2 0.5)
(4.3 0.2 0.5)
(4.35 0.2 0.5)
(4.4 0.2 0.5)
(4.45 0.2 0.5)
(4.5 0.2 0.5)
(4.55 0.2 0.5)
(4.6 0.2 0.5)
(4.65 0.2 0.5)
(4.7 0.2 0.5)
(4.75 0.2 0.5)
(4.8 0.2 0.5)
(4.85 0.2 0.5)
(4.9 0.2 0.5)
(4.95 0.2 0.5)
(5 0.2 0.5)
(3.35 0.25 0.5)
(3.4 0.25 0.5)
(3.45 0.25 0.5)
(3.5 0.25 0.5)
(3.55 0.25 0.5)
(3.6 0.25 0.5)
(3.65 0.25 0.5)
(3.7 0.25 0.5)
(3.75 0.25 0.5)
(3.8 0.25 0.5)
(3.85 0.25 0.5)
(3.9 0.25 0.5)
(3.95 0.25 0.5)
(4 0.25 0.5)
(4.05 0.25 0.5)
(4.1 0.25 0.5)
(4.15 0.25 0.5)
(4.2 0.25 0.5)
(4.25 0.25 0.5)
(4.3 0.25 0.5)
(4.35 0.25 0.5)
(4.4 0.25 0.5)
(4.45 0.25 0.5)
(4.5 0.25 0.5)
(4.55 0.25 0.5)
(4.6 0.25 0.5)
(4.65 0.25 0.5)
(4.7 0.25 0.5)
(4.75 0.25 0.5)
(4.8 0.25 0.5)
(4.85 0.25 0.5)
(4.9 0.25 0.5)
(4.95 0.25 0.5)
(5 0.25 0.5)
(3.35 0.3 0.5)
(3.4 0.3 0.5)
(3.45 0.3 0.5)
(3.5 0.3 0.5)
(3.55 0.3 0.5)
(3.6 0.3 0.5)
(3.65 0.3 0.5)
(3.7 0.3 0.5)
(3.75 0.3 0.5)
(3.8 0.3 0.5)
(3.85 0.3 0.5)
(3.9 0.3 0.5)
(3.95 0.3 0.5)
(4 0.3 0.5)
(4.05 0.3 0.5)
(4.1 0.3 0.5)
(4.15 0.3 0.5)
(4.2 0.3 0.5)
(4.25 0.3 0.5)
(4.3 0.3 0.5)
(4.35 0.3 0.5)
(4.4 0.3 0.5)
(4.45 0.3 0.5)
(4.5 0.3 0.5)
(4.55 0.3 0.5)
(4.6 0.3 0.5)
(4.65 0.3 0.5)
(4.7 0.3 0.5)
(4.75 0.3 0.5)
(4.8 0.3 0.5)
(4.85 0.3 0.5)
(4.9 0.3 0.5)
(4.95 0.3 0.5)
(5 0.3 0.5)
(3.35 0.35 0.5)
(3.4 0.35 0.5)
(3.45 0.35 0.5)
(3.5 0.35 0.5)
(3.55 0.35 0.5)
(3.6 0.35 0.5)
(3.65 0.35 0.5)
(3.7 0.35 0.5)
(3.75 0.35 0.5)
(3.8 0.35 0.5)
(3.85 0.35 0.5)
(3.9 0.35 0.5)
(3.95 0.35 0.5)
(4 0.35 0.5)
(4.05 0.35 0.5)
(4.1 0.35 0.5)
(4.15 0.35 0.5)
(4.2 0.35 0.5)
(4.25 0.35 0.5)
(4.3 0.35 0.5)
(4.35 0.35 0.5)
(4.4 0.35 0.5)
(4.45 0.35 0.5)
(4.5 0.35 0.5)
(4.55 0.35 0.5)
(4.6 0.35 0.5)
(4.65 0.35 0.5)
(4.7 0.35 0.5)
(4.75 0.35 0.5)
(4.8 0.35 0.5)
(4.85 0.35 0.5)
(4.9 0.35 0.5)
(4.95 0.35 0.5)
(5 0.35 0.5)
(3.35 0.4 0.5)
(3.4 0.4 0.5)
(3.45 0.4 0.5)
(3.5 0.4 0.5)
(3.55 0.4 0.5)
(3.6 0.4 0.5)
(3.65 0.4 0.5)
(3.7 0.4 0.5)
(3.75 0.4 0.5)
(3.8 0.4 0.5)
(3.85 0.4 0.5)
(3.9 0.4 0.5)
(3.95 0.4 0.5)
(4 0.4 0.5)
(4.05 0.4 0.5)
(4.1 0.4 0.5)
(4.15 0.4 0.5)
(4.2 0.4 0.5)
(4.25 0.4 0.5)
(4.3 0.4 0.5)
(4.35 0.4 0.5)
(4.4 0.4 0.5)
(4.45 0.4 0.5)
(4.5 0.4 0.5)
(4.55 0.4 0.5)
(4.6 0.4 0.5)
(4.65 0.4 0.5)
(4.7 0.4 0.5)
(4.75 0.4 0.5)
(4.8 0.4 0.5)
(4.85 0.4 0.5)
(4.9 0.4 0.5)
(4.95 0.4 0.5)
(5 0.4 0.5)
(3.35 0 0.55)
(3.4 0 0.55)
(3.45 0 0.55)
(3.5 0 0.55)
(3.55 0 0.55)
(3.6 0 0.55)
(3.65 0 0.55)
(3.7 0 0.55)
(3.75 0 0.55)
(3.8 0 0.55)
(3.85 0 0.55)
(3.9 0 0.55)
(3.95 0 0.55)
(4 0 0.55)
(4.05 0 0.55)
(4.1 0 0.55)
(4.15 0 0.55)
(4.2 0 0.55)
(4.25 0 0.55)
(4.3 0 0.55)
(4.35 0 0.55)
(4.4 0 0.55)
(4.45 0 0.55)
(4.5 0 0.55)
(4.55 0 0.55)
(4.6 0 0.55)
(4.65 0 0.55)
(4.7 0 0.55)
(4.75 0 0.55)
(4.8 0 0.55)
(4.85 0 0.55)
(4.9 0 0.55)
(4.95 0 0.55)
(5 0 0.55)
(3.35 0.05 0.55)
(3.4 0.05 0.55)
(3.45 0.05 0.55)
(3.5 0.05 0.55)
(3.55 0.05 0.55)
(3.6 0.05 0.55)
(3.65 0.05 0.55)
(3.7 0.05 0.55)
(3.75 0.05 0.55)
(3.8 0.05 0.55)
(3.85 0.05 0.55)
(3.9 0.05 0.55)
(3.95 0.05 0.55)
(4 0.05 0.55)
(4.05 0.05 0.55)
(4.1 0.05 0.55)
(4.15 0.05 0.55)
(4.2 0.05 0.55)
(4.25 0.05 0.55)
(4.3 0.05 0.55)
(4.35 0.05 0.55)
(4.4 0.05 0.55)
(4.45 0.05 0.55)
(4.5 0.05 0.55)
(4.55 0.05 0.55)
(4.6 0.05 0.55)
(4.65 0.05 0.55)
(4.7 0.05 0.55)
(4.75 0.05 0.55)
(4.8 0.05 0.55)
(4.85 0.05 0.55)
(4.9 0.05 0.55)
(4.95 0.05 0.55)
(5 0.05 0.55)
(3.35 0.1 0.55)
(3.4 0.1 0.55)
(3.45 0.1 0.55)
(3.5 0.1 0.55)
(3.55 0.1 0.55)
(3.6 0.1 0.55)
(3.65 0.1 0.55)
(3.7 0.1 0.55)
(3.75 0.1 0.55)
(3.8 0.1 0.55)
(3.85 0.1 0.55)
(3.9 0.1 0.55)
(3.95 0.1 0.55)
(4 0.1 0.55)
(4.05 0.1 0.55)
(4.1 0.1 0.55)
(4.15 0.1 0.55)
(4.2 0.1 0.55)
(4.25 0.1 0.55)
(4.3 0.1 0.55)
(4.35 0.1 0.55)
(4.4 0.1 0.55)
(4.45 0.1 0.55)
(4.5 0.1 0.55)
(4.55 0.1 0.55)
(4.6 0.1 0.55)
(4.65 0.1 0.55)
(4.7 0.1 0.55)
(4.75 0.1 0.55)
(4.8 0.1 0.55)
(4.85 0.1 0.55)
(4.9 0.1 0.55)
(4.95 0.1 0.55)
(5 0.1 0.55)
(3.35 0.15 0.55)
(3.4 0.15 0.55)
(3.45 0.15 0.55)
(3.5 0.15 0.55)
(3.55 0.15 0.55)
(3.6 0.15 0.55)
(3.65 0.15 0.55)
(3.7 0.15 0.55)
(3.75 0.15 0.55)
(3.8 0.15 0.55)
(3.85 0.15 0.55)
(3.9 0.15 0.55)
(3.95 0.15 0.55)
(4 0.15 0.55)
(4.05 0.15 0.55)
(4.1 0.15 0.55)
(4.15 0.15 0.55)
(4.2 0.15 0.55)
(4.25 0.15 0.55)
(4.3 0.15 0.55)
(4.35 0.15 0.55)
(4.4 0.15 0.55)
(4.45 0.15 0.55)
(4.5 0.15 0.55)
(4.55 0.15 0.55)
(4.6 0.15 0.55)
(4.65 0.15 0.55)
(4.7 0.15 0.55)
(4.75 0.15 0.55)
(4.8 0.15 0.55)
(4.85 0.15 0.55)
(4.9 0.15 0.55)
(4.95 0.15 0.55)
(5 0.15 0.55)
(3.35 0.2 0.55)
(3.4 0.2 0.55)
(3.45 0.2 0.55)
(3.5 0.2 0.55)
(3.55 0.2 0.55)
(3.6 0.2 0.55)
(3.65 0.2 0.55)
(3.7 0.2 0.55)
(3.75 0.2 0.55)
(3.8 0.2 0.55)
(3.85 0.2 0.55)
(3.9 0.2 0.55)
(3.95 0.2 0.55)
(4 0.2 0.55)
(4.05 0.2 0.55)
(4.1 0.2 0.55)
(4.15 0.2 0.55)
(4.2 0.2 0.55)
(4.25 0.2 0.55)
(4.3 0.2 0.55)
(4.35 0.2 0.55)
(4.4 0.2 0.55)
(4.45 0.2 0.55)
(4.5 0.2 0.55)
(4.55 0.2 0.55)
(4.6 0.2 0.55)
(4.65 0.2 0.55)
(4.7 0.2 0.55)
(4.75 0.2 0.55)
(4.8 0.2 0.55)
(4.85 0.2 0.55)
(4.9 0.2 0.55)
(4.95 0.2 0.55)
(5 0.2 0.55)
(3.35 0.25 0.55)
(3.4 0.25 0.55)
(3.45 0.25 0.55)
(3.5 0.25 0.55)
(3.55 0.25 0.55)
(3.6 0.25 0.55)
(3.65 0.25 0.55)
(3.7 0.25 0.55)
(3.75 0.25 0.55)
(3.8 0.25 0.55)
(3.85 0.25 0.55)
(3.9 0.25 0.55)
(3.95 0.25 0.55)
(4 0.25 0.55)
(4.05 0.25 0.55)
(4.1 0.25 0.55)
(4.15 0.25 0.55)
(4.2 0.25 0.55)
(4.25 0.25 0.55)
(4.3 0.25 0.55)
(4.35 0.25 0.55)
(4.4 0.25 0.55)
(4.45 0.25 0.55)
(4.5 0.25 0.55)
(4.55 0.25 0.55)
(4.6 0.25 0.55)
(4.65 0.25 0.55)
(4.7 0.25 0.55)
(4.75 0.25 0.55)
(4.8 0.25 0.55)
(4.85 0.25 0.55)
(4.9 0.25 0.55)
(4.95 0.25 0.55)
(5 0.25 0.55)
(3.35 0.3 0.55)
(3.4 0.3 0.55)
(3.45 0.3 0.55)
(3.5 0.3 0.55)
(3.55 0.3 0.55)
(3.6 0.3 0.55)
(3.65 0.3 0.55)
(3.7 0.3 0.55)
(3.75 0.3 0.55)
(3.8 0.3 0.55)
(3.85 0.3 0.55)
(3.9 0.3 0.55)
(3.95 0.3 0.55)
(4 0.3 0.55)
(4.05 0.3 0.55)
(4.1 0.3 0.55)
(4.15 0.3 0.55)
(4.2 0.3 0.55)
(4.25 0.3 0.55)
(4.3 0.3 0.55)
(4.35 0.3 0.55)
(4.4 0.3 0.55)
(4.45 0.3 0.55)
(4.5 0.3 0.55)
(4.55 0.3 0.55)
(4.6 0.3 0.55)
(4.65 0.3 0.55)
(4.7 0.3 0.55)
(4.75 0.3 0.55)
(4.8 0.3 0.55)
(4.85 0.3 0.55)
(4.9 0.3 0.55)
(4.95 0.3 0.55)
(5 0.3 0.55)
(3.35 0.35 0.55)
(3.4 0.35 0.55)
(3.45 0.35 0.55)
(3.5 0.35 0.55)
(3.55 0.35 0.55)
(3.6 0.35 0.55)
(3.65 0.35 0.55)
(3.7 0.35 0.55)
(3.75 0.35 0.55)
(3.8 0.35 0.55)
(3.85 0.35 0.55)
(3.9 0.35 0.55)
(3.95 0.35 0.55)
(4 0.35 0.55)
(4.05 0.35 0.55)
(4.1 0.35 0.55)
(4.15 0.35 0.55)
(4.2 0.35 0.55)
(4.25 0.35 0.55)
(4.3 0.35 0.55)
(4.35 0.35 0.55)
(4.4 0.35 0.55)
(4.45 0.35 0.55)
(4.5 0.35 0.55)
(4.55 0.35 0.55)
(4.6 0.35 0.55)
(4.65 0.35 0.55)
(4.7 0.35 0.55)
(4.75 0.35 0.55)
(4.8 0.35 0.55)
(4.85 0.35 0.55)
(4.9 0.35 0.55)
(4.95 0.35 0.55)
(5 0.35 0.55)
(3.35 0.4 0.55)
(3.4 0.4 0.55)
(3.45 0.4 0.55)
(3.5 0.4 0.55)
(3.55 0.4 0.55)
(3.6 0.4 0.55)
(3.65 0.4 0.55)
(3.7 0.4 0.55)
(3.75 0.4 0.55)
(3.8 0.4 0.55)
(3.85 0.4 0.55)
(3.9 0.4 0.55)
(3.95 0.4 0.55)
(4 0.4 0.55)
(4.05 0.4 0.55)
(4.1 0.4 0.55)
(4.15 0.4 0.55)
(4.2 0.4 0.55)
(4.25 0.4 0.55)
(4.3 0.4 0.55)
(4.35 0.4 0.55)
(4.4 0.4 0.55)
(4.45 0.4 0.55)
(4.5 0.4 0.55)
(4.55 0.4 0.55)
(4.6 0.4 0.55)
(4.65 0.4 0.55)
(4.7 0.4 0.55)
(4.75 0.4 0.55)
(4.8 0.4 0.55)
(4.85 0.4 0.55)
(4.9 0.4 0.55)
(4.95 0.4 0.55)
(5 0.4 0.55)
(3.35 0 0.6)
(3.4 0 0.6)
(3.45 0 0.6)
(3.5 0 0.6)
(3.55 0 0.6)
(3.6 0 0.6)
(3.65 0 0.6)
(3.7 0 0.6)
(3.75 0 0.6)
(3.8 0 0.6)
(3.85 0 0.6)
(3.9 0 0.6)
(3.95 0 0.6)
(4 0 0.6)
(4.05 0 0.6)
(4.1 0 0.6)
(4.15 0 0.6)
(4.2 0 0.6)
(4.25 0 0.6)
(4.3 0 0.6)
(4.35 0 0.6)
(4.4 0 0.6)
(4.45 0 0.6)
(4.5 0 0.6)
(4.55 0 0.6)
(4.6 0 0.6)
(4.65 0 0.6)
(4.7 0 0.6)
(4.75 0 0.6)
(4.8 0 0.6)
(4.85 0 0.6)
(4.9 0 0.6)
(4.95 0 0.6)
(5 0 0.6)
(3.35 0.05 0.6)
(3.4 0.05 0.6)
(3.45 0.05 0.6)
(3.5 0.05 0.6)
(3.55 0.05 0.6)
(3.6 0.05 0.6)
(3.65 0.05 0.6)
(3.7 0.05 0.6)
(3.75 0.05 0.6)
(3.8 0.05 0.6)
(3.85 0.05 0.6)
(3.9 0.05 0.6)
(3.95 0.05 0.6)
(4 0.05 0.6)
(4.05 0.05 0.6)
(4.1 0.05 0.6)
(4.15 0.05 0.6)
(4.2 0.05 0.6)
(4.25 0.05 0.6)
(4.3 0.05 0.6)
(4.35 0.05 0.6)
(4.4 0.05 0.6)
(4.45 0.05 0.6)
(4.5 0.05 0.6)
(4.55 0.05 0.6)
(4.6 0.05 0.6)
(4.65 0.05 0.6)
(4.7 0.05 0.6)
(4.75 0.05 0.6)
(4.8 0.05 0.6)
(4.85 0.05 0.6)
(4.9 0.05 0.6)
(4.95 0.05 0.6)
(5 0.05 0.6)
(3.35 0.1 0.6)
(3.4 0.1 0.6)
(3.45 0.1 0.6)
(3.5 0.1 0.6)
(3.55 0.1 0.6)
(3.6 0.1 0.6)
(3.65 0.1 0.6)
(3.7 0.1 0.6)
(3.75 0.1 0.6)
(3.8 0.1 0.6)
(3.85 0.1 0.6)
(3.9 0.1 0.6)
(3.95 0.1 0.6)
(4 0.1 0.6)
(4.05 0.1 0.6)
(4.1 0.1 0.6)
(4.15 0.1 0.6)
(4.2 0.1 0.6)
(4.25 0.1 0.6)
(4.3 0.1 0.6)
(4.35 0.1 0.6)
(4.4 0.1 0.6)
(4.45 0.1 0.6)
(4.5 0.1 0.6)
(4.55 0.1 0.6)
(4.6 0.1 0.6)
(4.65 0.1 0.6)
(4.7 0.1 0.6)
(4.75 0.1 0.6)
(4.8 0.1 0.6)
(4.85 0.1 0.6)
(4.9 0.1 0.6)
(4.95 0.1 0.6)
(5 0.1 0.6)
(3.35 0.15 0.6)
(3.4 0.15 0.6)
(3.45 0.15 0.6)
(3.5 0.15 0.6)
(3.55 0.15 0.6)
(3.6 0.15 0.6)
(3.65 0.15 0.6)
(3.7 0.15 0.6)
(3.75 0.15 0.6)
(3.8 0.15 0.6)
(3.85 0.15 0.6)
(3.9 0.15 0.6)
(3.95 0.15 0.6)
(4 0.15 0.6)
(4.05 0.15 0.6)
(4.1 0.15 0.6)
(4.15 0.15 0.6)
(4.2 0.15 0.6)
(4.25 0.15 0.6)
(4.3 0.15 0.6)
(4.35 0.15 0.6)
(4.4 0.15 0.6)
(4.45 0.15 0.6)
(4.5 0.15 0.6)
(4.55 0.15 0.6)
(4.6 0.15 0.6)
(4.65 0.15 0.6)
(4.7 0.15 0.6)
(4.75 0.15 0.6)
(4.8 0.15 0.6)
(4.85 0.15 0.6)
(4.9 0.15 0.6)
(4.95 0.15 0.6)
(5 0.15 0.6)
(3.35 0.2 0.6)
(3.4 0.2 0.6)
(3.45 0.2 0.6)
(3.5 0.2 0.6)
(3.55 0.2 0.6)
(3.6 0.2 0.6)
(3.65 0.2 0.6)
(3.7 0.2 0.6)
(3.75 0.2 0.6)
(3.8 0.2 0.6)
(3.85 0.2 0.6)
(3.9 0.2 0.6)
(3.95 0.2 0.6)
(4 0.2 0.6)
(4.05 0.2 0.6)
(4.1 0.2 0.6)
(4.15 0.2 0.6)
(4.2 0.2 0.6)
(4.25 0.2 0.6)
(4.3 0.2 0.6)
(4.35 0.2 0.6)
(4.4 0.2 0.6)
(4.45 0.2 0.6)
(4.5 0.2 0.6)
(4.55 0.2 0.6)
(4.6 0.2 0.6)
(4.65 0.2 0.6)
(4.7 0.2 0.6)
(4.75 0.2 0.6)
(4.8 0.2 0.6)
(4.85 0.2 0.6)
(4.9 0.2 0.6)
(4.95 0.2 0.6)
(5 0.2 0.6)
(3.35 0.25 0.6)
(3.4 0.25 0.6)
(3.45 0.25 0.6)
(3.5 0.25 0.6)
(3.55 0.25 0.6)
(3.6 0.25 0.6)
(3.65 0.25 0.6)
(3.7 0.25 0.6)
(3.75 0.25 0.6)
(3.8 0.25 0.6)
(3.85 0.25 0.6)
(3.9 0.25 0.6)
(3.95 0.25 0.6)
(4 0.25 0.6)
(4.05 0.25 0.6)
(4.1 0.25 0.6)
(4.15 0.25 0.6)
(4.2 0.25 0.6)
(4.25 0.25 0.6)
(4.3 0.25 0.6)
(4.35 0.25 0.6)
(4.4 0.25 0.6)
(4.45 0.25 0.6)
(4.5 0.25 0.6)
(4.55 0.25 0.6)
(4.6 0.25 0.6)
(4.65 0.25 0.6)
(4.7 0.25 0.6)
(4.75 0.25 0.6)
(4.8 0.25 0.6)
(4.85 0.25 0.6)
(4.9 0.25 0.6)
(4.95 0.25 0.6)
(5 0.25 0.6)
(3.35 0.3 0.6)
(3.4 0.3 0.6)
(3.45 0.3 0.6)
(3.5 0.3 0.6)
(3.55 0.3 0.6)
(3.6 0.3 0.6)
(3.65 0.3 0.6)
(3.7 0.3 0.6)
(3.75 0.3 0.6)
(3.8 0.3 0.6)
(3.85 0.3 0.6)
(3.9 0.3 0.6)
(3.95 0.3 0.6)
(4 0.3 0.6)
(4.05 0.3 0.6)
(4.1 0.3 0.6)
(4.15 0.3 0.6)
(4.2 0.3 0.6)
(4.25 0.3 0.6)
(4.3 0.3 0.6)
(4.35 0.3 0.6)
(4.4 0.3 0.6)
(4.45 0.3 0.6)
(4.5 0.3 0.6)
(4.55 0.3 0.6)
(4.6 0.3 0.6)
(4.65 0.3 0.6)
(4.7 0.3 0.6)
(4.75 0.3 0.6)
(4.8 0.3 0.6)
(4.85 0.3 0.6)
(4.9 0.3 0.6)
(4.95 0.3 0.6)
(5 0.3 0.6)
(3.35 0.35 0.6)
(3.4 0.35 0.6)
(3.45 0.35 0.6)
(3.5 0.35 0.6)
(3.55 0.35 0.6)
(3.6 0.35 0.6)
(3.65 0.35 0.6)
(3.7 0.35 0.6)
(3.75 0.35 0.6)
(3.8 0.35 0.6)
(3.85 0.35 0.6)
(3.9 0.35 0.6)
(3.95 0.35 0.6)
(4 0.35 0.6)
(4.05 0.35 0.6)
(4.1 0.35 0.6)
(4.15 0.35 0.6)
(4.2 0.35 0.6)
(4.25 0.35 0.6)
(4.3 0.35 0.6)
(4.35 0.35 0.6)
(4.4 0.35 0.6)
(4.45 0.35 0.6)
(4.5 0.35 0.6)
(4.55 0.35 0.6)
(4.6 0.35 0.6)
(4.65 0.35 0.6)
(4.7 0.35 0.6)
(4.75 0.35 0.6)
(4.8 0.35 0.6)
(4.85 0.35 0.6)
(4.9 0.35 0.6)
(4.95 0.35 0.6)
(5 0.35 0.6)
(3.35 0.4 0.6)
(3.4 0.4 0.6)
(3.45 0.4 0.6)
(3.5 0.4 0.6)
(3.55 0.4 0.6)
(3.6 0.4 0.6)
(3.65 0.4 0.6)
(3.7 0.4 0.6)
(3.75 0.4 0.6)
(3.8 0.4 0.6)
(3.85 0.4 0.6)
(3.9 0.4 0.6)
(3.95 0.4 0.6)
(4 0.4 0.6)
(4.05 0.4 0.6)
(4.1 0.4 0.6)
(4.15 0.4 0.6)
(4.2 0.4 0.6)
(4.25 0.4 0.6)
(4.3 0.4 0.6)
(4.35 0.4 0.6)
(4.4 0.4 0.6)
(4.45 0.4 0.6)
(4.5 0.4 0.6)
(4.55 0.4 0.6)
(4.6 0.4 0.6)
(4.65 0.4 0.6)
(4.7 0.4 0.6)
(4.75 0.4 0.6)
(4.8 0.4 0.6)
(4.85 0.4 0.6)
(4.9 0.4 0.6)
(4.95 0.4 0.6)
(5 0.4 0.6)
(3.35 0 0.65)
(3.4 0 0.65)
(3.45 0 0.65)
(3.5 0 0.65)
(3.55 0 0.65)
(3.6 0 0.65)
(3.65 0 0.65)
(3.7 0 0.65)
(3.75 0 0.65)
(3.8 0 0.65)
(3.85 0 0.65)
(3.9 0 0.65)
(3.95 0 0.65)
(4 0 0.65)
(4.05 0 0.65)
(4.1 0 0.65)
(4.15 0 0.65)
(4.2 0 0.65)
(4.25 0 0.65)
(4.3 0 0.65)
(4.35 0 0.65)
(4.4 0 0.65)
(4.45 0 0.65)
(4.5 0 0.65)
(4.55 0 0.65)
(4.6 0 0.65)
(4.65 0 0.65)
(4.7 0 0.65)
(4.75 0 0.65)
(4.8 0 0.65)
(4.85 0 0.65)
(4.9 0 0.65)
(4.95 0 0.65)
(5 0 0.65)
(3.35 0.05 0.65)
(3.4 0.05 0.65)
(3.45 0.05 0.65)
(3.5 0.05 0.65)
(3.55 0.05 0.65)
(3.6 0.05 0.65)
(3.65 0.05 0.65)
(3.7 0.05 0.65)
(3.75 0.05 0.65)
(3.8 0.05 0.65)
(3.85 0.05 0.65)
(3.9 0.05 0.65)
(3.95 0.05 0.65)
(4 0.05 0.65)
(4.05 0.05 0.65)
(4.1 0.05 0.65)
(4.15 0.05 0.65)
(4.2 0.05 0.65)
(4.25 0.05 0.65)
(4.3 0.05 0.65)
(4.35 0.05 0.65)
(4.4 0.05 0.65)
(4.45 0.05 0.65)
(4.5 0.05 0.65)
(4.55 0.05 0.65)
(4.6 0.05 0.65)
(4.65 0.05 0.65)
(4.7 0.05 0.65)
(4.75 0.05 0.65)
(4.8 0.05 0.65)
(4.85 0.05 0.65)
(4.9 0.05 0.65)
(4.95 0.05 0.65)
(5 0.05 0.65)
(3.35 0.1 0.65)
(3.4 0.1 0.65)
(3.45 0.1 0.65)
(3.5 0.1 0.65)
(3.55 0.1 0.65)
(3.6 0.1 0.65)
(3.65 0.1 0.65)
(3.7 0.1 0.65)
(3.75 0.1 0.65)
(3.8 0.1 0.65)
(3.85 0.1 0.65)
(3.9 0.1 0.65)
(3.95 0.1 0.65)
(4 0.1 0.65)
(4.05 0.1 0.65)
(4.1 0.1 0.65)
(4.15 0.1 0.65)
(4.2 0.1 0.65)
(4.25 0.1 0.65)
(4.3 0.1 0.65)
(4.35 0.1 0.65)
(4.4 0.1 0.65)
(4.45 0.1 0.65)
(4.5 0.1 0.65)
(4.55 0.1 0.65)
(4.6 0.1 0.65)
(4.65 0.1 0.65)
(4.7 0.1 0.65)
(4.75 0.1 0.65)
(4.8 0.1 0.65)
(4.85 0.1 0.65)
(4.9 0.1 0.65)
(4.95 0.1 0.65)
(5 0.1 0.65)
(3.35 0.15 0.65)
(3.4 0.15 0.65)
(3.45 0.15 0.65)
(3.5 0.15 0.65)
(3.55 0.15 0.65)
(3.6 0.15 0.65)
(3.65 0.15 0.65)
(3.7 0.15 0.65)
(3.75 0.15 0.65)
(3.8 0.15 0.65)
(3.85 0.15 0.65)
(3.9 0.15 0.65)
(3.95 0.15 0.65)
(4 0.15 0.65)
(4.05 0.15 0.65)
(4.1 0.15 0.65)
(4.15 0.15 0.65)
(4.2 0.15 0.65)
(4.25 0.15 0.65)
(4.3 0.15 0.65)
(4.35 0.15 0.65)
(4.4 0.15 0.65)
(4.45 0.15 0.65)
(4.5 0.15 0.65)
(4.55 0.15 0.65)
(4.6 0.15 0.65)
(4.65 0.15 0.65)
(4.7 0.15 0.65)
(4.75 0.15 0.65)
(4.8 0.15 0.65)
(4.85 0.15 0.65)
(4.9 0.15 0.65)
(4.95 0.15 0.65)
(5 0.15 0.65)
(3.35 0.2 0.65)
(3.4 0.2 0.65)
(3.45 0.2 0.65)
(3.5 0.2 0.65)
(3.55 0.2 0.65)
(3.6 0.2 0.65)
(3.65 0.2 0.65)
(3.7 0.2 0.65)
(3.75 0.2 0.65)
(3.8 0.2 0.65)
(3.85 0.2 0.65)
(3.9 0.2 0.65)
(3.95 0.2 0.65)
(4 0.2 0.65)
(4.05 0.2 0.65)
(4.1 0.2 0.65)
(4.15 0.2 0.65)
(4.2 0.2 0.65)
(4.25 0.2 0.65)
(4.3 0.2 0.65)
(4.35 0.2 0.65)
(4.4 0.2 0.65)
(4.45 0.2 0.65)
(4.5 0.2 0.65)
(4.55 0.2 0.65)
(4.6 0.2 0.65)
(4.65 0.2 0.65)
(4.7 0.2 0.65)
(4.75 0.2 0.65)
(4.8 0.2 0.65)
(4.85 0.2 0.65)
(4.9 0.2 0.65)
(4.95 0.2 0.65)
(5 0.2 0.65)
(3.35 0.25 0.65)
(3.4 0.25 0.65)
(3.45 0.25 0.65)
(3.5 0.25 0.65)
(3.55 0.25 0.65)
(3.6 0.25 0.65)
(3.65 0.25 0.65)
(3.7 0.25 0.65)
(3.75 0.25 0.65)
(3.8 0.25 0.65)
(3.85 0.25 0.65)
(3.9 0.25 0.65)
(3.95 0.25 0.65)
(4 0.25 0.65)
(4.05 0.25 0.65)
(4.1 0.25 0.65)
(4.15 0.25 0.65)
(4.2 0.25 0.65)
(4.25 0.25 0.65)
(4.3 0.25 0.65)
(4.35 0.25 0.65)
(4.4 0.25 0.65)
(4.45 0.25 0.65)
(4.5 0.25 0.65)
(4.55 0.25 0.65)
(4.6 0.25 0.65)
(4.65 0.25 0.65)
(4.7 0.25 0.65)
(4.75 0.25 0.65)
(4.8 0.25 0.65)
(4.85 0.25 0.65)
(4.9 0.25 0.65)
(4.95 0.25 0.65)
(5 0.25 0.65)
(3.35 0.3 0.65)
(3.4 0.3 0.65)
(3.45 0.3 0.65)
(3.5 0.3 0.65)
(3.55 0.3 0.65)
(3.6 0.3 0.65)
(3.65 0.3 0.65)
(3.7 0.3 0.65)
(3.75 0.3 0.65)
(3.8 0.3 0.65)
(3.85 0.3 0.65)
(3.9 0.3 0.65)
(3.95 0.3 0.65)
(4 0.3 0.65)
(4.05 0.3 0.65)
(4.1 0.3 0.65)
(4.15 0.3 0.65)
(4.2 0.3 0.65)
(4.25 0.3 0.65)
(4.3 0.3 0.65)
(4.35 0.3 0.65)
(4.4 0.3 0.65)
(4.45 0.3 0.65)
(4.5 0.3 0.65)
(4.55 0.3 0.65)
(4.6 0.3 0.65)
(4.65 0.3 0.65)
(4.7 0.3 0.65)
(4.75 0.3 0.65)
(4.8 0.3 0.65)
(4.85 0.3 0.65)
(4.9 0.3 0.65)
(4.95 0.3 0.65)
(5 0.3 0.65)
(3.35 0.35 0.65)
(3.4 0.35 0.65)
(3.45 0.35 0.65)
(3.5 0.35 0.65)
(3.55 0.35 0.65)
(3.6 0.35 0.65)
(3.65 0.35 0.65)
(3.7 0.35 0.65)
(3.75 0.35 0.65)
(3.8 0.35 0.65)
(3.85 0.35 0.65)
(3.9 0.35 0.65)
(3.95 0.35 0.65)
(4 0.35 0.65)
(4.05 0.35 0.65)
(4.1 0.35 0.65)
(4.15 0.35 0.65)
(4.2 0.35 0.65)
(4.25 0.35 0.65)
(4.3 0.35 0.65)
(4.35 0.35 0.65)
(4.4 0.35 0.65)
(4.45 0.35 0.65)
(4.5 0.35 0.65)
(4.55 0.35 0.65)
(4.6 0.35 0.65)
(4.65 0.35 0.65)
(4.7 0.35 0.65)
(4.75 0.35 0.65)
(4.8 0.35 0.65)
(4.85 0.35 0.65)
(4.9 0.35 0.65)
(4.95 0.35 0.65)
(5 0.35 0.65)
(3.35 0.4 0.65)
(3.4 0.4 0.65)
(3.45 0.4 0.65)
(3.5 0.4 0.65)
(3.55 0.4 0.65)
(3.6 0.4 0.65)
(3.65 0.4 0.65)
(3.7 0.4 0.65)
(3.75 0.4 0.65)
(3.8 0.4 0.65)
(3.85 0.4 0.65)
(3.9 0.4 0.65)
(3.95 0.4 0.65)
(4 0.4 0.65)
(4.05 0.4 0.65)
(4.1 0.4 0.65)
(4.15 0.4 0.65)
(4.2 0.4 0.65)
(4.25 0.4 0.65)
(4.3 0.4 0.65)
(4.35 0.4 0.65)
(4.4 0.4 0.65)
(4.45 0.4 0.65)
(4.5 0.4 0.65)
(4.55 0.4 0.65)
(4.6 0.4 0.65)
(4.65 0.4 0.65)
(4.7 0.4 0.65)
(4.75 0.4 0.65)
(4.8 0.4 0.65)
(4.85 0.4 0.65)
(4.9 0.4 0.65)
(4.95 0.4 0.65)
(5 0.4 0.65)
(3.35 0 0.7)
(3.4 0 0.7)
(3.45 0 0.7)
(3.5 0 0.7)
(3.55 0 0.7)
(3.6 0 0.7)
(3.65 0 0.7)
(3.7 0 0.7)
(3.75 0 0.7)
(3.8 0 0.7)
(3.85 0 0.7)
(3.9 0 0.7)
(3.95 0 0.7)
(4 0 0.7)
(4.05 0 0.7)
(4.1 0 0.7)
(4.15 0 0.7)
(4.2 0 0.7)
(4.25 0 0.7)
(4.3 0 0.7)
(4.35 0 0.7)
(4.4 0 0.7)
(4.45 0 0.7)
(4.5 0 0.7)
(4.55 0 0.7)
(4.6 0 0.7)
(4.65 0 0.7)
(4.7 0 0.7)
(4.75 0 0.7)
(4.8 0 0.7)
(4.85 0 0.7)
(4.9 0 0.7)
(4.95 0 0.7)
(5 0 0.7)
(3.35 0.05 0.7)
(3.4 0.05 0.7)
(3.45 0.05 0.7)
(3.5 0.05 0.7)
(3.55 0.05 0.7)
(3.6 0.05 0.7)
(3.65 0.05 0.7)
(3.7 0.05 0.7)
(3.75 0.05 0.7)
(3.8 0.05 0.7)
(3.85 0.05 0.7)
(3.9 0.05 0.7)
(3.95 0.05 0.7)
(4 0.05 0.7)
(4.05 0.05 0.7)
(4.1 0.05 0.7)
(4.15 0.05 0.7)
(4.2 0.05 0.7)
(4.25 0.05 0.7)
(4.3 0.05 0.7)
(4.35 0.05 0.7)
(4.4 0.05 0.7)
(4.45 0.05 0.7)
(4.5 0.05 0.7)
(4.55 0.05 0.7)
(4.6 0.05 0.7)
(4.65 0.05 0.7)
(4.7 0.05 0.7)
(4.75 0.05 0.7)
(4.8 0.05 0.7)
(4.85 0.05 0.7)
(4.9 0.05 0.7)
(4.95 0.05 0.7)
(5 0.05 0.7)
(3.35 0.1 0.7)
(3.4 0.1 0.7)
(3.45 0.1 0.7)
(3.5 0.1 0.7)
(3.55 0.1 0.7)
(3.6 0.1 0.7)
(3.65 0.1 0.7)
(3.7 0.1 0.7)
(3.75 0.1 0.7)
(3.8 0.1 0.7)
(3.85 0.1 0.7)
(3.9 0.1 0.7)
(3.95 0.1 0.7)
(4 0.1 0.7)
(4.05 0.1 0.7)
(4.1 0.1 0.7)
(4.15 0.1 0.7)
(4.2 0.1 0.7)
(4.25 0.1 0.7)
(4.3 0.1 0.7)
(4.35 0.1 0.7)
(4.4 0.1 0.7)
(4.45 0.1 0.7)
(4.5 0.1 0.7)
(4.55 0.1 0.7)
(4.6 0.1 0.7)
(4.65 0.1 0.7)
(4.7 0.1 0.7)
(4.75 0.1 0.7)
(4.8 0.1 0.7)
(4.85 0.1 0.7)
(4.9 0.1 0.7)
(4.95 0.1 0.7)
(5 0.1 0.7)
(3.35 0.15 0.7)
(3.4 0.15 0.7)
(3.45 0.15 0.7)
(3.5 0.15 0.7)
(3.55 0.15 0.7)
(3.6 0.15 0.7)
(3.65 0.15 0.7)
(3.7 0.15 0.7)
(3.75 0.15 0.7)
(3.8 0.15 0.7)
(3.85 0.15 0.7)
(3.9 0.15 0.7)
(3.95 0.15 0.7)
(4 0.15 0.7)
(4.05 0.15 0.7)
(4.1 0.15 0.7)
(4.15 0.15 0.7)
(4.2 0.15 0.7)
(4.25 0.15 0.7)
(4.3 0.15 0.7)
(4.35 0.15 0.7)
(4.4 0.15 0.7)
(4.45 0.15 0.7)
(4.5 0.15 0.7)
(4.55 0.15 0.7)
(4.6 0.15 0.7)
(4.65 0.15 0.7)
(4.7 0.15 0.7)
(4.75 0.15 0.7)
(4.8 0.15 0.7)
(4.85 0.15 0.7)
(4.9 0.15 0.7)
(4.95 0.15 0.7)
(5 0.15 0.7)
(3.35 0.2 0.7)
(3.4 0.2 0.7)
(3.45 0.2 0.7)
(3.5 0.2 0.7)
(3.55 0.2 0.7)
(3.6 0.2 0.7)
(3.65 0.2 0.7)
(3.7 0.2 0.7)
(3.75 0.2 0.7)
(3.8 0.2 0.7)
(3.85 0.2 0.7)
(3.9 0.2 0.7)
(3.95 0.2 0.7)
(4 0.2 0.7)
(4.05 0.2 0.7)
(4.1 0.2 0.7)
(4.15 0.2 0.7)
(4.2 0.2 0.7)
(4.25 0.2 0.7)
(4.3 0.2 0.7)
(4.35 0.2 0.7)
(4.4 0.2 0.7)
(4.45 0.2 0.7)
(4.5 0.2 0.7)
(4.55 0.2 0.7)
(4.6 0.2 0.7)
(4.65 0.2 0.7)
(4.7 0.2 0.7)
(4.75 0.2 0.7)
(4.8 0.2 0.7)
(4.85 0.2 0.7)
(4.9 0.2 0.7)
(4.95 0.2 0.7)
(5 0.2 0.7)
(3.35 0.25 0.7)
(3.4 0.25 0.7)
(3.45 0.25 0.7)
(3.5 0.25 0.7)
(3.55 0.25 0.7)
(3.6 0.25 0.7)
(3.65 0.25 0.7)
(3.7 0.25 0.7)
(3.75 0.25 0.7)
(3.8 0.25 0.7)
(3.85 0.25 0.7)
(3.9 0.25 0.7)
(3.95 0.25 0.7)
(4 0.25 0.7)
(4.05 0.25 0.7)
(4.1 0.25 0.7)
(4.15 0.25 0.7)
(4.2 0.25 0.7)
(4.25 0.25 0.7)
(4.3 0.25 0.7)
(4.35 0.25 0.7)
(4.4 0.25 0.7)
(4.45 0.25 0.7)
(4.5 0.25 0.7)
(4.55 0.25 0.7)
(4.6 0.25 0.7)
(4.65 0.25 0.7)
(4.7 0.25 0.7)
(4.75 0.25 0.7)
(4.8 0.25 0.7)
(4.85 0.25 0.7)
(4.9 0.25 0.7)
(4.95 0.25 0.7)
(5 0.25 0.7)
(3.35 0.3 0.7)
(3.4 0.3 0.7)
(3.45 0.3 0.7)
(3.5 0.3 0.7)
(3.55 0.3 0.7)
(3.6 0.3 0.7)
(3.65 0.3 0.7)
(3.7 0.3 0.7)
(3.75 0.3 0.7)
(3.8 0.3 0.7)
(3.85 0.3 0.7)
(3.9 0.3 0.7)
(3.95 0.3 0.7)
(4 0.3 0.7)
(4.05 0.3 0.7)
(4.1 0.3 0.7)
(4.15 0.3 0.7)
(4.2 0.3 0.7)
(4.25 0.3 0.7)
(4.3 0.3 0.7)
(4.35 0.3 0.7)
(4.4 0.3 0.7)
(4.45 0.3 0.7)
(4.5 0.3 0.7)
(4.55 0.3 0.7)
(4.6 0.3 0.7)
(4.65 0.3 0.7)
(4.7 0.3 0.7)
(4.75 0.3 0.7)
(4.8 0.3 0.7)
(4.85 0.3 0.7)
(4.9 0.3 0.7)
(4.95 0.3 0.7)
(5 0.3 0.7)
(3.35 0.35 0.7)
(3.4 0.35 0.7)
(3.45 0.35 0.7)
(3.5 0.35 0.7)
(3.55 0.35 0.7)
(3.6 0.35 0.7)
(3.65 0.35 0.7)
(3.7 0.35 0.7)
(3.75 0.35 0.7)
(3.8 0.35 0.7)
(3.85 0.35 0.7)
(3.9 0.35 0.7)
(3.95 0.35 0.7)
(4 0.35 0.7)
(4.05 0.35 0.7)
(4.1 0.35 0.7)
(4.15 0.35 0.7)
(4.2 0.35 0.7)
(4.25 0.35 0.7)
(4.3 0.35 0.7)
(4.35 0.35 0.7)
(4.4 0.35 0.7)
(4.45 0.35 0.7)
(4.5 0.35 0.7)
(4.55 0.35 0.7)
(4.6 0.35 0.7)
(4.65 0.35 0.7)
(4.7 0.35 0.7)
(4.75 0.35 0.7)
(4.8 0.35 0.7)
(4.85 0.35 0.7)
(4.9 0.35 0.7)
(4.95 0.35 0.7)
(5 0.35 0.7)
(3.35 0.4 0.7)
(3.4 0.4 0.7)
(3.45 0.4 0.7)
(3.5 0.4 0.7)
(3.55 0.4 0.7)
(3.6 0.4 0.7)
(3.65 0.4 0.7)
(3.7 0.4 0.7)
(3.75 0.4 0.7)
(3.8 0.4 0.7)
(3.85 0.4 0.7)
(3.9 0.4 0.7)
(3.95 0.4 0.7)
(4 0.4 0.7)
(4.05 0.4 0.7)
(4.1 0.4 0.7)
(4.15 0.4 0.7)
(4.2 0.4 0.7)
(4.25 0.4 0.7)
(4.3 0.4 0.7)
(4.35 0.4 0.7)
(4.4 0.4 0.7)
(4.45 0.4 0.7)
(4.5 0.4 0.7)
(4.55 0.4 0.7)
(4.6 0.4 0.7)
(4.65 0.4 0.7)
(4.7 0.4 0.7)
(4.75 0.4 0.7)
(4.8 0.4 0.7)
(4.85 0.4 0.7)
(4.9 0.4 0.7)
(4.95 0.4 0.7)
(5 0.4 0.7)
(3.35 0 0.75)
(3.4 0 0.75)
(3.45 0 0.75)
(3.5 0 0.75)
(3.55 0 0.75)
(3.6 0 0.75)
(3.65 0 0.75)
(3.7 0 0.75)
(3.75 0 0.75)
(3.8 0 0.75)
(3.85 0 0.75)
(3.9 0 0.75)
(3.95 0 0.75)
(4 0 0.75)
(4.05 0 0.75)
(4.1 0 0.75)
(4.15 0 0.75)
(4.2 0 0.75)
(4.25 0 0.75)
(4.3 0 0.75)
(4.35 0 0.75)
(4.4 0 0.75)
(4.45 0 0.75)
(4.5 0 0.75)
(4.55 0 0.75)
(4.6 0 0.75)
(4.65 0 0.75)
(4.7 0 0.75)
(4.75 0 0.75)
(4.8 0 0.75)
(4.85 0 0.75)
(4.9 0 0.75)
(4.95 0 0.75)
(5 0 0.75)
(3.35 0.05 0.75)
(3.4 0.05 0.75)
(3.45 0.05 0.75)
(3.5 0.05 0.75)
(3.55 0.05 0.75)
(3.6 0.05 0.75)
(3.65 0.05 0.75)
(3.7 0.05 0.75)
(3.75 0.05 0.75)
(3.8 0.05 0.75)
(3.85 0.05 0.75)
(3.9 0.05 0.75)
(3.95 0.05 0.75)
(4 0.05 0.75)
(4.05 0.05 0.75)
(4.1 0.05 0.75)
(4.15 0.05 0.75)
(4.2 0.05 0.75)
(4.25 0.05 0.75)
(4.3 0.05 0.75)
(4.35 0.05 0.75)
(4.4 0.05 0.75)
(4.45 0.05 0.75)
(4.5 0.05 0.75)
(4.55 0.05 0.75)
(4.6 0.05 0.75)
(4.65 0.05 0.75)
(4.7 0.05 0.75)
(4.75 0.05 0.75)
(4.8 0.05 0.75)
(4.85 0.05 0.75)
(4.9 0.05 0.75)
(4.95 0.05 0.75)
(5 0.05 0.75)
(3.35 0.1 0.75)
(3.4 0.1 0.75)
(3.45 0.1 0.75)
(3.5 0.1 0.75)
(3.55 0.1 0.75)
(3.6 0.1 0.75)
(3.65 0.1 0.75)
(3.7 0.1 0.75)
(3.75 0.1 0.75)
(3.8 0.1 0.75)
(3.85 0.1 0.75)
(3.9 0.1 0.75)
(3.95 0.1 0.75)
(4 0.1 0.75)
(4.05 0.1 0.75)
(4.1 0.1 0.75)
(4.15 0.1 0.75)
(4.2 0.1 0.75)
(4.25 0.1 0.75)
(4.3 0.1 0.75)
(4.35 0.1 0.75)
(4.4 0.1 0.75)
(4.45 0.1 0.75)
(4.5 0.1 0.75)
(4.55 0.1 0.75)
(4.6 0.1 0.75)
(4.65 0.1 0.75)
(4.7 0.1 0.75)
(4.75 0.1 0.75)
(4.8 0.1 0.75)
(4.85 0.1 0.75)
(4.9 0.1 0.75)
(4.95 0.1 0.75)
(5 0.1 0.75)
(3.35 0.15 0.75)
(3.4 0.15 0.75)
(3.45 0.15 0.75)
(3.5 0.15 0.75)
(3.55 0.15 0.75)
(3.6 0.15 0.75)
(3.65 0.15 0.75)
(3.7 0.15 0.75)
(3.75 0.15 0.75)
(3.8 0.15 0.75)
(3.85 0.15 0.75)
(3.9 0.15 0.75)
(3.95 0.15 0.75)
(4 0.15 0.75)
(4.05 0.15 0.75)
(4.1 0.15 0.75)
(4.15 0.15 0.75)
(4.2 0.15 0.75)
(4.25 0.15 0.75)
(4.3 0.15 0.75)
(4.35 0.15 0.75)
(4.4 0.15 0.75)
(4.45 0.15 0.75)
(4.5 0.15 0.75)
(4.55 0.15 0.75)
(4.6 0.15 0.75)
(4.65 0.15 0.75)
(4.7 0.15 0.75)
(4.75 0.15 0.75)
(4.8 0.15 0.75)
(4.85 0.15 0.75)
(4.9 0.15 0.75)
(4.95 0.15 0.75)
(5 0.15 0.75)
(3.35 0.2 0.75)
(3.4 0.2 0.75)
(3.45 0.2 0.75)
(3.5 0.2 0.75)
(3.55 0.2 0.75)
(3.6 0.2 0.75)
(3.65 0.2 0.75)
(3.7 0.2 0.75)
(3.75 0.2 0.75)
(3.8 0.2 0.75)
(3.85 0.2 0.75)
(3.9 0.2 0.75)
(3.95 0.2 0.75)
(4 0.2 0.75)
(4.05 0.2 0.75)
(4.1 0.2 0.75)
(4.15 0.2 0.75)
(4.2 0.2 0.75)
(4.25 0.2 0.75)
(4.3 0.2 0.75)
(4.35 0.2 0.75)
(4.4 0.2 0.75)
(4.45 0.2 0.75)
(4.5 0.2 0.75)
(4.55 0.2 0.75)
(4.6 0.2 0.75)
(4.65 0.2 0.75)
(4.7 0.2 0.75)
(4.75 0.2 0.75)
(4.8 0.2 0.75)
(4.85 0.2 0.75)
(4.9 0.2 0.75)
(4.95 0.2 0.75)
(5 0.2 0.75)
(3.35 0.25 0.75)
(3.4 0.25 0.75)
(3.45 0.25 0.75)
(3.5 0.25 0.75)
(3.55 0.25 0.75)
(3.6 0.25 0.75)
(3.65 0.25 0.75)
(3.7 0.25 0.75)
(3.75 0.25 0.75)
(3.8 0.25 0.75)
(3.85 0.25 0.75)
(3.9 0.25 0.75)
(3.95 0.25 0.75)
(4 0.25 0.75)
(4.05 0.25 0.75)
(4.1 0.25 0.75)
(4.15 0.25 0.75)
(4.2 0.25 0.75)
(4.25 0.25 0.75)
(4.3 0.25 0.75)
(4.35 0.25 0.75)
(4.4 0.25 0.75)
(4.45 0.25 0.75)
(4.5 0.25 0.75)
(4.55 0.25 0.75)
(4.6 0.25 0.75)
(4.65 0.25 0.75)
(4.7 0.25 0.75)
(4.75 0.25 0.75)
(4.8 0.25 0.75)
(4.85 0.25 0.75)
(4.9 0.25 0.75)
(4.95 0.25 0.75)
(5 0.25 0.75)
(3.35 0.3 0.75)
(3.4 0.3 0.75)
(3.45 0.3 0.75)
(3.5 0.3 0.75)
(3.55 0.3 0.75)
(3.6 0.3 0.75)
(3.65 0.3 0.75)
(3.7 0.3 0.75)
(3.75 0.3 0.75)
(3.8 0.3 0.75)
(3.85 0.3 0.75)
(3.9 0.3 0.75)
(3.95 0.3 0.75)
(4 0.3 0.75)
(4.05 0.3 0.75)
(4.1 0.3 0.75)
(4.15 0.3 0.75)
(4.2 0.3 0.75)
(4.25 0.3 0.75)
(4.3 0.3 0.75)
(4.35 0.3 0.75)
(4.4 0.3 0.75)
(4.45 0.3 0.75)
(4.5 0.3 0.75)
(4.55 0.3 0.75)
(4.6 0.3 0.75)
(4.65 0.3 0.75)
(4.7 0.3 0.75)
(4.75 0.3 0.75)
(4.8 0.3 0.75)
(4.85 0.3 0.75)
(4.9 0.3 0.75)
(4.95 0.3 0.75)
(5 0.3 0.75)
(3.35 0.35 0.75)
(3.4 0.35 0.75)
(3.45 0.35 0.75)
(3.5 0.35 0.75)
(3.55 0.35 0.75)
(3.6 0.35 0.75)
(3.65 0.35 0.75)
(3.7 0.35 0.75)
(3.75 0.35 0.75)
(3.8 0.35 0.75)
(3.85 0.35 0.75)
(3.9 0.35 0.75)
(3.95 0.35 0.75)
(4 0.35 0.75)
(4.05 0.35 0.75)
(4.1 0.35 0.75)
(4.15 0.35 0.75)
(4.2 0.35 0.75)
(4.25 0.35 0.75)
(4.3 0.35 0.75)
(4.35 0.35 0.75)
(4.4 0.35 0.75)
(4.45 0.35 0.75)
(4.5 0.35 0.75)
(4.55 0.35 0.75)
(4.6 0.35 0.75)
(4.65 0.35 0.75)
(4.7 0.35 0.75)
(4.75 0.35 0.75)
(4.8 0.35 0.75)
(4.85 0.35 0.75)
(4.9 0.35 0.75)
(4.95 0.35 0.75)
(5 0.35 0.75)
(3.35 0.4 0.75)
(3.4 0.4 0.75)
(3.45 0.4 0.75)
(3.5 0.4 0.75)
(3.55 0.4 0.75)
(3.6 0.4 0.75)
(3.65 0.4 0.75)
(3.7 0.4 0.75)
(3.75 0.4 0.75)
(3.8 0.4 0.75)
(3.85 0.4 0.75)
(3.9 0.4 0.75)
(3.95 0.4 0.75)
(4 0.4 0.75)
(4.05 0.4 0.75)
(4.1 0.4 0.75)
(4.15 0.4 0.75)
(4.2 0.4 0.75)
(4.25 0.4 0.75)
(4.3 0.4 0.75)
(4.35 0.4 0.75)
(4.4 0.4 0.75)
(4.45 0.4 0.75)
(4.5 0.4 0.75)
(4.55 0.4 0.75)
(4.6 0.4 0.75)
(4.65 0.4 0.75)
(4.7 0.4 0.75)
(4.75 0.4 0.75)
(4.8 0.4 0.75)
(4.85 0.4 0.75)
(4.9 0.4 0.75)
(4.95 0.4 0.75)
(5 0.4 0.75)
(3.35 0 0.8)
(3.4 0 0.8)
(3.45 0 0.8)
(3.5 0 0.8)
(3.55 0 0.8)
(3.6 0 0.8)
(3.65 0 0.8)
(3.7 0 0.8)
(3.75 0 0.8)
(3.8 0 0.8)
(3.85 0 0.8)
(3.9 0 0.8)
(3.95 0 0.8)
(4 0 0.8)
(4.05 0 0.8)
(4.1 0 0.8)
(4.15 0 0.8)
(4.2 0 0.8)
(4.25 0 0.8)
(4.3 0 0.8)
(4.35 0 0.8)
(4.4 0 0.8)
(4.45 0 0.8)
(4.5 0 0.8)
(4.55 0 0.8)
(4.6 0 0.8)
(4.65 0 0.8)
(4.7 0 0.8)
(4.75 0 0.8)
(4.8 0 0.8)
(4.85 0 0.8)
(4.9 0 0.8)
(4.95 0 0.8)
(5 0 0.8)
(3.35 0.05 0.8)
(3.4 0.05 0.8)
(3.45 0.05 0.8)
(3.5 0.05 0.8)
(3.55 0.05 0.8)
(3.6 0.05 0.8)
(3.65 0.05 0.8)
(3.7 0.05 0.8)
(3.75 0.05 0.8)
(3.8 0.05 0.8)
(3.85 0.05 0.8)
(3.9 0.05 0.8)
(3.95 0.05 0.8)
(4 0.05 0.8)
(4.05 0.05 0.8)
(4.1 0.05 0.8)
(4.15 0.05 0.8)
(4.2 0.05 0.8)
(4.25 0.05 0.8)
(4.3 0.05 0.8)
(4.35 0.05 0.8)
(4.4 0.05 0.8)
(4.45 0.05 0.8)
(4.5 0.05 0.8)
(4.55 0.05 0.8)
(4.6 0.05 0.8)
(4.65 0.05 0.8)
(4.7 0.05 0.8)
(4.75 0.05 0.8)
(4.8 0.05 0.8)
(4.85 0.05 0.8)
(4.9 0.05 0.8)
(4.95 0.05 0.8)
(5 0.05 0.8)
(3.35 0.1 0.8)
(3.4 0.1 0.8)
(3.45 0.1 0.8)
(3.5 0.1 0.8)
(3.55 0.1 0.8)
(3.6 0.1 0.8)
(3.65 0.1 0.8)
(3.7 0.1 0.8)
(3.75 0.1 0.8)
(3.8 0.1 0.8)
(3.85 0.1 0.8)
(3.9 0.1 0.8)
(3.95 0.1 0.8)
(4 0.1 0.8)
(4.05 0.1 0.8)
(4.1 0.1 0.8)
(4.15 0.1 0.8)
(4.2 0.1 0.8)
(4.25 0.1 0.8)
(4.3 0.1 0.8)
(4.35 0.1 0.8)
(4.4 0.1 0.8)
(4.45 0.1 0.8)
(4.5 0.1 0.8)
(4.55 0.1 0.8)
(4.6 0.1 0.8)
(4.65 0.1 0.8)
(4.7 0.1 0.8)
(4.75 0.1 0.8)
(4.8 0.1 0.8)
(4.85 0.1 0.8)
(4.9 0.1 0.8)
(4.95 0.1 0.8)
(5 0.1 0.8)
(3.35 0.15 0.8)
(3.4 0.15 0.8)
(3.45 0.15 0.8)
(3.5 0.15 0.8)
(3.55 0.15 0.8)
(3.6 0.15 0.8)
(3.65 0.15 0.8)
(3.7 0.15 0.8)
(3.75 0.15 0.8)
(3.8 0.15 0.8)
(3.85 0.15 0.8)
(3.9 0.15 0.8)
(3.95 0.15 0.8)
(4 0.15 0.8)
(4.05 0.15 0.8)
(4.1 0.15 0.8)
(4.15 0.15 0.8)
(4.2 0.15 0.8)
(4.25 0.15 0.8)
(4.3 0.15 0.8)
(4.35 0.15 0.8)
(4.4 0.15 0.8)
(4.45 0.15 0.8)
(4.5 0.15 0.8)
(4.55 0.15 0.8)
(4.6 0.15 0.8)
(4.65 0.15 0.8)
(4.7 0.15 0.8)
(4.75 0.15 0.8)
(4.8 0.15 0.8)
(4.85 0.15 0.8)
(4.9 0.15 0.8)
(4.95 0.15 0.8)
(5 0.15 0.8)
(3.35 0.2 0.8)
(3.4 0.2 0.8)
(3.45 0.2 0.8)
(3.5 0.2 0.8)
(3.55 0.2 0.8)
(3.6 0.2 0.8)
(3.65 0.2 0.8)
(3.7 0.2 0.8)
(3.75 0.2 0.8)
(3.8 0.2 0.8)
(3.85 0.2 0.8)
(3.9 0.2 0.8)
(3.95 0.2 0.8)
(4 0.2 0.8)
(4.05 0.2 0.8)
(4.1 0.2 0.8)
(4.15 0.2 0.8)
(4.2 0.2 0.8)
(4.25 0.2 0.8)
(4.3 0.2 0.8)
(4.35 0.2 0.8)
(4.4 0.2 0.8)
(4.45 0.2 0.8)
(4.5 0.2 0.8)
(4.55 0.2 0.8)
(4.6 0.2 0.8)
(4.65 0.2 0.8)
(4.7 0.2 0.8)
(4.75 0.2 0.8)
(4.8 0.2 0.8)
(4.85 0.2 0.8)
(4.9 0.2 0.8)
(4.95 0.2 0.8)
(5 0.2 0.8)
(3.35 0.25 0.8)
(3.4 0.25 0.8)
(3.45 0.25 0.8)
(3.5 0.25 0.8)
(3.55 0.25 0.8)
(3.6 0.25 0.8)
(3.65 0.25 0.8)
(3.7 0.25 0.8)
(3.75 0.25 0.8)
(3.8 0.25 0.8)
(3.85 0.25 0.8)
(3.9 0.25 0.8)
(3.95 0.25 0.8)
(4 0.25 0.8)
(4.05 0.25 0.8)
(4.1 0.25 0.8)
(4.15 0.25 0.8)
(4.2 0.25 0.8)
(4.25 0.25 0.8)
(4.3 0.25 0.8)
(4.35 0.25 0.8)
(4.4 0.25 0.8)
(4.45 0.25 0.8)
(4.5 0.25 0.8)
(4.55 0.25 0.8)
(4.6 0.25 0.8)
(4.65 0.25 0.8)
(4.7 0.25 0.8)
(4.75 0.25 0.8)
(4.8 0.25 0.8)
(4.85 0.25 0.8)
(4.9 0.25 0.8)
(4.95 0.25 0.8)
(5 0.25 0.8)
(3.35 0.3 0.8)
(3.4 0.3 0.8)
(3.45 0.3 0.8)
(3.5 0.3 0.8)
(3.55 0.3 0.8)
(3.6 0.3 0.8)
(3.65 0.3 0.8)
(3.7 0.3 0.8)
(3.75 0.3 0.8)
(3.8 0.3 0.8)
(3.85 0.3 0.8)
(3.9 0.3 0.8)
(3.95 0.3 0.8)
(4 0.3 0.8)
(4.05 0.3 0.8)
(4.1 0.3 0.8)
(4.15 0.3 0.8)
(4.2 0.3 0.8)
(4.25 0.3 0.8)
(4.3 0.3 0.8)
(4.35 0.3 0.8)
(4.4 0.3 0.8)
(4.45 0.3 0.8)
(4.5 0.3 0.8)
(4.55 0.3 0.8)
(4.6 0.3 0.8)
(4.65 0.3 0.8)
(4.7 0.3 0.8)
(4.75 0.3 0.8)
(4.8 0.3 0.8)
(4.85 0.3 0.8)
(4.9 0.3 0.8)
(4.95 0.3 0.8)
(5 0.3 0.8)
(3.35 0.35 0.8)
(3.4 0.35 0.8)
(3.45 0.35 0.8)
(3.5 0.35 0.8)
(3.55 0.35 0.8)
(3.6 0.35 0.8)
(3.65 0.35 0.8)
(3.7 0.35 0.8)
(3.75 0.35 0.8)
(3.8 0.35 0.8)
(3.85 0.35 0.8)
(3.9 0.35 0.8)
(3.95 0.35 0.8)
(4 0.35 0.8)
(4.05 0.35 0.8)
(4.1 0.35 0.8)
(4.15 0.35 0.8)
(4.2 0.35 0.8)
(4.25 0.35 0.8)
(4.3 0.35 0.8)
(4.35 0.35 0.8)
(4.4 0.35 0.8)
(4.45 0.35 0.8)
(4.5 0.35 0.8)
(4.55 0.35 0.8)
(4.6 0.35 0.8)
(4.65 0.35 0.8)
(4.7 0.35 0.8)
(4.75 0.35 0.8)
(4.8 0.35 0.8)
(4.85 0.35 0.8)
(4.9 0.35 0.8)
(4.95 0.35 0.8)
(5 0.35 0.8)
(3.35 0.4 0.8)
(3.4 0.4 0.8)
(3.45 0.4 0.8)
(3.5 0.4 0.8)
(3.55 0.4 0.8)
(3.6 0.4 0.8)
(3.65 0.4 0.8)
(3.7 0.4 0.8)
(3.75 0.4 0.8)
(3.8 0.4 0.8)
(3.85 0.4 0.8)
(3.9 0.4 0.8)
(3.95 0.4 0.8)
(4 0.4 0.8)
(4.05 0.4 0.8)
(4.1 0.4 0.8)
(4.15 0.4 0.8)
(4.2 0.4 0.8)
(4.25 0.4 0.8)
(4.3 0.4 0.8)
(4.35 0.4 0.8)
(4.4 0.4 0.8)
(4.45 0.4 0.8)
(4.5 0.4 0.8)
(4.55 0.4 0.8)
(4.6 0.4 0.8)
(4.65 0.4 0.8)
(4.7 0.4 0.8)
(4.75 0.4 0.8)
(4.8 0.4 0.8)
(4.85 0.4 0.8)
(4.9 0.4 0.8)
(4.95 0.4 0.8)
(5 0.4 0.8)
(3.35 0 0.85)
(3.4 0 0.85)
(3.45 0 0.85)
(3.5 0 0.85)
(3.55 0 0.85)
(3.6 0 0.85)
(3.65 0 0.85)
(3.7 0 0.85)
(3.75 0 0.85)
(3.8 0 0.85)
(3.85 0 0.85)
(3.9 0 0.85)
(3.95 0 0.85)
(4 0 0.85)
(4.05 0 0.85)
(4.1 0 0.85)
(4.15 0 0.85)
(4.2 0 0.85)
(4.25 0 0.85)
(4.3 0 0.85)
(4.35 0 0.85)
(4.4 0 0.85)
(4.45 0 0.85)
(4.5 0 0.85)
(4.55 0 0.85)
(4.6 0 0.85)
(4.65 0 0.85)
(4.7 0 0.85)
(4.75 0 0.85)
(4.8 0 0.85)
(4.85 0 0.85)
(4.9 0 0.85)
(4.95 0 0.85)
(5 0 0.85)
(3.35 0.05 0.85)
(3.4 0.05 0.85)
(3.45 0.05 0.85)
(3.5 0.05 0.85)
(3.55 0.05 0.85)
(3.6 0.05 0.85)
(3.65 0.05 0.85)
(3.7 0.05 0.85)
(3.75 0.05 0.85)
(3.8 0.05 0.85)
(3.85 0.05 0.85)
(3.9 0.05 0.85)
(3.95 0.05 0.85)
(4 0.05 0.85)
(4.05 0.05 0.85)
(4.1 0.05 0.85)
(4.15 0.05 0.85)
(4.2 0.05 0.85)
(4.25 0.05 0.85)
(4.3 0.05 0.85)
(4.35 0.05 0.85)
(4.4 0.05 0.85)
(4.45 0.05 0.85)
(4.5 0.05 0.85)
(4.55 0.05 0.85)
(4.6 0.05 0.85)
(4.65 0.05 0.85)
(4.7 0.05 0.85)
(4.75 0.05 0.85)
(4.8 0.05 0.85)
(4.85 0.05 0.85)
(4.9 0.05 0.85)
(4.95 0.05 0.85)
(5 0.05 0.85)
(3.35 0.1 0.85)
(3.4 0.1 0.85)
(3.45 0.1 0.85)
(3.5 0.1 0.85)
(3.55 0.1 0.85)
(3.6 0.1 0.85)
(3.65 0.1 0.85)
(3.7 0.1 0.85)
(3.75 0.1 0.85)
(3.8 0.1 0.85)
(3.85 0.1 0.85)
(3.9 0.1 0.85)
(3.95 0.1 0.85)
(4 0.1 0.85)
(4.05 0.1 0.85)
(4.1 0.1 0.85)
(4.15 0.1 0.85)
(4.2 0.1 0.85)
(4.25 0.1 0.85)
(4.3 0.1 0.85)
(4.35 0.1 0.85)
(4.4 0.1 0.85)
(4.45 0.1 0.85)
(4.5 0.1 0.85)
(4.55 0.1 0.85)
(4.6 0.1 0.85)
(4.65 0.1 0.85)
(4.7 0.1 0.85)
(4.75 0.1 0.85)
(4.8 0.1 0.85)
(4.85 0.1 0.85)
(4.9 0.1 0.85)
(4.95 0.1 0.85)
(5 0.1 0.85)
(3.35 0.15 0.85)
(3.4 0.15 0.85)
(3.45 0.15 0.85)
(3.5 0.15 0.85)
(3.55 0.15 0.85)
(3.6 0.15 0.85)
(3.65 0.15 0.85)
(3.7 0.15 0.85)
(3.75 0.15 0.85)
(3.8 0.15 0.85)
(3.85 0.15 0.85)
(3.9 0.15 0.85)
(3.95 0.15 0.85)
(4 0.15 0.85)
(4.05 0.15 0.85)
(4.1 0.15 0.85)
(4.15 0.15 0.85)
(4.2 0.15 0.85)
(4.25 0.15 0.85)
(4.3 0.15 0.85)
(4.35 0.15 0.85)
(4.4 0.15 0.85)
(4.45 0.15 0.85)
(4.5 0.15 0.85)
(4.55 0.15 0.85)
(4.6 0.15 0.85)
(4.65 0.15 0.85)
(4.7 0.15 0.85)
(4.75 0.15 0.85)
(4.8 0.15 0.85)
(4.85 0.15 0.85)
(4.9 0.15 0.85)
(4.95 0.15 0.85)
(5 0.15 0.85)
(3.35 0.2 0.85)
(3.4 0.2 0.85)
(3.45 0.2 0.85)
(3.5 0.2 0.85)
(3.55 0.2 0.85)
(3.6 0.2 0.85)
(3.65 0.2 0.85)
(3.7 0.2 0.85)
(3.75 0.2 0.85)
(3.8 0.2 0.85)
(3.85 0.2 0.85)
(3.9 0.2 0.85)
(3.95 0.2 0.85)
(4 0.2 0.85)
(4.05 0.2 0.85)
(4.1 0.2 0.85)
(4.15 0.2 0.85)
(4.2 0.2 0.85)
(4.25 0.2 0.85)
(4.3 0.2 0.85)
(4.35 0.2 0.85)
(4.4 0.2 0.85)
(4.45 0.2 0.85)
(4.5 0.2 0.85)
(4.55 0.2 0.85)
(4.6 0.2 0.85)
(4.65 0.2 0.85)
(4.7 0.2 0.85)
(4.75 0.2 0.85)
(4.8 0.2 0.85)
(4.85 0.2 0.85)
(4.9 0.2 0.85)
(4.95 0.2 0.85)
(5 0.2 0.85)
(3.35 0.25 0.85)
(3.4 0.25 0.85)
(3.45 0.25 0.85)
(3.5 0.25 0.85)
(3.55 0.25 0.85)
(3.6 0.25 0.85)
(3.65 0.25 0.85)
(3.7 0.25 0.85)
(3.75 0.25 0.85)
(3.8 0.25 0.85)
(3.85 0.25 0.85)
(3.9 0.25 0.85)
(3.95 0.25 0.85)
(4 0.25 0.85)
(4.05 0.25 0.85)
(4.1 0.25 0.85)
(4.15 0.25 0.85)
(4.2 0.25 0.85)
(4.25 0.25 0.85)
(4.3 0.25 0.85)
(4.35 0.25 0.85)
(4.4 0.25 0.85)
(4.45 0.25 0.85)
(4.5 0.25 0.85)
(4.55 0.25 0.85)
(4.6 0.25 0.85)
(4.65 0.25 0.85)
(4.7 0.25 0.85)
(4.75 0.25 0.85)
(4.8 0.25 0.85)
(4.85 0.25 0.85)
(4.9 0.25 0.85)
(4.95 0.25 0.85)
(5 0.25 0.85)
(3.35 0.3 0.85)
(3.4 0.3 0.85)
(3.45 0.3 0.85)
(3.5 0.3 0.85)
(3.55 0.3 0.85)
(3.6 0.3 0.85)
(3.65 0.3 0.85)
(3.7 0.3 0.85)
(3.75 0.3 0.85)
(3.8 0.3 0.85)
(3.85 0.3 0.85)
(3.9 0.3 0.85)
(3.95 0.3 0.85)
(4 0.3 0.85)
(4.05 0.3 0.85)
(4.1 0.3 0.85)
(4.15 0.3 0.85)
(4.2 0.3 0.85)
(4.25 0.3 0.85)
(4.3 0.3 0.85)
(4.35 0.3 0.85)
(4.4 0.3 0.85)
(4.45 0.3 0.85)
(4.5 0.3 0.85)
(4.55 0.3 0.85)
(4.6 0.3 0.85)
(4.65 0.3 0.85)
(4.7 0.3 0.85)
(4.75 0.3 0.85)
(4.8 0.3 0.85)
(4.85 0.3 0.85)
(4.9 0.3 0.85)
(4.95 0.3 0.85)
(5 0.3 0.85)
(3.35 0.35 0.85)
(3.4 0.35 0.85)
(3.45 0.35 0.85)
(3.5 0.35 0.85)
(3.55 0.35 0.85)
(3.6 0.35 0.85)
(3.65 0.35 0.85)
(3.7 0.35 0.85)
(3.75 0.35 0.85)
(3.8 0.35 0.85)
(3.85 0.35 0.85)
(3.9 0.35 0.85)
(3.95 0.35 0.85)
(4 0.35 0.85)
(4.05 0.35 0.85)
(4.1 0.35 0.85)
(4.15 0.35 0.85)
(4.2 0.35 0.85)
(4.25 0.35 0.85)
(4.3 0.35 0.85)
(4.35 0.35 0.85)
(4.4 0.35 0.85)
(4.45 0.35 0.85)
(4.5 0.35 0.85)
(4.55 0.35 0.85)
(4.6 0.35 0.85)
(4.65 0.35 0.85)
(4.7 0.35 0.85)
(4.75 0.35 0.85)
(4.8 0.35 0.85)
(4.85 0.35 0.85)
(4.9 0.35 0.85)
(4.95 0.35 0.85)
(5 0.35 0.85)
(3.35 0.4 0.85)
(3.4 0.4 0.85)
(3.45 0.4 0.85)
(3.5 0.4 0.85)
(3.55 0.4 0.85)
(3.6 0.4 0.85)
(3.65 0.4 0.85)
(3.7 0.4 0.85)
(3.75 0.4 0.85)
(3.8 0.4 0.85)
(3.85 0.4 0.85)
(3.9 0.4 0.85)
(3.95 0.4 0.85)
(4 0.4 0.85)
(4.05 0.4 0.85)
(4.1 0.4 0.85)
(4.15 0.4 0.85)
(4.2 0.4 0.85)
(4.25 0.4 0.85)
(4.3 0.4 0.85)
(4.35 0.4 0.85)
(4.4 0.4 0.85)
(4.45 0.4 0.85)
(4.5 0.4 0.85)
(4.55 0.4 0.85)
(4.6 0.4 0.85)
(4.65 0.4 0.85)
(4.7 0.4 0.85)
(4.75 0.4 0.85)
(4.8 0.4 0.85)
(4.85 0.4 0.85)
(4.9 0.4 0.85)
(4.95 0.4 0.85)
(5 0.4 0.85)
(3.35 0 0.9)
(3.4 0 0.9)
(3.45 0 0.9)
(3.5 0 0.9)
(3.55 0 0.9)
(3.6 0 0.9)
(3.65 0 0.9)
(3.7 0 0.9)
(3.75 0 0.9)
(3.8 0 0.9)
(3.85 0 0.9)
(3.9 0 0.9)
(3.95 0 0.9)
(4 0 0.9)
(4.05 0 0.9)
(4.1 0 0.9)
(4.15 0 0.9)
(4.2 0 0.9)
(4.25 0 0.9)
(4.3 0 0.9)
(4.35 0 0.9)
(4.4 0 0.9)
(4.45 0 0.9)
(4.5 0 0.9)
(4.55 0 0.9)
(4.6 0 0.9)
(4.65 0 0.9)
(4.7 0 0.9)
(4.75 0 0.9)
(4.8 0 0.9)
(4.85 0 0.9)
(4.9 0 0.9)
(4.95 0 0.9)
(5 0 0.9)
(3.35 0.05 0.9)
(3.4 0.05 0.9)
(3.45 0.05 0.9)
(3.5 0.05 0.9)
(3.55 0.05 0.9)
(3.6 0.05 0.9)
(3.65 0.05 0.9)
(3.7 0.05 0.9)
(3.75 0.05 0.9)
(3.8 0.05 0.9)
(3.85 0.05 0.9)
(3.9 0.05 0.9)
(3.95 0.05 0.9)
(4 0.05 0.9)
(4.05 0.05 0.9)
(4.1 0.05 0.9)
(4.15 0.05 0.9)
(4.2 0.05 0.9)
(4.25 0.05 0.9)
(4.3 0.05 0.9)
(4.35 0.05 0.9)
(4.4 0.05 0.9)
(4.45 0.05 0.9)
(4.5 0.05 0.9)
(4.55 0.05 0.9)
(4.6 0.05 0.9)
(4.65 0.05 0.9)
(4.7 0.05 0.9)
(4.75 0.05 0.9)
(4.8 0.05 0.9)
(4.85 0.05 0.9)
(4.9 0.05 0.9)
(4.95 0.05 0.9)
(5 0.05 0.9)
(3.35 0.1 0.9)
(3.4 0.1 0.9)
(3.45 0.1 0.9)
(3.5 0.1 0.9)
(3.55 0.1 0.9)
(3.6 0.1 0.9)
(3.65 0.1 0.9)
(3.7 0.1 0.9)
(3.75 0.1 0.9)
(3.8 0.1 0.9)
(3.85 0.1 0.9)
(3.9 0.1 0.9)
(3.95 0.1 0.9)
(4 0.1 0.9)
(4.05 0.1 0.9)
(4.1 0.1 0.9)
(4.15 0.1 0.9)
(4.2 0.1 0.9)
(4.25 0.1 0.9)
(4.3 0.1 0.9)
(4.35 0.1 0.9)
(4.4 0.1 0.9)
(4.45 0.1 0.9)
(4.5 0.1 0.9)
(4.55 0.1 0.9)
(4.6 0.1 0.9)
(4.65 0.1 0.9)
(4.7 0.1 0.9)
(4.75 0.1 0.9)
(4.8 0.1 0.9)
(4.85 0.1 0.9)
(4.9 0.1 0.9)
(4.95 0.1 0.9)
(5 0.1 0.9)
(3.35 0.15 0.9)
(3.4 0.15 0.9)
(3.45 0.15 0.9)
(3.5 0.15 0.9)
(3.55 0.15 0.9)
(3.6 0.15 0.9)
(3.65 0.15 0.9)
(3.7 0.15 0.9)
(3.75 0.15 0.9)
(3.8 0.15 0.9)
(3.85 0.15 0.9)
(3.9 0.15 0.9)
(3.95 0.15 0.9)
(4 0.15 0.9)
(4.05 0.15 0.9)
(4.1 0.15 0.9)
(4.15 0.15 0.9)
(4.2 0.15 0.9)
(4.25 0.15 0.9)
(4.3 0.15 0.9)
(4.35 0.15 0.9)
(4.4 0.15 0.9)
(4.45 0.15 0.9)
(4.5 0.15 0.9)
(4.55 0.15 0.9)
(4.6 0.15 0.9)
(4.65 0.15 0.9)
(4.7 0.15 0.9)
(4.75 0.15 0.9)
(4.8 0.15 0.9)
(4.85 0.15 0.9)
(4.9 0.15 0.9)
(4.95 0.15 0.9)
(5 0.15 0.9)
(3.35 0.2 0.9)
(3.4 0.2 0.9)
(3.45 0.2 0.9)
(3.5 0.2 0.9)
(3.55 0.2 0.9)
(3.6 0.2 0.9)
(3.65 0.2 0.9)
(3.7 0.2 0.9)
(3.75 0.2 0.9)
(3.8 0.2 0.9)
(3.85 0.2 0.9)
(3.9 0.2 0.9)
(3.95 0.2 0.9)
(4 0.2 0.9)
(4.05 0.2 0.9)
(4.1 0.2 0.9)
(4.15 0.2 0.9)
(4.2 0.2 0.9)
(4.25 0.2 0.9)
(4.3 0.2 0.9)
(4.35 0.2 0.9)
(4.4 0.2 0.9)
(4.45 0.2 0.9)
(4.5 0.2 0.9)
(4.55 0.2 0.9)
(4.6 0.2 0.9)
(4.65 0.2 0.9)
(4.7 0.2 0.9)
(4.75 0.2 0.9)
(4.8 0.2 0.9)
(4.85 0.2 0.9)
(4.9 0.2 0.9)
(4.95 0.2 0.9)
(5 0.2 0.9)
(3.35 0.25 0.9)
(3.4 0.25 0.9)
(3.45 0.25 0.9)
(3.5 0.25 0.9)
(3.55 0.25 0.9)
(3.6 0.25 0.9)
(3.65 0.25 0.9)
(3.7 0.25 0.9)
(3.75 0.25 0.9)
(3.8 0.25 0.9)
(3.85 0.25 0.9)
(3.9 0.25 0.9)
(3.95 0.25 0.9)
(4 0.25 0.9)
(4.05 0.25 0.9)
(4.1 0.25 0.9)
(4.15 0.25 0.9)
(4.2 0.25 0.9)
(4.25 0.25 0.9)
(4.3 0.25 0.9)
(4.35 0.25 0.9)
(4.4 0.25 0.9)
(4.45 0.25 0.9)
(4.5 0.25 0.9)
(4.55 0.25 0.9)
(4.6 0.25 0.9)
(4.65 0.25 0.9)
(4.7 0.25 0.9)
(4.75 0.25 0.9)
(4.8 0.25 0.9)
(4.85 0.25 0.9)
(4.9 0.25 0.9)
(4.95 0.25 0.9)
(5 0.25 0.9)
(3.35 0.3 0.9)
(3.4 0.3 0.9)
(3.45 0.3 0.9)
(3.5 0.3 0.9)
(3.55 0.3 0.9)
(3.6 0.3 0.9)
(3.65 0.3 0.9)
(3.7 0.3 0.9)
(3.75 0.3 0.9)
(3.8 0.3 0.9)
(3.85 0.3 0.9)
(3.9 0.3 0.9)
(3.95 0.3 0.9)
(4 0.3 0.9)
(4.05 0.3 0.9)
(4.1 0.3 0.9)
(4.15 0.3 0.9)
(4.2 0.3 0.9)
(4.25 0.3 0.9)
(4.3 0.3 0.9)
(4.35 0.3 0.9)
(4.4 0.3 0.9)
(4.45 0.3 0.9)
(4.5 0.3 0.9)
(4.55 0.3 0.9)
(4.6 0.3 0.9)
(4.65 0.3 0.9)
(4.7 0.3 0.9)
(4.75 0.3 0.9)
(4.8 0.3 0.9)
(4.85 0.3 0.9)
(4.9 0.3 0.9)
(4.95 0.3 0.9)
(5 0.3 0.9)
(3.35 0.35 0.9)
(3.4 0.35 0.9)
(3.45 0.35 0.9)
(3.5 0.35 0.9)
(3.55 0.35 0.9)
(3.6 0.35 0.9)
(3.65 0.35 0.9)
(3.7 0.35 0.9)
(3.75 0.35 0.9)
(3.8 0.35 0.9)
(3.85 0.35 0.9)
(3.9 0.35 0.9)
(3.95 0.35 0.9)
(4 0.35 0.9)
(4.05 0.35 0.9)
(4.1 0.35 0.9)
(4.15 0.35 0.9)
(4.2 0.35 0.9)
(4.25 0.35 0.9)
(4.3 0.35 0.9)
(4.35 0.35 0.9)
(4.4 0.35 0.9)
(4.45 0.35 0.9)
(4.5 0.35 0.9)
(4.55 0.35 0.9)
(4.6 0.35 0.9)
(4.65 0.35 0.9)
(4.7 0.35 0.9)
(4.75 0.35 0.9)
(4.8 0.35 0.9)
(4.85 0.35 0.9)
(4.9 0.35 0.9)
(4.95 0.35 0.9)
(5 0.35 0.9)
(3.35 0.4 0.9)
(3.4 0.4 0.9)
(3.45 0.4 0.9)
(3.5 0.4 0.9)
(3.55 0.4 0.9)
(3.6 0.4 0.9)
(3.65 0.4 0.9)
(3.7 0.4 0.9)
(3.75 0.4 0.9)
(3.8 0.4 0.9)
(3.85 0.4 0.9)
(3.9 0.4 0.9)
(3.95 0.4 0.9)
(4 0.4 0.9)
(4.05 0.4 0.9)
(4.1 0.4 0.9)
(4.15 0.4 0.9)
(4.2 0.4 0.9)
(4.25 0.4 0.9)
(4.3 0.4 0.9)
(4.35 0.4 0.9)
(4.4 0.4 0.9)
(4.45 0.4 0.9)
(4.5 0.4 0.9)
(4.55 0.4 0.9)
(4.6 0.4 0.9)
(4.65 0.4 0.9)
(4.7 0.4 0.9)
(4.75 0.4 0.9)
(4.8 0.4 0.9)
(4.85 0.4 0.9)
(4.9 0.4 0.9)
(4.95 0.4 0.9)
(5 0.4 0.9)
(3.35 0 0.95)
(3.4 0 0.95)
(3.45 0 0.95)
(3.5 0 0.95)
(3.55 0 0.95)
(3.6 0 0.95)
(3.65 0 0.95)
(3.7 0 0.95)
(3.75 0 0.95)
(3.8 0 0.95)
(3.85 0 0.95)
(3.9 0 0.95)
(3.95 0 0.95)
(4 0 0.95)
(4.05 0 0.95)
(4.1 0 0.95)
(4.15 0 0.95)
(4.2 0 0.95)
(4.25 0 0.95)
(4.3 0 0.95)
(4.35 0 0.95)
(4.4 0 0.95)
(4.45 0 0.95)
(4.5 0 0.95)
(4.55 0 0.95)
(4.6 0 0.95)
(4.65 0 0.95)
(4.7 0 0.95)
(4.75 0 0.95)
(4.8 0 0.95)
(4.85 0 0.95)
(4.9 0 0.95)
(4.95 0 0.95)
(5 0 0.95)
(3.35 0.05 0.95)
(3.4 0.05 0.95)
(3.45 0.05 0.95)
(3.5 0.05 0.95)
(3.55 0.05 0.95)
(3.6 0.05 0.95)
(3.65 0.05 0.95)
(3.7 0.05 0.95)
(3.75 0.05 0.95)
(3.8 0.05 0.95)
(3.85 0.05 0.95)
(3.9 0.05 0.95)
(3.95 0.05 0.95)
(4 0.05 0.95)
(4.05 0.05 0.95)
(4.1 0.05 0.95)
(4.15 0.05 0.95)
(4.2 0.05 0.95)
(4.25 0.05 0.95)
(4.3 0.05 0.95)
(4.35 0.05 0.95)
(4.4 0.05 0.95)
(4.45 0.05 0.95)
(4.5 0.05 0.95)
(4.55 0.05 0.95)
(4.6 0.05 0.95)
(4.65 0.05 0.95)
(4.7 0.05 0.95)
(4.75 0.05 0.95)
(4.8 0.05 0.95)
(4.85 0.05 0.95)
(4.9 0.05 0.95)
(4.95 0.05 0.95)
(5 0.05 0.95)
(3.35 0.1 0.95)
(3.4 0.1 0.95)
(3.45 0.1 0.95)
(3.5 0.1 0.95)
(3.55 0.1 0.95)
(3.6 0.1 0.95)
(3.65 0.1 0.95)
(3.7 0.1 0.95)
(3.75 0.1 0.95)
(3.8 0.1 0.95)
(3.85 0.1 0.95)
(3.9 0.1 0.95)
(3.95 0.1 0.95)
(4 0.1 0.95)
(4.05 0.1 0.95)
(4.1 0.1 0.95)
(4.15 0.1 0.95)
(4.2 0.1 0.95)
(4.25 0.1 0.95)
(4.3 0.1 0.95)
(4.35 0.1 0.95)
(4.4 0.1 0.95)
(4.45 0.1 0.95)
(4.5 0.1 0.95)
(4.55 0.1 0.95)
(4.6 0.1 0.95)
(4.65 0.1 0.95)
(4.7 0.1 0.95)
(4.75 0.1 0.95)
(4.8 0.1 0.95)
(4.85 0.1 0.95)
(4.9 0.1 0.95)
(4.95 0.1 0.95)
(5 0.1 0.95)
(3.35 0.15 0.95)
(3.4 0.15 0.95)
(3.45 0.15 0.95)
(3.5 0.15 0.95)
(3.55 0.15 0.95)
(3.6 0.15 0.95)
(3.65 0.15 0.95)
(3.7 0.15 0.95)
(3.75 0.15 0.95)
(3.8 0.15 0.95)
(3.85 0.15 0.95)
(3.9 0.15 0.95)
(3.95 0.15 0.95)
(4 0.15 0.95)
(4.05 0.15 0.95)
(4.1 0.15 0.95)
(4.15 0.15 0.95)
(4.2 0.15 0.95)
(4.25 0.15 0.95)
(4.3 0.15 0.95)
(4.35 0.15 0.95)
(4.4 0.15 0.95)
(4.45 0.15 0.95)
(4.5 0.15 0.95)
(4.55 0.15 0.95)
(4.6 0.15 0.95)
(4.65 0.15 0.95)
(4.7 0.15 0.95)
(4.75 0.15 0.95)
(4.8 0.15 0.95)
(4.85 0.15 0.95)
(4.9 0.15 0.95)
(4.95 0.15 0.95)
(5 0.15 0.95)
(3.35 0.2 0.95)
(3.4 0.2 0.95)
(3.45 0.2 0.95)
(3.5 0.2 0.95)
(3.55 0.2 0.95)
(3.6 0.2 0.95)
(3.65 0.2 0.95)
(3.7 0.2 0.95)
(3.75 0.2 0.95)
(3.8 0.2 0.95)
(3.85 0.2 0.95)
(3.9 0.2 0.95)
(3.95 0.2 0.95)
(4 0.2 0.95)
(4.05 0.2 0.95)
(4.1 0.2 0.95)
(4.15 0.2 0.95)
(4.2 0.2 0.95)
(4.25 0.2 0.95)
(4.3 0.2 0.95)
(4.35 0.2 0.95)
(4.4 0.2 0.95)
(4.45 0.2 0.95)
(4.5 0.2 0.95)
(4.55 0.2 0.95)
(4.6 0.2 0.95)
(4.65 0.2 0.95)
(4.7 0.2 0.95)
(4.75 0.2 0.95)
(4.8 0.2 0.95)
(4.85 0.2 0.95)
(4.9 0.2 0.95)
(4.95 0.2 0.95)
(5 0.2 0.95)
(3.35 0.25 0.95)
(3.4 0.25 0.95)
(3.45 0.25 0.95)
(3.5 0.25 0.95)
(3.55 0.25 0.95)
(3.6 0.25 0.95)
(3.65 0.25 0.95)
(3.7 0.25 0.95)
(3.75 0.25 0.95)
(3.8 0.25 0.95)
(3.85 0.25 0.95)
(3.9 0.25 0.95)
(3.95 0.25 0.95)
(4 0.25 0.95)
(4.05 0.25 0.95)
(4.1 0.25 0.95)
(4.15 0.25 0.95)
(4.2 0.25 0.95)
(4.25 0.25 0.95)
(4.3 0.25 0.95)
(4.35 0.25 0.95)
(4.4 0.25 0.95)
(4.45 0.25 0.95)
(4.5 0.25 0.95)
(4.55 0.25 0.95)
(4.6 0.25 0.95)
(4.65 0.25 0.95)
(4.7 0.25 0.95)
(4.75 0.25 0.95)
(4.8 0.25 0.95)
(4.85 0.25 0.95)
(4.9 0.25 0.95)
(4.95 0.25 0.95)
(5 0.25 0.95)
(3.35 0.3 0.95)
(3.4 0.3 0.95)
(3.45 0.3 0.95)
(3.5 0.3 0.95)
(3.55 0.3 0.95)
(3.6 0.3 0.95)
(3.65 0.3 0.95)
(3.7 0.3 0.95)
(3.75 0.3 0.95)
(3.8 0.3 0.95)
(3.85 0.3 0.95)
(3.9 0.3 0.95)
(3.95 0.3 0.95)
(4 0.3 0.95)
(4.05 0.3 0.95)
(4.1 0.3 0.95)
(4.15 0.3 0.95)
(4.2 0.3 0.95)
(4.25 0.3 0.95)
(4.3 0.3 0.95)
(4.35 0.3 0.95)
(4.4 0.3 0.95)
(4.45 0.3 0.95)
(4.5 0.3 0.95)
(4.55 0.3 0.95)
(4.6 0.3 0.95)
(4.65 0.3 0.95)
(4.7 0.3 0.95)
(4.75 0.3 0.95)
(4.8 0.3 0.95)
(4.85 0.3 0.95)
(4.9 0.3 0.95)
(4.95 0.3 0.95)
(5 0.3 0.95)
(3.35 0.35 0.95)
(3.4 0.35 0.95)
(3.45 0.35 0.95)
(3.5 0.35 0.95)
(3.55 0.35 0.95)
(3.6 0.35 0.95)
(3.65 0.35 0.95)
(3.7 0.35 0.95)
(3.75 0.35 0.95)
(3.8 0.35 0.95)
(3.85 0.35 0.95)
(3.9 0.35 0.95)
(3.95 0.35 0.95)
(4 0.35 0.95)
(4.05 0.35 0.95)
(4.1 0.35 0.95)
(4.15 0.35 0.95)
(4.2 0.35 0.95)
(4.25 0.35 0.95)
(4.3 0.35 0.95)
(4.35 0.35 0.95)
(4.4 0.35 0.95)
(4.45 0.35 0.95)
(4.5 0.35 0.95)
(4.55 0.35 0.95)
(4.6 0.35 0.95)
(4.65 0.35 0.95)
(4.7 0.35 0.95)
(4.75 0.35 0.95)
(4.8 0.35 0.95)
(4.85 0.35 0.95)
(4.9 0.35 0.95)
(4.95 0.35 0.95)
(5 0.35 0.95)
(3.35 0.4 0.95)
(3.4 0.4 0.95)
(3.45 0.4 0.95)
(3.5 0.4 0.95)
(3.55 0.4 0.95)
(3.6 0.4 0.95)
(3.65 0.4 0.95)
(3.7 0.4 0.95)
(3.75 0.4 0.95)
(3.8 0.4 0.95)
(3.85 0.4 0.95)
(3.9 0.4 0.95)
(3.95 0.4 0.95)
(4 0.4 0.95)
(4.05 0.4 0.95)
(4.1 0.4 0.95)
(4.15 0.4 0.95)
(4.2 0.4 0.95)
(4.25 0.4 0.95)
(4.3 0.4 0.95)
(4.35 0.4 0.95)
(4.4 0.4 0.95)
(4.45 0.4 0.95)
(4.5 0.4 0.95)
(4.55 0.4 0.95)
(4.6 0.4 0.95)
(4.65 0.4 0.95)
(4.7 0.4 0.95)
(4.75 0.4 0.95)
(4.8 0.4 0.95)
(4.85 0.4 0.95)
(4.9 0.4 0.95)
(4.95 0.4 0.95)
(5 0.4 0.95)
(3.35 0 1)
(3.4 0 1)
(3.45 0 1)
(3.5 0 1)
(3.55 0 1)
(3.6 0 1)
(3.65 0 1)
(3.7 0 1)
(3.75 0 1)
(3.8 0 1)
(3.85 0 1)
(3.9 0 1)
(3.95 0 1)
(4 0 1)
(4.05 0 1)
(4.1 0 1)
(4.15 0 1)
(4.2 0 1)
(4.25 0 1)
(4.3 0 1)
(4.35 0 1)
(4.4 0 1)
(4.45 0 1)
(4.5 0 1)
(4.55 0 1)
(4.6 0 1)
(4.65 0 1)
(4.7 0 1)
(4.75 0 1)
(4.8 0 1)
(4.85 0 1)
(4.9 0 1)
(4.95 0 1)
(5 0 1)
(3.35 0.05 1)
(3.4 0.05 1)
(3.45 0.05 1)
(3.5 0.05 1)
(3.55 0.05 1)
(3.6 0.05 1)
(3.65 0.05 1)
(3.7 0.05 1)
(3.75 0.05 1)
(3.8 0.05 1)
(3.85 0.05 1)
(3.9 0.05 1)
(3.95 0.05 1)
(4 0.05 1)
(4.05 0.05 1)
(4.1 0.05 1)
(4.15 0.05 1)
(4.2 0.05 1)
(4.25 0.05 1)
(4.3 0.05 1)
(4.35 0.05 1)
(4.4 0.05 1)
(4.45 0.05 1)
(4.5 0.05 1)
(4.55 0.05 1)
(4.6 0.05 1)
(4.65 0.05 1)
(4.7 0.05 1)
(4.75 0.05 1)
(4.8 0.05 1)
(4.85 0.05 1)
(4.9 0.05 1)
(4.95 0.05 1)
(5 0.05 1)
(3.35 0.1 1)
(3.4 0.1 1)
(3.45 0.1 1)
(3.5 0.1 1)
(3.55 0.1 1)
(3.6 0.1 1)
(3.65 0.1 1)
(3.7 0.1 1)
(3.75 0.1 1)
(3.8 0.1 1)
(3.85 0.1 1)
(3.9 0.1 1)
(3.95 0.1 1)
(4 0.1 1)
(4.05 0.1 1)
(4.1 0.1 1)
(4.15 0.1 1)
(4.2 0.1 1)
(4.25 0.1 1)
(4.3 0.1 1)
(4.35 0.1 1)
(4.4 0.1 1)
(4.45 0.1 1)
(4.5 0.1 1)
(4.55 0.1 1)
(4.6 0.1 1)
(4.65 0.1 1)
(4.7 0.1 1)
(4.75 0.1 1)
(4.8 0.1 1)
(4.85 0.1 1)
(4.9 0.1 1)
(4.95 0.1 1)
(5 0.1 1)
(3.35 0.15 1)
(3.4 0.15 1)
(3.45 0.15 1)
(3.5 0.15 1)
(3.55 0.15 1)
(3.6 0.15 1)
(3.65 0.15 1)
(3.7 0.15 1)
(3.75 0.15 1)
(3.8 0.15 1)
(3.85 0.15 1)
(3.9 0.15 1)
(3.95 0.15 1)
(4 0.15 1)
(4.05 0.15 1)
(4.1 0.15 1)
(4.15 0.15 1)
(4.2 0.15 1)
(4.25 0.15 1)
(4.3 0.15 1)
(4.35 0.15 1)
(4.4 0.15 1)
(4.45 0.15 1)
(4.5 0.15 1)
(4.55 0.15 1)
(4.6 0.15 1)
(4.65 0.15 1)
(4.7 0.15 1)
(4.75 0.15 1)
(4.8 0.15 1)
(4.85 0.15 1)
(4.9 0.15 1)
(4.95 0.15 1)
(5 0.15 1)
(3.35 0.2 1)
(3.4 0.2 1)
(3.45 0.2 1)
(3.5 0.2 1)
(3.55 0.2 1)
(3.6 0.2 1)
(3.65 0.2 1)
(3.7 0.2 1)
(3.75 0.2 1)
(3.8 0.2 1)
(3.85 0.2 1)
(3.9 0.2 1)
(3.95 0.2 1)
(4 0.2 1)
(4.05 0.2 1)
(4.1 0.2 1)
(4.15 0.2 1)
(4.2 0.2 1)
(4.25 0.2 1)
(4.3 0.2 1)
(4.35 0.2 1)
(4.4 0.2 1)
(4.45 0.2 1)
(4.5 0.2 1)
(4.55 0.2 1)
(4.6 0.2 1)
(4.65 0.2 1)
(4.7 0.2 1)
(4.75 0.2 1)
(4.8 0.2 1)
(4.85 0.2 1)
(4.9 0.2 1)
(4.95 0.2 1)
(5 0.2 1)
(3.35 0.25 1)
(3.4 0.25 1)
(3.45 0.25 1)
(3.5 0.25 1)
(3.55 0.25 1)
(3.6 0.25 1)
(3.65 0.25 1)
(3.7 0.25 1)
(3.75 0.25 1)
(3.8 0.25 1)
(3.85 0.25 1)
(3.9 0.25 1)
(3.95 0.25 1)
(4 0.25 1)
(4.05 0.25 1)
(4.1 0.25 1)
(4.15 0.25 1)
(4.2 0.25 1)
(4.25 0.25 1)
(4.3 0.25 1)
(4.35 0.25 1)
(4.4 0.25 1)
(4.45 0.25 1)
(4.5 0.25 1)
(4.55 0.25 1)
(4.6 0.25 1)
(4.65 0.25 1)
(4.7 0.25 1)
(4.75 0.25 1)
(4.8 0.25 1)
(4.85 0.25 1)
(4.9 0.25 1)
(4.95 0.25 1)
(5 0.25 1)
(3.35 0.3 1)
(3.4 0.3 1)
(3.45 0.3 1)
(3.5 0.3 1)
(3.55 0.3 1)
(3.6 0.3 1)
(3.65 0.3 1)
(3.7 0.3 1)
(3.75 0.3 1)
(3.8 0.3 1)
(3.85 0.3 1)
(3.9 0.3 1)
(3.95 0.3 1)
(4 0.3 1)
(4.05 0.3 1)
(4.1 0.3 1)
(4.15 0.3 1)
(4.2 0.3 1)
(4.25 0.3 1)
(4.3 0.3 1)
(4.35 0.3 1)
(4.4 0.3 1)
(4.45 0.3 1)
(4.5 0.3 1)
(4.55 0.3 1)
(4.6 0.3 1)
(4.65 0.3 1)
(4.7 0.3 1)
(4.75 0.3 1)
(4.8 0.3 1)
(4.85 0.3 1)
(4.9 0.3 1)
(4.95 0.3 1)
(5 0.3 1)
(3.35 0.35 1)
(3.4 0.35 1)
(3.45 0.35 1)
(3.5 0.35 1)
(3.55 0.35 1)
(3.6 0.35 1)
(3.65 0.35 1)
(3.7 0.35 1)
(3.75 0.35 1)
(3.8 0.35 1)
(3.85 0.35 1)
(3.9 0.35 1)
(3.95 0.35 1)
(4 0.35 1)
(4.05 0.35 1)
(4.1 0.35 1)
(4.15 0.35 1)
(4.2 0.35 1)
(4.25 0.35 1)
(4.3 0.35 1)
(4.35 0.35 1)
(4.4 0.35 1)
(4.45 0.35 1)
(4.5 0.35 1)
(4.55 0.35 1)
(4.6 0.35 1)
(4.65 0.35 1)
(4.7 0.35 1)
(4.75 0.35 1)
(4.8 0.35 1)
(4.85 0.35 1)
(4.9 0.35 1)
(4.95 0.35 1)
(5 0.35 1)
(3.35 0.4 1)
(3.4 0.4 1)
(3.45 0.4 1)
(3.5 0.4 1)
(3.55 0.4 1)
(3.6 0.4 1)
(3.65 0.4 1)
(3.7 0.4 1)
(3.75 0.4 1)
(3.8 0.4 1)
(3.85 0.4 1)
(3.9 0.4 1)
(3.95 0.4 1)
(4 0.4 1)
(4.05 0.4 1)
(4.1 0.4 1)
(4.15 0.4 1)
(4.2 0.4 1)
(4.25 0.4 1)
(4.3 0.4 1)
(4.35 0.4 1)
(4.4 0.4 1)
(4.45 0.4 1)
(4.5 0.4 1)
(4.55 0.4 1)
(4.6 0.4 1)
(4.65 0.4 1)
(4.7 0.4 1)
(4.75 0.4 1)
(4.8 0.4 1)
(4.85 0.4 1)
(4.9 0.4 1)
(4.95 0.4 1)
(5 0.4 1)
)


// ************************************************************************* //
