/*--------------------------------*- C++ -*----------------------------------*\
| =========                 |                                                 |
| \\      /  F ield         | OpenFOAM: The Open Source CFD Toolbox           |
|  \\    /   O peration     | Version:  2412                                  |
|   \\  /    A nd           | Website:  www.openfoam.com                      |
|    \\/     M anipulation  |                                                 |
\*---------------------------------------------------------------------------*/
FoamFile
{
    version     2.0;
    format      ascii;
    arch        "LSB;label=32;scalar=64";
    note        "nPoints:6498  nCells:5336  nFaces:17107  nInternalFaces:14909";
    class       labelList;
    location    "constant/polyMesh";
    object      neighbour;
}
// * * * * * * * * * * * * * * * * * * * * * * * * * * * * * * * * * * * * * //


14909
(
1
8
1769
2039
2
9
1803
2071
3
10
1837
2103
4
11
1871
2135
5
12
1905
2167
6
13
1939
2199
7
14
1973
2231
15
2007
2263
9
16
2295
10
17
2327
11
18
2359
12
19
2391
13
20
2423
14
21
2455
15
22
2487
23
2519
17
24
2551
18
25
2583
19
26
2615
20
27
2647
21
28
2679
22
29
2711
23
30
2743
31
2775
25
32
2807
26
33
2839
27
34
2871
28
35
2903
29
36
2935
30
37
2967
31
38
2999
39
3031
33
40
3063
34
41
3095
35
42
3127
36
43
3159
37
44
3191
38
45
3223
39
46
3255
47
3287
41
48
3319
42
49
3351
43
50
3383
44
51
3415
45
52
3447
46
53
3479
47
54
3511
55
3543
49
56
3575
50
57
3607
51
58
3639
52
59
3671
53
60
3703
54
61
3735
55
62
3767
63
3799
57
64
3831
58
65
3863
59
66
3895
60
67
3927
61
68
3959
62
69
3991
63
70
4023
71
4055
65
72
4087
66
73
4119
67
74
4151
68
75
4183
69
76
4215
70
77
4247
71
78
4279
79
4311
73
80
4343
74
81
4375
75
82
4407
76
83
4439
77
84
4471
78
85
4503
79
86
4535
87
4567
81
88
4599
82
89
4631
83
90
4663
84
91
4695
85
92
4727
86
93
4759
87
94
4791
95
4823
89
96
4855
90
97
4887
91
98
4919
92
99
4951
93
100
4983
94
101
5015
95
102
5047
103
5079
97
5111
98
5143
99
5175
100
5207
101
5239
102
5271
103
5303
5335
105
138
376
106
139
377
107
140
378
108
141
379
109
142
380
110
143
381
111
144
382
112
145
383
113
146
384
114
147
385
115
148
386
116
149
387
117
150
388
118
151
389
119
152
390
120
153
391
121
154
392
122
155
393
123
156
394
124
157
395
125
158
396
126
159
397
127
160
398
128
161
399
129
162
400
130
163
401
131
164
402
132
165
403
133
166
404
134
167
405
135
168
406
136
169
407
137
170
408
171
409
139
172
410
140
173
411
141
174
412
142
175
413
143
176
414
144
177
415
145
178
416
146
179
417
147
180
418
148
181
419
149
182
420
150
183
421
151
184
422
152
185
423
153
186
424
154
187
425
155
188
426
156
189
427
157
190
428
158
191
429
159
192
430
160
193
431
161
194
432
162
195
433
163
196
434
164
197
435
165
198
436
166
199
437
167
200
438
168
201
439
169
202
440
170
203
441
171
204
442
205
443
173
206
444
174
207
445
175
208
446
176
209
447
177
210
448
178
211
449
179
212
450
180
213
451
181
214
452
182
215
453
183
216
454
184
217
455
185
218
456
186
219
457
187
220
458
188
221
459
189
222
460
190
223
461
191
224
462
192
225
463
193
226
464
194
227
465
195
228
466
196
229
467
197
230
468
198
231
469
199
232
470
200
233
471
201
234
472
202
235
473
203
236
474
204
237
475
205
238
476
239
477
207
240
478
208
241
479
209
242
480
210
243
481
211
244
482
212
245
483
213
246
484
214
247
485
215
248
486
216
249
487
217
250
488
218
251
489
219
252
490
220
253
491
221
254
492
222
255
493
223
256
494
224
257
495
225
258
496
226
259
497
227
260
498
228
261
499
229
262
500
230
263
501
231
264
502
232
265
503
233
266
504
234
267
505
235
268
506
236
269
507
237
270
508
238
271
509
239
272
510
273
511
241
274
512
242
275
513
243
276
514
244
277
515
245
278
516
246
279
517
247
280
518
248
281
519
249
282
520
250
283
521
251
284
522
252
285
523
253
286
524
254
287
525
255
288
526
256
289
527
257
290
528
258
291
529
259
292
530
260
293
531
261
294
532
262
295
533
263
296
534
264
297
535
265
298
536
266
299
537
267
300
538
268
301
539
269
302
540
270
303
541
271
304
542
272
305
543
273
306
544
307
545
275
308
546
276
309
547
277
310
548
278
311
549
279
312
550
280
313
551
281
314
552
282
315
553
283
316
554
284
317
555
285
318
556
286
319
557
287
320
558
288
321
559
289
322
560
290
323
561
291
324
562
292
325
563
293
326
564
294
327
565
295
328
566
296
329
567
297
330
568
298
331
569
299
332
570
300
333
571
301
334
572
302
335
573
303
336
574
304
337
575
305
338
576
306
339
577
307
340
578
341
579
309
342
580
310
343
581
311
344
582
312
345
583
313
346
584
314
347
585
315
348
586
316
349
587
317
350
588
318
351
589
319
352
590
320
353
591
321
354
592
322
355
593
323
356
594
324
357
595
325
358
596
326
359
597
327
360
598
328
361
599
329
362
600
330
363
601
331
364
602
332
365
603
333
366
604
334
367
605
335
368
606
336
369
607
337
370
608
338
371
609
339
372
610
340
373
611
341
374
612
375
613
343
614
344
615
345
616
346
617
347
618
348
619
349
620
350
621
351
622
352
623
353
624
354
625
355
626
356
627
357
628
358
629
359
630
360
631
361
632
362
633
363
634
364
635
365
636
366
637
367
638
368
639
369
640
370
641
371
642
372
643
373
644
374
645
375
646
647
377
410
648
378
411
649
379
412
650
380
413
651
381
414
652
382
415
653
383
416
654
384
417
655
385
418
656
386
419
657
387
420
658
388
421
659
389
422
660
390
423
661
391
424
662
392
425
663
393
426
664
394
427
665
395
428
666
396
429
667
397
430
668
398
431
669
399
432
670
400
433
671
401
434
672
402
435
673
403
436
674
404
437
675
405
438
676
406
439
677
407
440
678
408
441
679
409
442
680
443
681
411
444
682
412
445
683
413
446
684
414
447
685
415
448
686
416
449
687
417
450
688
418
451
689
419
452
690
420
453
691
421
454
692
422
455
693
423
456
694
424
457
695
425
458
696
426
459
697
427
460
698
428
461
699
429
462
700
430
463
701
431
464
702
432
465
703
433
466
704
434
467
705
435
468
706
436
469
707
437
470
708
438
471
709
439
472
710
440
473
711
441
474
712
442
475
713
443
476
714
477
715
445
478
716
446
479
717
447
480
718
448
481
719
449
482
720
450
483
721
451
484
722
452
485
723
453
486
724
454
487
725
455
488
726
456
489
727
457
490
728
458
491
729
459
492
730
460
493
731
461
494
732
462
495
733
463
496
734
464
497
735
465
498
736
466
499
737
467
500
738
468
501
739
469
502
740
470
503
741
471
504
742
472
505
743
473
506
744
474
507
745
475
508
746
476
509
747
477
510
748
511
749
479
512
750
480
513
751
481
514
752
482
515
753
483
516
754
484
517
755
485
518
756
486
519
757
487
520
758
488
521
759
489
522
760
490
523
761
491
524
762
492
525
763
493
526
764
494
527
765
495
528
766
496
529
767
497
530
768
498
531
769
499
532
770
500
533
771
501
534
772
502
535
773
503
536
774
504
537
775
505
538
776
506
539
777
507
540
778
508
541
779
509
542
780
510
543
781
511
544
782
545
783
513
546
784
514
547
785
515
548
786
516
549
787
517
550
788
518
551
789
519
552
790
520
553
791
521
554
792
522
555
793
523
556
794
524
557
795
525
558
796
526
559
797
527
560
798
528
561
799
529
562
800
530
563
801
531
564
802
532
565
803
533
566
804
534
567
805
535
568
806
536
569
807
537
570
808
538
571
809
539
572
810
540
573
811
541
574
812
542
575
813
543
576
814
544
577
815
545
578
816
579
817
547
580
818
548
581
819
549
582
820
550
583
821
551
584
822
552
585
823
553
586
824
554
587
825
555
588
826
556
589
827
557
590
828
558
591
829
559
592
830
560
593
831
561
594
832
562
595
833
563
596
834
564
597
835
565
598
836
566
599
837
567
600
838
568
601
839
569
602
840
570
603
841
571
604
842
572
605
843
573
606
844
574
607
845
575
608
846
576
609
847
577
610
848
578
611
849
579
612
850
613
851
581
614
852
582
615
853
583
616
854
584
617
855
585
618
856
586
619
857
587
620
858
588
621
859
589
622
860
590
623
861
591
624
862
592
625
863
593
626
864
594
627
865
595
628
866
596
629
867
597
630
868
598
631
869
599
632
870
600
633
871
601
634
872
602
635
873
603
636
874
604
637
875
605
638
876
606
639
877
607
640
878
608
641
879
609
642
880
610
643
881
611
644
882
612
645
883
613
646
884
647
885
615
886
616
887
617
888
618
889
619
890
620
891
621
892
622
893
623
894
624
895
625
896
626
897
627
898
628
899
629
900
630
901
631
902
632
903
633
904
634
905
635
906
636
907
637
908
638
909
639
910
640
911
641
912
642
913
643
914
644
915
645
916
646
917
647
918
919
649
682
920
650
683
921
651
684
922
652
685
923
653
686
924
654
687
925
655
688
926
656
689
927
657
690
928
658
691
929
659
692
930
660
693
931
661
694
932
662
695
933
663
696
934
664
697
935
665
698
936
666
699
937
667
700
938
668
701
939
669
702
940
670
703
941
671
704
942
672
705
943
673
706
944
674
707
945
675
708
946
676
709
947
677
710
948
678
711
949
679
712
950
680
713
951
681
714
952
715
953
683
716
954
684
717
955
685
718
956
686
719
957
687
720
958
688
721
959
689
722
960
690
723
961
691
724
962
692
725
963
693
726
964
694
727
965
695
728
966
696
729
967
697
730
968
698
731
969
699
732
970
700
733
971
701
734
972
702
735
973
703
736
974
704
737
975
705
738
976
706
739
977
707
740
978
708
741
979
709
742
980
710
743
981
711
744
982
712
745
983
713
746
984
714
747
985
715
748
986
749
987
717
750
988
718
751
989
719
752
990
720
753
991
721
754
992
722
755
993
723
756
994
724
757
995
725
758
996
726
759
997
727
760
998
728
761
999
729
762
1000
730
763
1001
731
764
1002
732
765
1003
733
766
1004
734
767
1005
735
768
1006
736
769
1007
737
770
1008
738
771
1009
739
772
1010
740
773
1011
741
774
1012
742
775
1013
743
776
1014
744
777
1015
745
778
1016
746
779
1017
747
780
1018
748
781
1019
749
782
1020
783
1021
751
784
1022
752
785
1023
753
786
1024
754
787
1025
755
788
1026
756
789
1027
757
790
1028
758
791
1029
759
792
1030
760
793
1031
761
794
1032
762
795
1033
763
796
1034
764
797
1035
765
798
1036
766
799
1037
767
800
1038
768
801
1039
769
802
1040
770
803
1041
771
804
1042
772
805
1043
773
806
1044
774
807
1045
775
808
1046
776
809
1047
777
810
1048
778
811
1049
779
812
1050
780
813
1051
781
814
1052
782
815
1053
783
816
1054
817
1055
785
818
1056
786
819
1057
787
820
1058
788
821
1059
789
822
1060
790
823
1061
791
824
1062
792
825
1063
793
826
1064
794
827
1065
795
828
1066
796
829
1067
797
830
1068
798
831
1069
799
832
1070
800
833
1071
801
834
1072
802
835
1073
803
836
1074
804
837
1075
805
838
1076
806
839
1077
807
840
1078
808
841
1079
809
842
1080
810
843
1081
811
844
1082
812
845
1083
813
846
1084
814
847
1085
815
848
1086
816
849
1087
817
850
1088
851
1089
819
852
1090
820
853
1091
821
854
1092
822
855
1093
823
856
1094
824
857
1095
825
858
1096
826
859
1097
827
860
1098
828
861
1099
829
862
1100
830
863
1101
831
864
1102
832
865
1103
833
866
1104
834
867
1105
835
868
1106
836
869
1107
837
870
1108
838
871
1109
839
872
1110
840
873
1111
841
874
1112
842
875
1113
843
876
1114
844
877
1115
845
878
1116
846
879
1117
847
880
1118
848
881
1119
849
882
1120
850
883
1121
851
884
1122
885
1123
853
886
1124
854
887
1125
855
888
1126
856
889
1127
857
890
1128
858
891
1129
859
892
1130
860
893
1131
861
894
1132
862
895
1133
863
896
1134
864
897
1135
865
898
1136
866
899
1137
867
900
1138
868
901
1139
869
902
1140
870
903
1141
871
904
1142
872
905
1143
873
906
1144
874
907
1145
875
908
1146
876
909
1147
877
910
1148
878
911
1149
879
912
1150
880
913
1151
881
914
1152
882
915
1153
883
916
1154
884
917
1155
885
918
1156
919
1157
887
1158
888
1159
889
1160
890
1161
891
1162
892
1163
893
1164
894
1165
895
1166
896
1167
897
1168
898
1169
899
1170
900
1171
901
1172
902
1173
903
1174
904
1175
905
1176
906
1177
907
1178
908
1179
909
1180
910
1181
911
1182
912
1183
913
1184
914
1185
915
1186
916
1187
917
1188
918
1189
919
1190
1191
921
954
1192
922
955
1193
923
956
1194
924
957
1195
925
958
1196
926
959
1197
927
960
1198
928
961
1199
929
962
1200
930
963
1201
931
964
1202
932
965
1203
933
966
1204
934
967
1205
935
968
1206
936
969
1207
937
970
1208
938
971
1209
939
972
1210
940
973
1211
941
974
1212
942
975
1213
943
976
1214
944
977
1215
945
978
1216
946
979
1217
947
980
1218
948
981
1219
949
982
1220
950
983
1221
951
984
1222
952
985
1223
953
986
1224
987
1225
955
988
1226
956
989
1227
957
990
1228
958
991
1229
959
992
1230
960
993
1231
961
994
1232
962
995
1233
963
996
1234
964
997
1235
965
998
1236
966
999
1237
967
1000
1238
968
1001
1239
969
1002
1240
970
1003
1241
971
1004
1242
972
1005
1243
973
1006
1244
974
1007
1245
975
1008
1246
976
1009
1247
977
1010
1248
978
1011
1249
979
1012
1250
980
1013
1251
981
1014
1252
982
1015
1253
983
1016
1254
984
1017
1255
985
1018
1256
986
1019
1257
987
1020
1258
1021
1259
989
1022
1260
990
1023
1261
991
1024
1262
992
1025
1263
993
1026
1264
994
1027
1265
995
1028
1266
996
1029
1267
997
1030
1268
998
1031
1269
999
1032
1270
1000
1033
1271
1001
1034
1272
1002
1035
1273
1003
1036
1274
1004
1037
1275
1005
1038
1276
1006
1039
1277
1007
1040
1278
1008
1041
1279
1009
1042
1280
1010
1043
1281
1011
1044
1282
1012
1045
1283
1013
1046
1284
1014
1047
1285
1015
1048
1286
1016
1049
1287
1017
1050
1288
1018
1051
1289
1019
1052
1290
1020
1053
1291
1021
1054
1292
1055
1293
1023
1056
1294
1024
1057
1295
1025
1058
1296
1026
1059
1297
1027
1060
1298
1028
1061
1299
1029
1062
1300
1030
1063
1301
1031
1064
1302
1032
1065
1303
1033
1066
1304
1034
1067
1305
1035
1068
1306
1036
1069
1307
1037
1070
1308
1038
1071
1309
1039
1072
1310
1040
1073
1311
1041
1074
1312
1042
1075
1313
1043
1076
1314
1044
1077
1315
1045
1078
1316
1046
1079
1317
1047
1080
1318
1048
1081
1319
1049
1082
1320
1050
1083
1321
1051
1084
1322
1052
1085
1323
1053
1086
1324
1054
1087
1325
1055
1088
1326
1089
1327
1057
1090
1328
1058
1091
1329
1059
1092
1330
1060
1093
1331
1061
1094
1332
1062
1095
1333
1063
1096
1334
1064
1097
1335
1065
1098
1336
1066
1099
1337
1067
1100
1338
1068
1101
1339
1069
1102
1340
1070
1103
1341
1071
1104
1342
1072
1105
1343
1073
1106
1344
1074
1107
1345
1075
1108
1346
1076
1109
1347
1077
1110
1348
1078
1111
1349
1079
1112
1350
1080
1113
1351
1081
1114
1352
1082
1115
1353
1083
1116
1354
1084
1117
1355
1085
1118
1356
1086
1119
1357
1087
1120
1358
1088
1121
1359
1089
1122
1360
1123
1361
1091
1124
1362
1092
1125
1363
1093
1126
1364
1094
1127
1365
1095
1128
1366
1096
1129
1367
1097
1130
1368
1098
1131
1369
1099
1132
1370
1100
1133
1371
1101
1134
1372
1102
1135
1373
1103
1136
1374
1104
1137
1375
1105
1138
1376
1106
1139
1377
1107
1140
1378
1108
1141
1379
1109
1142
1380
1110
1143
1381
1111
1144
1382
1112
1145
1383
1113
1146
1384
1114
1147
1385
1115
1148
1386
1116
1149
1387
1117
1150
1388
1118
1151
1389
1119
1152
1390
1120
1153
1391
1121
1154
1392
1122
1155
1393
1123
1156
1394
1157
1395
1125
1158
1396
1126
1159
1397
1127
1160
1398
1128
1161
1399
1129
1162
1400
1130
1163
1401
1131
1164
1402
1132
1165
1403
1133
1166
1404
1134
1167
1405
1135
1168
1406
1136
1169
1407
1137
1170
1408
1138
1171
1409
1139
1172
1410
1140
1173
1411
1141
1174
1412
1142
1175
1413
1143
1176
1414
1144
1177
1415
1145
1178
1416
1146
1179
1417
1147
1180
1418
1148
1181
1419
1149
1182
1420
1150
1183
1421
1151
1184
1422
1152
1185
1423
1153
1186
1424
1154
1187
1425
1155
1188
1426
1156
1189
1427
1157
1190
1428
1191
1429
1159
1430
1160
1431
1161
1432
1162
1433
1163
1434
1164
1435
1165
1436
1166
1437
1167
1438
1168
1439
1169
1440
1170
1441
1171
1442
1172
1443
1173
1444
1174
1445
1175
1446
1176
1447
1177
1448
1178
1449
1179
1450
1180
1451
1181
1452
1182
1453
1183
1454
1184
1455
1185
1456
1186
1457
1187
1458
1188
1459
1189
1460
1190
1461
1191
1462
1463
1193
1226
1464
1194
1227
1465
1195
1228
1466
1196
1229
1467
1197
1230
1468
1198
1231
1469
1199
1232
1470
1200
1233
1471
1201
1234
1472
1202
1235
1473
1203
1236
1474
1204
1237
1475
1205
1238
1476
1206
1239
1477
1207
1240
1478
1208
1241
1479
1209
1242
1480
1210
1243
1481
1211
1244
1482
1212
1245
1483
1213
1246
1484
1214
1247
1485
1215
1248
1486
1216
1249
1487
1217
1250
1488
1218
1251
1489
1219
1252
1490
1220
1253
1491
1221
1254
1492
1222
1255
1493
1223
1256
1494
1224
1257
1495
1225
1258
1496
1259
1497
1227
1260
1498
1228
1261
1499
1229
1262
1500
1230
1263
1501
1231
1264
1502
1232
1265
1503
1233
1266
1504
1234
1267
1505
1235
1268
1506
1236
1269
1507
1237
1270
1508
1238
1271
1509
1239
1272
1510
1240
1273
1511
1241
1274
1512
1242
1275
1513
1243
1276
1514
1244
1277
1515
1245
1278
1516
1246
1279
1517
1247
1280
1518
1248
1281
1519
1249
1282
1520
1250
1283
1521
1251
1284
1522
1252
1285
1523
1253
1286
1524
1254
1287
1525
1255
1288
1526
1256
1289
1527
1257
1290
1528
1258
1291
1529
1259
1292
1530
1293
1531
1261
1294
1532
1262
1295
1533
1263
1296
1534
1264
1297
1535
1265
1298
1536
1266
1299
1537
1267
1300
1538
1268
1301
1539
1269
1302
1540
1270
1303
1541
1271
1304
1542
1272
1305
1543
1273
1306
1544
1274
1307
1545
1275
1308
1546
1276
1309
1547
1277
1310
1548
1278
1311
1549
1279
1312
1550
1280
1313
1551
1281
1314
1552
1282
1315
1553
1283
1316
1554
1284
1317
1555
1285
1318
1556
1286
1319
1557
1287
1320
1558
1288
1321
1559
1289
1322
1560
1290
1323
1561
1291
1324
1562
1292
1325
1563
1293
1326
1564
1327
1565
1295
1328
1566
1296
1329
1567
1297
1330
1568
1298
1331
1569
1299
1332
1570
1300
1333
1571
1301
1334
1572
1302
1335
1573
1303
1336
1574
1304
1337
1575
1305
1338
1576
1306
1339
1577
1307
1340
1578
1308
1341
1579
1309
1342
1580
1310
1343
1581
1311
1344
1582
1312
1345
1583
1313
1346
1584
1314
1347
1585
1315
1348
1586
1316
1349
1587
1317
1350
1588
1318
1351
1589
1319
1352
1590
1320
1353
1591
1321
1354
1592
1322
1355
1593
1323
1356
1594
1324
1357
1595
1325
1358
1596
1326
1359
1597
1327
1360
1598
1361
1599
1329
1362
1600
1330
1363
1601
1331
1364
1602
1332
1365
1603
1333
1366
1604
1334
1367
1605
1335
1368
1606
1336
1369
1607
1337
1370
1608
1338
1371
1609
1339
1372
1610
1340
1373
1611
1341
1374
1612
1342
1375
1613
1343
1376
1614
1344
1377
1615
1345
1378
1616
1346
1379
1617
1347
1380
1618
1348
1381
1619
1349
1382
1620
1350
1383
1621
1351
1384
1622
1352
1385
1623
1353
1386
1624
1354
1387
1625
1355
1388
1626
1356
1389
1627
1357
1390
1628
1358
1391
1629
1359
1392
1630
1360
1393
1631
1361
1394
1632
1395
1633
1363
1396
1634
1364
1397
1635
1365
1398
1636
1366
1399
1637
1367
1400
1638
1368
1401
1639
1369
1402
1640
1370
1403
1641
1371
1404
1642
1372
1405
1643
1373
1406
1644
1374
1407
1645
1375
1408
1646
1376
1409
1647
1377
1410
1648
1378
1411
1649
1379
1412
1650
1380
1413
1651
1381
1414
1652
1382
1415
1653
1383
1416
1654
1384
1417
1655
1385
1418
1656
1386
1419
1657
1387
1420
1658
1388
1421
1659
1389
1422
1660
1390
1423
1661
1391
1424
1662
1392
1425
1663
1393
1426
1664
1394
1427
1665
1395
1428
1666
1429
1667
1397
1430
1668
1398
1431
1669
1399
1432
1670
1400
1433
1671
1401
1434
1672
1402
1435
1673
1403
1436
1674
1404
1437
1675
1405
1438
1676
1406
1439
1677
1407
1440
1678
1408
1441
1679
1409
1442
1680
1410
1443
1681
1411
1444
1682
1412
1445
1683
1413
1446
1684
1414
1447
1685
1415
1448
1686
1416
1449
1687
1417
1450
1688
1418
1451
1689
1419
1452
1690
1420
1453
1691
1421
1454
1692
1422
1455
1693
1423
1456
1694
1424
1457
1695
1425
1458
1696
1426
1459
1697
1427
1460
1698
1428
1461
1699
1429
1462
1700
1463
1701
1431
1702
1432
1703
1433
1704
1434
1705
1435
1706
1436
1707
1437
1708
1438
1709
1439
1710
1440
1711
1441
1712
1442
1713
1443
1714
1444
1715
1445
1716
1446
1717
1447
1718
1448
1719
1449
1720
1450
1721
1451
1722
1452
1723
1453
1724
1454
1725
1455
1726
1456
1727
1457
1728
1458
1729
1459
1730
1460
1731
1461
1732
1462
1733
1463
1734
1735
1465
1498
1736
1466
1499
1737
1467
1500
1738
1468
1501
1739
1469
1502
1740
1470
1503
1741
1471
1504
1742
1472
1505
1743
1473
1506
1744
1474
1507
1745
1475
1508
1746
1476
1509
1747
1477
1510
1748
1478
1511
1749
1479
1512
1750
1480
1513
1751
1481
1514
1752
1482
1515
1753
1483
1516
1754
1484
1517
1755
1485
1518
1756
1486
1519
1757
1487
1520
1758
1488
1521
1759
1489
1522
1760
1490
1523
1761
1491
1524
1762
1492
1525
1763
1493
1526
1764
1494
1527
1765
1495
1528
1766
1496
1529
1767
1497
1530
1768
1531
1769
1499
1532
1770
1500
1533
1771
1501
1534
1772
1502
1535
1773
1503
1536
1774
1504
1537
1775
1505
1538
1776
1506
1539
1777
1507
1540
1778
1508
1541
1779
1509
1542
1780
1510
1543
1781
1511
1544
1782
1512
1545
1783
1513
1546
1784
1514
1547
1785
1515
1548
1786
1516
1549
1787
1517
1550
1788
1518
1551
1789
1519
1552
1790
1520
1553
1791
1521
1554
1792
1522
1555
1793
1523
1556
1794
1524
1557
1795
1525
1558
1796
1526
1559
1797
1527
1560
1798
1528
1561
1799
1529
1562
1800
1530
1563
1801
1531
1564
1802
1565
1803
1533
1566
1804
1534
1567
1805
1535
1568
1806
1536
1569
1807
1537
1570
1808
1538
1571
1809
1539
1572
1810
1540
1573
1811
1541
1574
1812
1542
1575
1813
1543
1576
1814
1544
1577
1815
1545
1578
1816
1546
1579
1817
1547
1580
1818
1548
1581
1819
1549
1582
1820
1550
1583
1821
1551
1584
1822
1552
1585
1823
1553
1586
1824
1554
1587
1825
1555
1588
1826
1556
1589
1827
1557
1590
1828
1558
1591
1829
1559
1592
1830
1560
1593
1831
1561
1594
1832
1562
1595
1833
1563
1596
1834
1564
1597
1835
1565
1598
1836
1599
1837
1567
1600
1838
1568
1601
1839
1569
1602
1840
1570
1603
1841
1571
1604
1842
1572
1605
1843
1573
1606
1844
1574
1607
1845
1575
1608
1846
1576
1609
1847
1577
1610
1848
1578
1611
1849
1579
1612
1850
1580
1613
1851
1581
1614
1852
1582
1615
1853
1583
1616
1854
1584
1617
1855
1585
1618
1856
1586
1619
1857
1587
1620
1858
1588
1621
1859
1589
1622
1860
1590
1623
1861
1591
1624
1862
1592
1625
1863
1593
1626
1864
1594
1627
1865
1595
1628
1866
1596
1629
1867
1597
1630
1868
1598
1631
1869
1599
1632
1870
1633
1871
1601
1634
1872
1602
1635
1873
1603
1636
1874
1604
1637
1875
1605
1638
1876
1606
1639
1877
1607
1640
1878
1608
1641
1879
1609
1642
1880
1610
1643
1881
1611
1644
1882
1612
1645
1883
1613
1646
1884
1614
1647
1885
1615
1648
1886
1616
1649
1887
1617
1650
1888
1618
1651
1889
1619
1652
1890
1620
1653
1891
1621
1654
1892
1622
1655
1893
1623
1656
1894
1624
1657
1895
1625
1658
1896
1626
1659
1897
1627
1660
1898
1628
1661
1899
1629
1662
1900
1630
1663
1901
1631
1664
1902
1632
1665
1903
1633
1666
1904
1667
1905
1635
1668
1906
1636
1669
1907
1637
1670
1908
1638
1671
1909
1639
1672
1910
1640
1673
1911
1641
1674
1912
1642
1675
1913
1643
1676
1914
1644
1677
1915
1645
1678
1916
1646
1679
1917
1647
1680
1918
1648
1681
1919
1649
1682
1920
1650
1683
1921
1651
1684
1922
1652
1685
1923
1653
1686
1924
1654
1687
1925
1655
1688
1926
1656
1689
1927
1657
1690
1928
1658
1691
1929
1659
1692
1930
1660
1693
1931
1661
1694
1932
1662
1695
1933
1663
1696
1934
1664
1697
1935
1665
1698
1936
1666
1699
1937
1667
1700
1938
1701
1939
1669
1702
1940
1670
1703
1941
1671
1704
1942
1672
1705
1943
1673
1706
1944
1674
1707
1945
1675
1708
1946
1676
1709
1947
1677
1710
1948
1678
1711
1949
1679
1712
1950
1680
1713
1951
1681
1714
1952
1682
1715
1953
1683
1716
1954
1684
1717
1955
1685
1718
1956
1686
1719
1957
1687
1720
1958
1688
1721
1959
1689
1722
1960
1690
1723
1961
1691
1724
1962
1692
1725
1963
1693
1726
1964
1694
1727
1965
1695
1728
1966
1696
1729
1967
1697
1730
1968
1698
1731
1969
1699
1732
1970
1700
1733
1971
1701
1734
1972
1735
1973
1703
1974
1704
1975
1705
1976
1706
1977
1707
1978
1708
1979
1709
1980
1710
1981
1711
1982
1712
1983
1713
1984
1714
1985
1715
1986
1716
1987
1717
1988
1718
1989
1719
1990
1720
1991
1721
1992
1722
1993
1723
1994
1724
1995
1725
1996
1726
1997
1727
1998
1728
1999
1729
2000
1730
2001
1731
2002
1732
2003
1733
2004
1734
2005
1735
2006
2007
1737
1770
1738
1771
2008
1739
1772
2009
1740
1773
2010
1741
1774
2011
1742
1775
2012
1743
1776
2013
1744
1777
2014
1745
1778
2015
1746
1779
2016
1747
1780
2017
1748
1781
2018
1749
1782
2019
1750
1783
2020
1751
1784
2021
1752
1785
2022
1753
1786
2023
1754
1787
2024
1755
1788
2025
1756
1789
2026
1757
1790
2027
1758
1791
2028
1759
1792
2029
1760
1793
2030
1761
1794
2031
1762
1795
2032
1763
1796
2033
1764
1797
2034
1765
1798
2035
1766
1799
2036
1767
1800
2037
1768
1801
2038
1769
1802
2039
1803
1771
1804
1772
1805
2040
1773
1806
2041
1774
1807
2042
1775
1808
2043
1776
1809
2044
1777
1810
2045
1778
1811
2046
1779
1812
2047
1780
1813
2048
1781
1814
2049
1782
1815
2050
1783
1816
2051
1784
1817
2052
1785
1818
2053
1786
1819
2054
1787
1820
2055
1788
1821
2056
1789
1822
2057
1790
1823
2058
1791
1824
2059
1792
1825
2060
1793
1826
2061
1794
1827
2062
1795
1828
2063
1796
1829
2064
1797
1830
2065
1798
1831
2066
1799
1832
2067
1800
1833
2068
1801
1834
2069
1802
1835
2070
1803
1836
2071
1837
1805
1838
1806
1839
2072
1807
1840
2073
1808
1841
2074
1809
1842
2075
1810
1843
2076
1811
1844
2077
1812
1845
2078
1813
1846
2079
1814
1847
2080
1815
1848
2081
1816
1849
2082
1817
1850
2083
1818
1851
2084
1819
1852
2085
1820
1853
2086
1821
1854
2087
1822
1855
2088
1823
1856
2089
1824
1857
2090
1825
1858
2091
1826
1859
2092
1827
1860
2093
1828
1861
2094
1829
1862
2095
1830
1863
2096
1831
1864
2097
1832
1865
2098
1833
1866
2099
1834
1867
2100
1835
1868
2101
1836
1869
2102
1837
1870
2103
1871
1839
1872
1840
1873
2104
1841
1874
2105
1842
1875
2106
1843
1876
2107
1844
1877
2108
1845
1878
2109
1846
1879
2110
1847
1880
2111
1848
1881
2112
1849
1882
2113
1850
1883
2114
1851
1884
2115
1852
1885
2116
1853
1886
2117
1854
1887
2118
1855
1888
2119
1856
1889
2120
1857
1890
2121
1858
1891
2122
1859
1892
2123
1860
1893
2124
1861
1894
2125
1862
1895
2126
1863
1896
2127
1864
1897
2128
1865
1898
2129
1866
1899
2130
1867
1900
2131
1868
1901
2132
1869
1902
2133
1870
1903
2134
1871
1904
2135
1905
1873
1906
1874
1907
2136
1875
1908
2137
1876
1909
2138
1877
1910
2139
1878
1911
2140
1879
1912
2141
1880
1913
2142
1881
1914
2143
1882
1915
2144
1883
1916
2145
1884
1917
2146
1885
1918
2147
1886
1919
2148
1887
1920
2149
1888
1921
2150
1889
1922
2151
1890
1923
2152
1891
1924
2153
1892
1925
2154
1893
1926
2155
1894
1927
2156
1895
1928
2157
1896
1929
2158
1897
1930
2159
1898
1931
2160
1899
1932
2161
1900
1933
2162
1901
1934
2163
1902
1935
2164
1903
1936
2165
1904
1937
2166
1905
1938
2167
1939
1907
1940
1908
1941
2168
1909
1942
2169
1910
1943
2170
1911
1944
2171
1912
1945
2172
1913
1946
2173
1914
1947
2174
1915
1948
2175
1916
1949
2176
1917
1950
2177
1918
1951
2178
1919
1952
2179
1920
1953
2180
1921
1954
2181
1922
1955
2182
1923
1956
2183
1924
1957
2184
1925
1958
2185
1926
1959
2186
1927
1960
2187
1928
1961
2188
1929
1962
2189
1930
1963
2190
1931
1964
2191
1932
1965
2192
1933
1966
2193
1934
1967
2194
1935
1968
2195
1936
1969
2196
1937
1970
2197
1938
1971
2198
1939
1972
2199
1973
1941
1974
1942
1975
2200
1943
1976
2201
1944
1977
2202
1945
1978
2203
1946
1979
2204
1947
1980
2205
1948
1981
2206
1949
1982
2207
1950
1983
2208
1951
1984
2209
1952
1985
2210
1953
1986
2211
1954
1987
2212
1955
1988
2213
1956
1989
2214
1957
1990
2215
1958
1991
2216
1959
1992
2217
1960
1993
2218
1961
1994
2219
1962
1995
2220
1963
1996
2221
1964
1997
2222
1965
1998
2223
1966
1999
2224
1967
2000
2225
1968
2001
2226
1969
2002
2227
1970
2003
2228
1971
2004
2229
1972
2005
2230
1973
2006
2231
2007
1975
1976
2232
1977
2233
1978
2234
1979
2235
1980
2236
1981
2237
1982
2238
1983
2239
1984
2240
1985
2241
1986
2242
1987
2243
1988
2244
1989
2245
1990
2246
1991
2247
1992
2248
1993
2249
1994
2250
1995
2251
1996
2252
1997
2253
1998
2254
1999
2255
2000
2256
2001
2257
2002
2258
2003
2259
2004
2260
2005
2261
2006
2262
2007
2263
2009
2040
2264
2010
2041
2265
2011
2042
2266
2012
2043
2267
2013
2044
2268
2014
2045
2269
2015
2046
2270
2016
2047
2271
2017
2048
2272
2018
2049
2273
2019
2050
2274
2020
2051
2275
2021
2052
2276
2022
2053
2277
2023
2054
2278
2024
2055
2279
2025
2056
2280
2026
2057
2281
2027
2058
2282
2028
2059
2283
2029
2060
2284
2030
2061
2285
2031
2062
2286
2032
2063
2287
2033
2064
2288
2034
2065
2289
2035
2066
2290
2036
2067
2291
2037
2068
2292
2038
2069
2293
2039
2070
2294
2071
2295
2041
2072
2296
2042
2073
2297
2043
2074
2298
2044
2075
2299
2045
2076
2300
2046
2077
2301
2047
2078
2302
2048
2079
2303
2049
2080
2304
2050
2081
2305
2051
2082
2306
2052
2083
2307
2053
2084
2308
2054
2085
2309
2055
2086
2310
2056
2087
2311
2057
2088
2312
2058
2089
2313
2059
2090
2314
2060
2091
2315
2061
2092
2316
2062
2093
2317
2063
2094
2318
2064
2095
2319
2065
2096
2320
2066
2097
2321
2067
2098
2322
2068
2099
2323
2069
2100
2324
2070
2101
2325
2071
2102
2326
2103
2327
2073
2104
2328
2074
2105
2329
2075
2106
2330
2076
2107
2331
2077
2108
2332
2078
2109
2333
2079
2110
2334
2080
2111
2335
2081
2112
2336
2082
2113
2337
2083
2114
2338
2084
2115
2339
2085
2116
2340
2086
2117
2341
2087
2118
2342
2088
2119
2343
2089
2120
2344
2090
2121
2345
2091
2122
2346
2092
2123
2347
2093
2124
2348
2094
2125
2349
2095
2126
2350
2096
2127
2351
2097
2128
2352
2098
2129
2353
2099
2130
2354
2100
2131
2355
2101
2132
2356
2102
2133
2357
2103
2134
2358
2135
2359
2105
2136
2360
2106
2137
2361
2107
2138
2362
2108
2139
2363
2109
2140
2364
2110
2141
2365
2111
2142
2366
2112
2143
2367
2113
2144
2368
2114
2145
2369
2115
2146
2370
2116
2147
2371
2117
2148
2372
2118
2149
2373
2119
2150
2374
2120
2151
2375
2121
2152
2376
2122
2153
2377
2123
2154
2378
2124
2155
2379
2125
2156
2380
2126
2157
2381
2127
2158
2382
2128
2159
2383
2129
2160
2384
2130
2161
2385
2131
2162
2386
2132
2163
2387
2133
2164
2388
2134
2165
2389
2135
2166
2390
2167
2391
2137
2168
2392
2138
2169
2393
2139
2170
2394
2140
2171
2395
2141
2172
2396
2142
2173
2397
2143
2174
2398
2144
2175
2399
2145
2176
2400
2146
2177
2401
2147
2178
2402
2148
2179
2403
2149
2180
2404
2150
2181
2405
2151
2182
2406
2152
2183
2407
2153
2184
2408
2154
2185
2409
2155
2186
2410
2156
2187
2411
2157
2188
2412
2158
2189
2413
2159
2190
2414
2160
2191
2415
2161
2192
2416
2162
2193
2417
2163
2194
2418
2164
2195
2419
2165
2196
2420
2166
2197
2421
2167
2198
2422
2199
2423
2169
2200
2424
2170
2201
2425
2171
2202
2426
2172
2203
2427
2173
2204
2428
2174
2205
2429
2175
2206
2430
2176
2207
2431
2177
2208
2432
2178
2209
2433
2179
2210
2434
2180
2211
2435
2181
2212
2436
2182
2213
2437
2183
2214
2438
2184
2215
2439
2185
2216
2440
2186
2217
2441
2187
2218
2442
2188
2219
2443
2189
2220
2444
2190
2221
2445
2191
2222
2446
2192
2223
2447
2193
2224
2448
2194
2225
2449
2195
2226
2450
2196
2227
2451
2197
2228
2452
2198
2229
2453
2199
2230
2454
2231
2455
2201
2232
2456
2202
2233
2457
2203
2234
2458
2204
2235
2459
2205
2236
2460
2206
2237
2461
2207
2238
2462
2208
2239
2463
2209
2240
2464
2210
2241
2465
2211
2242
2466
2212
2243
2467
2213
2244
2468
2214
2245
2469
2215
2246
2470
2216
2247
2471
2217
2248
2472
2218
2249
2473
2219
2250
2474
2220
2251
2475
2221
2252
2476
2222
2253
2477
2223
2254
2478
2224
2255
2479
2225
2256
2480
2226
2257
2481
2227
2258
2482
2228
2259
2483
2229
2260
2484
2230
2261
2485
2231
2262
2486
2263
2487
2233
2488
2234
2489
2235
2490
2236
2491
2237
2492
2238
2493
2239
2494
2240
2495
2241
2496
2242
2497
2243
2498
2244
2499
2245
2500
2246
2501
2247
2502
2248
2503
2249
2504
2250
2505
2251
2506
2252
2507
2253
2508
2254
2509
2255
2510
2256
2511
2257
2512
2258
2513
2259
2514
2260
2515
2261
2516
2262
2517
2263
2518
2519
2265
2296
2520
2266
2297
2521
2267
2298
2522
2268
2299
2523
2269
2300
2524
2270
2301
2525
2271
2302
2526
2272
2303
2527
2273
2304
2528
2274
2305
2529
2275
2306
2530
2276
2307
2531
2277
2308
2532
2278
2309
2533
2279
2310
2534
2280
2311
2535
2281
2312
2536
2282
2313
2537
2283
2314
2538
2284
2315
2539
2285
2316
2540
2286
2317
2541
2287
2318
2542
2288
2319
2543
2289
2320
2544
2290
2321
2545
2291
2322
2546
2292
2323
2547
2293
2324
2548
2294
2325
2549
2295
2326
2550
2327
2551
2297
2328
2552
2298
2329
2553
2299
2330
2554
2300
2331
2555
2301
2332
2556
2302
2333
2557
2303
2334
2558
2304
2335
2559
2305
2336
2560
2306
2337
2561
2307
2338
2562
2308
2339
2563
2309
2340
2564
2310
2341
2565
2311
2342
2566
2312
2343
2567
2313
2344
2568
2314
2345
2569
2315
2346
2570
2316
2347
2571
2317
2348
2572
2318
2349
2573
2319
2350
2574
2320
2351
2575
2321
2352
2576
2322
2353
2577
2323
2354
2578
2324
2355
2579
2325
2356
2580
2326
2357
2581
2327
2358
2582
2359
2583
2329
2360
2584
2330
2361
2585
2331
2362
2586
2332
2363
2587
2333
2364
2588
2334
2365
2589
2335
2366
2590
2336
2367
2591
2337
2368
2592
2338
2369
2593
2339
2370
2594
2340
2371
2595
2341
2372
2596
2342
2373
2597
2343
2374
2598
2344
2375
2599
2345
2376
2600
2346
2377
2601
2347
2378
2602
2348
2379
2603
2349
2380
2604
2350
2381
2605
2351
2382
2606
2352
2383
2607
2353
2384
2608
2354
2385
2609
2355
2386
2610
2356
2387
2611
2357
2388
2612
2358
2389
2613
2359
2390
2614
2391
2615
2361
2392
2616
2362
2393
2617
2363
2394
2618
2364
2395
2619
2365
2396
2620
2366
2397
2621
2367
2398
2622
2368
2399
2623
2369
2400
2624
2370
2401
2625
2371
2402
2626
2372
2403
2627
2373
2404
2628
2374
2405
2629
2375
2406
2630
2376
2407
2631
2377
2408
2632
2378
2409
2633
2379
2410
2634
2380
2411
2635
2381
2412
2636
2382
2413
2637
2383
2414
2638
2384
2415
2639
2385
2416
2640
2386
2417
2641
2387
2418
2642
2388
2419
2643
2389
2420
2644
2390
2421
2645
2391
2422
2646
2423
2647
2393
2424
2648
2394
2425
2649
2395
2426
2650
2396
2427
2651
2397
2428
2652
2398
2429
2653
2399
2430
2654
2400
2431
2655
2401
2432
2656
2402
2433
2657
2403
2434
2658
2404
2435
2659
2405
2436
2660
2406
2437
2661
2407
2438
2662
2408
2439
2663
2409
2440
2664
2410
2441
2665
2411
2442
2666
2412
2443
2667
2413
2444
2668
2414
2445
2669
2415
2446
2670
2416
2447
2671
2417
2448
2672
2418
2449
2673
2419
2450
2674
2420
2451
2675
2421
2452
2676
2422
2453
2677
2423
2454
2678
2455
2679
2425
2456
2680
2426
2457
2681
2427
2458
2682
2428
2459
2683
2429
2460
2684
2430
2461
2685
2431
2462
2686
2432
2463
2687
2433
2464
2688
2434
2465
2689
2435
2466
2690
2436
2467
2691
2437
2468
2692
2438
2469
2693
2439
2470
2694
2440
2471
2695
2441
2472
2696
2442
2473
2697
2443
2474
2698
2444
2475
2699
2445
2476
2700
2446
2477
2701
2447
2478
2702
2448
2479
2703
2449
2480
2704
2450
2481
2705
2451
2482
2706
2452
2483
2707
2453
2484
2708
2454
2485
2709
2455
2486
2710
2487
2711
2457
2488
2712
2458
2489
2713
2459
2490
2714
2460
2491
2715
2461
2492
2716
2462
2493
2717
2463
2494
2718
2464
2495
2719
2465
2496
2720
2466
2497
2721
2467
2498
2722
2468
2499
2723
2469
2500
2724
2470
2501
2725
2471
2502
2726
2472
2503
2727
2473
2504
2728
2474
2505
2729
2475
2506
2730
2476
2507
2731
2477
2508
2732
2478
2509
2733
2479
2510
2734
2480
2511
2735
2481
2512
2736
2482
2513
2737
2483
2514
2738
2484
2515
2739
2485
2516
2740
2486
2517
2741
2487
2518
2742
2519
2743
2489
2744
2490
2745
2491
2746
2492
2747
2493
2748
2494
2749
2495
2750
2496
2751
2497
2752
2498
2753
2499
2754
2500
2755
2501
2756
2502
2757
2503
2758
2504
2759
2505
2760
2506
2761
2507
2762
2508
2763
2509
2764
2510
2765
2511
2766
2512
2767
2513
2768
2514
2769
2515
2770
2516
2771
2517
2772
2518
2773
2519
2774
2775
2521
2552
2776
2522
2553
2777
2523
2554
2778
2524
2555
2779
2525
2556
2780
2526
2557
2781
2527
2558
2782
2528
2559
2783
2529
2560
2784
2530
2561
2785
2531
2562
2786
2532
2563
2787
2533
2564
2788
2534
2565
2789
2535
2566
2790
2536
2567
2791
2537
2568
2792
2538
2569
2793
2539
2570
2794
2540
2571
2795
2541
2572
2796
2542
2573
2797
2543
2574
2798
2544
2575
2799
2545
2576
2800
2546
2577
2801
2547
2578
2802
2548
2579
2803
2549
2580
2804
2550
2581
2805
2551
2582
2806
2583
2807
2553
2584
2808
2554
2585
2809
2555
2586
2810
2556
2587
2811
2557
2588
2812
2558
2589
2813
2559
2590
2814
2560
2591
2815
2561
2592
2816
2562
2593
2817
2563
2594
2818
2564
2595
2819
2565
2596
2820
2566
2597
2821
2567
2598
2822
2568
2599
2823
2569
2600
2824
2570
2601
2825
2571
2602
2826
2572
2603
2827
2573
2604
2828
2574
2605
2829
2575
2606
2830
2576
2607
2831
2577
2608
2832
2578
2609
2833
2579
2610
2834
2580
2611
2835
2581
2612
2836
2582
2613
2837
2583
2614
2838
2615
2839
2585
2616
2840
2586
2617
2841
2587
2618
2842
2588
2619
2843
2589
2620
2844
2590
2621
2845
2591
2622
2846
2592
2623
2847
2593
2624
2848
2594
2625
2849
2595
2626
2850
2596
2627
2851
2597
2628
2852
2598
2629
2853
2599
2630
2854
2600
2631
2855
2601
2632
2856
2602
2633
2857
2603
2634
2858
2604
2635
2859
2605
2636
2860
2606
2637
2861
2607
2638
2862
2608
2639
2863
2609
2640
2864
2610
2641
2865
2611
2642
2866
2612
2643
2867
2613
2644
2868
2614
2645
2869
2615
2646
2870
2647
2871
2617
2648
2872
2618
2649
2873
2619
2650
2874
2620
2651
2875
2621
2652
2876
2622
2653
2877
2623
2654
2878
2624
2655
2879
2625
2656
2880
2626
2657
2881
2627
2658
2882
2628
2659
2883
2629
2660
2884
2630
2661
2885
2631
2662
2886
2632
2663
2887
2633
2664
2888
2634
2665
2889
2635
2666
2890
2636
2667
2891
2637
2668
2892
2638
2669
2893
2639
2670
2894
2640
2671
2895
2641
2672
2896
2642
2673
2897
2643
2674
2898
2644
2675
2899
2645
2676
2900
2646
2677
2901
2647
2678
2902
2679
2903
2649
2680
2904
2650
2681
2905
2651
2682
2906
2652
2683
2907
2653
2684
2908
2654
2685
2909
2655
2686
2910
2656
2687
2911
2657
2688
2912
2658
2689
2913
2659
2690
2914
2660
2691
2915
2661
2692
2916
2662
2693
2917
2663
2694
2918
2664
2695
2919
2665
2696
2920
2666
2697
2921
2667
2698
2922
2668
2699
2923
2669
2700
2924
2670
2701
2925
2671
2702
2926
2672
2703
2927
2673
2704
2928
2674
2705
2929
2675
2706
2930
2676
2707
2931
2677
2708
2932
2678
2709
2933
2679
2710
2934
2711
2935
2681
2712
2936
2682
2713
2937
2683
2714
2938
2684
2715
2939
2685
2716
2940
2686
2717
2941
2687
2718
2942
2688
2719
2943
2689
2720
2944
2690
2721
2945
2691
2722
2946
2692
2723
2947
2693
2724
2948
2694
2725
2949
2695
2726
2950
2696
2727
2951
2697
2728
2952
2698
2729
2953
2699
2730
2954
2700
2731
2955
2701
2732
2956
2702
2733
2957
2703
2734
2958
2704
2735
2959
2705
2736
2960
2706
2737
2961
2707
2738
2962
2708
2739
2963
2709
2740
2964
2710
2741
2965
2711
2742
2966
2743
2967
2713
2744
2968
2714
2745
2969
2715
2746
2970
2716
2747
2971
2717
2748
2972
2718
2749
2973
2719
2750
2974
2720
2751
2975
2721
2752
2976
2722
2753
2977
2723
2754
2978
2724
2755
2979
2725
2756
2980
2726
2757
2981
2727
2758
2982
2728
2759
2983
2729
2760
2984
2730
2761
2985
2731
2762
2986
2732
2763
2987
2733
2764
2988
2734
2765
2989
2735
2766
2990
2736
2767
2991
2737
2768
2992
2738
2769
2993
2739
2770
2994
2740
2771
2995
2741
2772
2996
2742
2773
2997
2743
2774
2998
2775
2999
2745
3000
2746
3001
2747
3002
2748
3003
2749
3004
2750
3005
2751
3006
2752
3007
2753
3008
2754
3009
2755
3010
2756
3011
2757
3012
2758
3013
2759
3014
2760
3015
2761
3016
2762
3017
2763
3018
2764
3019
2765
3020
2766
3021
2767
3022
2768
3023
2769
3024
2770
3025
2771
3026
2772
3027
2773
3028
2774
3029
2775
3030
3031
2777
2808
3032
2778
2809
3033
2779
2810
3034
2780
2811
3035
2781
2812
3036
2782
2813
3037
2783
2814
3038
2784
2815
3039
2785
2816
3040
2786
2817
3041
2787
2818
3042
2788
2819
3043
2789
2820
3044
2790
2821
3045
2791
2822
3046
2792
2823
3047
2793
2824
3048
2794
2825
3049
2795
2826
3050
2796
2827
3051
2797
2828
3052
2798
2829
3053
2799
2830
3054
2800
2831
3055
2801
2832
3056
2802
2833
3057
2803
2834
3058
2804
2835
3059
2805
2836
3060
2806
2837
3061
2807
2838
3062
2839
3063
2809
2840
3064
2810
2841
3065
2811
2842
3066
2812
2843
3067
2813
2844
3068
2814
2845
3069
2815
2846
3070
2816
2847
3071
2817
2848
3072
2818
2849
3073
2819
2850
3074
2820
2851
3075
2821
2852
3076
2822
2853
3077
2823
2854
3078
2824
2855
3079
2825
2856
3080
2826
2857
3081
2827
2858
3082
2828
2859
3083
2829
2860
3084
2830
2861
3085
2831
2862
3086
2832
2863
3087
2833
2864
3088
2834
2865
3089
2835
2866
3090
2836
2867
3091
2837
2868
3092
2838
2869
3093
2839
2870
3094
2871
3095
2841
2872
3096
2842
2873
3097
2843
2874
3098
2844
2875
3099
2845
2876
3100
2846
2877
3101
2847
2878
3102
2848
2879
3103
2849
2880
3104
2850
2881
3105
2851
2882
3106
2852
2883
3107
2853
2884
3108
2854
2885
3109
2855
2886
3110
2856
2887
3111
2857
2888
3112
2858
2889
3113
2859
2890
3114
2860
2891
3115
2861
2892
3116
2862
2893
3117
2863
2894
3118
2864
2895
3119
2865
2896
3120
2866
2897
3121
2867
2898
3122
2868
2899
3123
2869
2900
3124
2870
2901
3125
2871
2902
3126
2903
3127
2873
2904
3128
2874
2905
3129
2875
2906
3130
2876
2907
3131
2877
2908
3132
2878
2909
3133
2879
2910
3134
2880
2911
3135
2881
2912
3136
2882
2913
3137
2883
2914
3138
2884
2915
3139
2885
2916
3140
2886
2917
3141
2887
2918
3142
2888
2919
3143
2889
2920
3144
2890
2921
3145
2891
2922
3146
2892
2923
3147
2893
2924
3148
2894
2925
3149
2895
2926
3150
2896
2927
3151
2897
2928
3152
2898
2929
3153
2899
2930
3154
2900
2931
3155
2901
2932
3156
2902
2933
3157
2903
2934
3158
2935
3159
2905
2936
3160
2906
2937
3161
2907
2938
3162
2908
2939
3163
2909
2940
3164
2910
2941
3165
2911
2942
3166
2912
2943
3167
2913
2944
3168
2914
2945
3169
2915
2946
3170
2916
2947
3171
2917
2948
3172
2918
2949
3173
2919
2950
3174
2920
2951
3175
2921
2952
3176
2922
2953
3177
2923
2954
3178
2924
2955
3179
2925
2956
3180
2926
2957
3181
2927
2958
3182
2928
2959
3183
2929
2960
3184
2930
2961
3185
2931
2962
3186
2932
2963
3187
2933
2964
3188
2934
2965
3189
2935
2966
3190
2967
3191
2937
2968
3192
2938
2969
3193
2939
2970
3194
2940
2971
3195
2941
2972
3196
2942
2973
3197
2943
2974
3198
2944
2975
3199
2945
2976
3200
2946
2977
3201
2947
2978
3202
2948
2979
3203
2949
2980
3204
2950
2981
3205
2951
2982
3206
2952
2983
3207
2953
2984
3208
2954
2985
3209
2955
2986
3210
2956
2987
3211
2957
2988
3212
2958
2989
3213
2959
2990
3214
2960
2991
3215
2961
2992
3216
2962
2993
3217
2963
2994
3218
2964
2995
3219
2965
2996
3220
2966
2997
3221
2967
2998
3222
2999
3223
2969
3000
3224
2970
3001
3225
2971
3002
3226
2972
3003
3227
2973
3004
3228
2974
3005
3229
2975
3006
3230
2976
3007
3231
2977
3008
3232
2978
3009
3233
2979
3010
3234
2980
3011
3235
2981
3012
3236
2982
3013
3237
2983
3014
3238
2984
3015
3239
2985
3016
3240
2986
3017
3241
2987
3018
3242
2988
3019
3243
2989
3020
3244
2990
3021
3245
2991
3022
3246
2992
3023
3247
2993
3024
3248
2994
3025
3249
2995
3026
3250
2996
3027
3251
2997
3028
3252
2998
3029
3253
2999
3030
3254
3031
3255
3001
3256
3002
3257
3003
3258
3004
3259
3005
3260
3006
3261
3007
3262
3008
3263
3009
3264
3010
3265
3011
3266
3012
3267
3013
3268
3014
3269
3015
3270
3016
3271
3017
3272
3018
3273
3019
3274
3020
3275
3021
3276
3022
3277
3023
3278
3024
3279
3025
3280
3026
3281
3027
3282
3028
3283
3029
3284
3030
3285
3031
3286
3287
3033
3064
3288
3034
3065
3289
3035
3066
3290
3036
3067
3291
3037
3068
3292
3038
3069
3293
3039
3070
3294
3040
3071
3295
3041
3072
3296
3042
3073
3297
3043
3074
3298
3044
3075
3299
3045
3076
3300
3046
3077
3301
3047
3078
3302
3048
3079
3303
3049
3080
3304
3050
3081
3305
3051
3082
3306
3052
3083
3307
3053
3084
3308
3054
3085
3309
3055
3086
3310
3056
3087
3311
3057
3088
3312
3058
3089
3313
3059
3090
3314
3060
3091
3315
3061
3092
3316
3062
3093
3317
3063
3094
3318
3095
3319
3065
3096
3320
3066
3097
3321
3067
3098
3322
3068
3099
3323
3069
3100
3324
3070
3101
3325
3071
3102
3326
3072
3103
3327
3073
3104
3328
3074
3105
3329
3075
3106
3330
3076
3107
3331
3077
3108
3332
3078
3109
3333
3079
3110
3334
3080
3111
3335
3081
3112
3336
3082
3113
3337
3083
3114
3338
3084
3115
3339
3085
3116
3340
3086
3117
3341
3087
3118
3342
3088
3119
3343
3089
3120
3344
3090
3121
3345
3091
3122
3346
3092
3123
3347
3093
3124
3348
3094
3125
3349
3095
3126
3350
3127
3351
3097
3128
3352
3098
3129
3353
3099
3130
3354
3100
3131
3355
3101
3132
3356
3102
3133
3357
3103
3134
3358
3104
3135
3359
3105
3136
3360
3106
3137
3361
3107
3138
3362
3108
3139
3363
3109
3140
3364
3110
3141
3365
3111
3142
3366
3112
3143
3367
3113
3144
3368
3114
3145
3369
3115
3146
3370
3116
3147
3371
3117
3148
3372
3118
3149
3373
3119
3150
3374
3120
3151
3375
3121
3152
3376
3122
3153
3377
3123
3154
3378
3124
3155
3379
3125
3156
3380
3126
3157
3381
3127
3158
3382
3159
3383
3129
3160
3384
3130
3161
3385
3131
3162
3386
3132
3163
3387
3133
3164
3388
3134
3165
3389
3135
3166
3390
3136
3167
3391
3137
3168
3392
3138
3169
3393
3139
3170
3394
3140
3171
3395
3141
3172
3396
3142
3173
3397
3143
3174
3398
3144
3175
3399
3145
3176
3400
3146
3177
3401
3147
3178
3402
3148
3179
3403
3149
3180
3404
3150
3181
3405
3151
3182
3406
3152
3183
3407
3153
3184
3408
3154
3185
3409
3155
3186
3410
3156
3187
3411
3157
3188
3412
3158
3189
3413
3159
3190
3414
3191
3415
3161
3192
3416
3162
3193
3417
3163
3194
3418
3164
3195
3419
3165
3196
3420
3166
3197
3421
3167
3198
3422
3168
3199
3423
3169
3200
3424
3170
3201
3425
3171
3202
3426
3172
3203
3427
3173
3204
3428
3174
3205
3429
3175
3206
3430
3176
3207
3431
3177
3208
3432
3178
3209
3433
3179
3210
3434
3180
3211
3435
3181
3212
3436
3182
3213
3437
3183
3214
3438
3184
3215
3439
3185
3216
3440
3186
3217
3441
3187
3218
3442
3188
3219
3443
3189
3220
3444
3190
3221
3445
3191
3222
3446
3223
3447
3193
3224
3448
3194
3225
3449
3195
3226
3450
3196
3227
3451
3197
3228
3452
3198
3229
3453
3199
3230
3454
3200
3231
3455
3201
3232
3456
3202
3233
3457
3203
3234
3458
3204
3235
3459
3205
3236
3460
3206
3237
3461
3207
3238
3462
3208
3239
3463
3209
3240
3464
3210
3241
3465
3211
3242
3466
3212
3243
3467
3213
3244
3468
3214
3245
3469
3215
3246
3470
3216
3247
3471
3217
3248
3472
3218
3249
3473
3219
3250
3474
3220
3251
3475
3221
3252
3476
3222
3253
3477
3223
3254
3478
3255
3479
3225
3256
3480
3226
3257
3481
3227
3258
3482
3228
3259
3483
3229
3260
3484
3230
3261
3485
3231
3262
3486
3232
3263
3487
3233
3264
3488
3234
3265
3489
3235
3266
3490
3236
3267
3491
3237
3268
3492
3238
3269
3493
3239
3270
3494
3240
3271
3495
3241
3272
3496
3242
3273
3497
3243
3274
3498
3244
3275
3499
3245
3276
3500
3246
3277
3501
3247
3278
3502
3248
3279
3503
3249
3280
3504
3250
3281
3505
3251
3282
3506
3252
3283
3507
3253
3284
3508
3254
3285
3509
3255
3286
3510
3287
3511
3257
3512
3258
3513
3259
3514
3260
3515
3261
3516
3262
3517
3263
3518
3264
3519
3265
3520
3266
3521
3267
3522
3268
3523
3269
3524
3270
3525
3271
3526
3272
3527
3273
3528
3274
3529
3275
3530
3276
3531
3277
3532
3278
3533
3279
3534
3280
3535
3281
3536
3282
3537
3283
3538
3284
3539
3285
3540
3286
3541
3287
3542
3543
3289
3320
3544
3290
3321
3545
3291
3322
3546
3292
3323
3547
3293
3324
3548
3294
3325
3549
3295
3326
3550
3296
3327
3551
3297
3328
3552
3298
3329
3553
3299
3330
3554
3300
3331
3555
3301
3332
3556
3302
3333
3557
3303
3334
3558
3304
3335
3559
3305
3336
3560
3306
3337
3561
3307
3338
3562
3308
3339
3563
3309
3340
3564
3310
3341
3565
3311
3342
3566
3312
3343
3567
3313
3344
3568
3314
3345
3569
3315
3346
3570
3316
3347
3571
3317
3348
3572
3318
3349
3573
3319
3350
3574
3351
3575
3321
3352
3576
3322
3353
3577
3323
3354
3578
3324
3355
3579
3325
3356
3580
3326
3357
3581
3327
3358
3582
3328
3359
3583
3329
3360
3584
3330
3361
3585
3331
3362
3586
3332
3363
3587
3333
3364
3588
3334
3365
3589
3335
3366
3590
3336
3367
3591
3337
3368
3592
3338
3369
3593
3339
3370
3594
3340
3371
3595
3341
3372
3596
3342
3373
3597
3343
3374
3598
3344
3375
3599
3345
3376
3600
3346
3377
3601
3347
3378
3602
3348
3379
3603
3349
3380
3604
3350
3381
3605
3351
3382
3606
3383
3607
3353
3384
3608
3354
3385
3609
3355
3386
3610
3356
3387
3611
3357
3388
3612
3358
3389
3613
3359
3390
3614
3360
3391
3615
3361
3392
3616
3362
3393
3617
3363
3394
3618
3364
3395
3619
3365
3396
3620
3366
3397
3621
3367
3398
3622
3368
3399
3623
3369
3400
3624
3370
3401
3625
3371
3402
3626
3372
3403
3627
3373
3404
3628
3374
3405
3629
3375
3406
3630
3376
3407
3631
3377
3408
3632
3378
3409
3633
3379
3410
3634
3380
3411
3635
3381
3412
3636
3382
3413
3637
3383
3414
3638
3415
3639
3385
3416
3640
3386
3417
3641
3387
3418
3642
3388
3419
3643
3389
3420
3644
3390
3421
3645
3391
3422
3646
3392
3423
3647
3393
3424
3648
3394
3425
3649
3395
3426
3650
3396
3427
3651
3397
3428
3652
3398
3429
3653
3399
3430
3654
3400
3431
3655
3401
3432
3656
3402
3433
3657
3403
3434
3658
3404
3435
3659
3405
3436
3660
3406
3437
3661
3407
3438
3662
3408
3439
3663
3409
3440
3664
3410
3441
3665
3411
3442
3666
3412
3443
3667
3413
3444
3668
3414
3445
3669
3415
3446
3670
3447
3671
3417
3448
3672
3418
3449
3673
3419
3450
3674
3420
3451
3675
3421
3452
3676
3422
3453
3677
3423
3454
3678
3424
3455
3679
3425
3456
3680
3426
3457
3681
3427
3458
3682
3428
3459
3683
3429
3460
3684
3430
3461
3685
3431
3462
3686
3432
3463
3687
3433
3464
3688
3434
3465
3689
3435
3466
3690
3436
3467
3691
3437
3468
3692
3438
3469
3693
3439
3470
3694
3440
3471
3695
3441
3472
3696
3442
3473
3697
3443
3474
3698
3444
3475
3699
3445
3476
3700
3446
3477
3701
3447
3478
3702
3479
3703
3449
3480
3704
3450
3481
3705
3451
3482
3706
3452
3483
3707
3453
3484
3708
3454
3485
3709
3455
3486
3710
3456
3487
3711
3457
3488
3712
3458
3489
3713
3459
3490
3714
3460
3491
3715
3461
3492
3716
3462
3493
3717
3463
3494
3718
3464
3495
3719
3465
3496
3720
3466
3497
3721
3467
3498
3722
3468
3499
3723
3469
3500
3724
3470
3501
3725
3471
3502
3726
3472
3503
3727
3473
3504
3728
3474
3505
3729
3475
3506
3730
3476
3507
3731
3477
3508
3732
3478
3509
3733
3479
3510
3734
3511
3735
3481
3512
3736
3482
3513
3737
3483
3514
3738
3484
3515
3739
3485
3516
3740
3486
3517
3741
3487
3518
3742
3488
3519
3743
3489
3520
3744
3490
3521
3745
3491
3522
3746
3492
3523
3747
3493
3524
3748
3494
3525
3749
3495
3526
3750
3496
3527
3751
3497
3528
3752
3498
3529
3753
3499
3530
3754
3500
3531
3755
3501
3532
3756
3502
3533
3757
3503
3534
3758
3504
3535
3759
3505
3536
3760
3506
3537
3761
3507
3538
3762
3508
3539
3763
3509
3540
3764
3510
3541
3765
3511
3542
3766
3543
3767
3513
3768
3514
3769
3515
3770
3516
3771
3517
3772
3518
3773
3519
3774
3520
3775
3521
3776
3522
3777
3523
3778
3524
3779
3525
3780
3526
3781
3527
3782
3528
3783
3529
3784
3530
3785
3531
3786
3532
3787
3533
3788
3534
3789
3535
3790
3536
3791
3537
3792
3538
3793
3539
3794
3540
3795
3541
3796
3542
3797
3543
3798
3799
3545
3576
3800
3546
3577
3801
3547
3578
3802
3548
3579
3803
3549
3580
3804
3550
3581
3805
3551
3582
3806
3552
3583
3807
3553
3584
3808
3554
3585
3809
3555
3586
3810
3556
3587
3811
3557
3588
3812
3558
3589
3813
3559
3590
3814
3560
3591
3815
3561
3592
3816
3562
3593
3817
3563
3594
3818
3564
3595
3819
3565
3596
3820
3566
3597
3821
3567
3598
3822
3568
3599
3823
3569
3600
3824
3570
3601
3825
3571
3602
3826
3572
3603
3827
3573
3604
3828
3574
3605
3829
3575
3606
3830
3607
3831
3577
3608
3832
3578
3609
3833
3579
3610
3834
3580
3611
3835
3581
3612
3836
3582
3613
3837
3583
3614
3838
3584
3615
3839
3585
3616
3840
3586
3617
3841
3587
3618
3842
3588
3619
3843
3589
3620
3844
3590
3621
3845
3591
3622
3846
3592
3623
3847
3593
3624
3848
3594
3625
3849
3595
3626
3850
3596
3627
3851
3597
3628
3852
3598
3629
3853
3599
3630
3854
3600
3631
3855
3601
3632
3856
3602
3633
3857
3603
3634
3858
3604
3635
3859
3605
3636
3860
3606
3637
3861
3607
3638
3862
3639
3863
3609
3640
3864
3610
3641
3865
3611
3642
3866
3612
3643
3867
3613
3644
3868
3614
3645
3869
3615
3646
3870
3616
3647
3871
3617
3648
3872
3618
3649
3873
3619
3650
3874
3620
3651
3875
3621
3652
3876
3622
3653
3877
3623
3654
3878
3624
3655
3879
3625
3656
3880
3626
3657
3881
3627
3658
3882
3628
3659
3883
3629
3660
3884
3630
3661
3885
3631
3662
3886
3632
3663
3887
3633
3664
3888
3634
3665
3889
3635
3666
3890
3636
3667
3891
3637
3668
3892
3638
3669
3893
3639
3670
3894
3671
3895
3641
3672
3896
3642
3673
3897
3643
3674
3898
3644
3675
3899
3645
3676
3900
3646
3677
3901
3647
3678
3902
3648
3679
3903
3649
3680
3904
3650
3681
3905
3651
3682
3906
3652
3683
3907
3653
3684
3908
3654
3685
3909
3655
3686
3910
3656
3687
3911
3657
3688
3912
3658
3689
3913
3659
3690
3914
3660
3691
3915
3661
3692
3916
3662
3693
3917
3663
3694
3918
3664
3695
3919
3665
3696
3920
3666
3697
3921
3667
3698
3922
3668
3699
3923
3669
3700
3924
3670
3701
3925
3671
3702
3926
3703
3927
3673
3704
3928
3674
3705
3929
3675
3706
3930
3676
3707
3931
3677
3708
3932
3678
3709
3933
3679
3710
3934
3680
3711
3935
3681
3712
3936
3682
3713
3937
3683
3714
3938
3684
3715
3939
3685
3716
3940
3686
3717
3941
3687
3718
3942
3688
3719
3943
3689
3720
3944
3690
3721
3945
3691
3722
3946
3692
3723
3947
3693
3724
3948
3694
3725
3949
3695
3726
3950
3696
3727
3951
3697
3728
3952
3698
3729
3953
3699
3730
3954
3700
3731
3955
3701
3732
3956
3702
3733
3957
3703
3734
3958
3735
3959
3705
3736
3960
3706
3737
3961
3707
3738
3962
3708
3739
3963
3709
3740
3964
3710
3741
3965
3711
3742
3966
3712
3743
3967
3713
3744
3968
3714
3745
3969
3715
3746
3970
3716
3747
3971
3717
3748
3972
3718
3749
3973
3719
3750
3974
3720
3751
3975
3721
3752
3976
3722
3753
3977
3723
3754
3978
3724
3755
3979
3725
3756
3980
3726
3757
3981
3727
3758
3982
3728
3759
3983
3729
3760
3984
3730
3761
3985
3731
3762
3986
3732
3763
3987
3733
3764
3988
3734
3765
3989
3735
3766
3990
3767
3991
3737
3768
3992
3738
3769
3993
3739
3770
3994
3740
3771
3995
3741
3772
3996
3742
3773
3997
3743
3774
3998
3744
3775
3999
3745
3776
4000
3746
3777
4001
3747
3778
4002
3748
3779
4003
3749
3780
4004
3750
3781
4005
3751
3782
4006
3752
3783
4007
3753
3784
4008
3754
3785
4009
3755
3786
4010
3756
3787
4011
3757
3788
4012
3758
3789
4013
3759
3790
4014
3760
3791
4015
3761
3792
4016
3762
3793
4017
3763
3794
4018
3764
3795
4019
3765
3796
4020
3766
3797
4021
3767
3798
4022
3799
4023
3769
4024
3770
4025
3771
4026
3772
4027
3773
4028
3774
4029
3775
4030
3776
4031
3777
4032
3778
4033
3779
4034
3780
4035
3781
4036
3782
4037
3783
4038
3784
4039
3785
4040
3786
4041
3787
4042
3788
4043
3789
4044
3790
4045
3791
4046
3792
4047
3793
4048
3794
4049
3795
4050
3796
4051
3797
4052
3798
4053
3799
4054
4055
3801
3832
4056
3802
3833
4057
3803
3834
4058
3804
3835
4059
3805
3836
4060
3806
3837
4061
3807
3838
4062
3808
3839
4063
3809
3840
4064
3810
3841
4065
3811
3842
4066
3812
3843
4067
3813
3844
4068
3814
3845
4069
3815
3846
4070
3816
3847
4071
3817
3848
4072
3818
3849
4073
3819
3850
4074
3820
3851
4075
3821
3852
4076
3822
3853
4077
3823
3854
4078
3824
3855
4079
3825
3856
4080
3826
3857
4081
3827
3858
4082
3828
3859
4083
3829
3860
4084
3830
3861
4085
3831
3862
4086
3863
4087
3833
3864
4088
3834
3865
4089
3835
3866
4090
3836
3867
4091
3837
3868
4092
3838
3869
4093
3839
3870
4094
3840
3871
4095
3841
3872
4096
3842
3873
4097
3843
3874
4098
3844
3875
4099
3845
3876
4100
3846
3877
4101
3847
3878
4102
3848
3879
4103
3849
3880
4104
3850
3881
4105
3851
3882
4106
3852
3883
4107
3853
3884
4108
3854
3885
4109
3855
3886
4110
3856
3887
4111
3857
3888
4112
3858
3889
4113
3859
3890
4114
3860
3891
4115
3861
3892
4116
3862
3893
4117
3863
3894
4118
3895
4119
3865
3896
4120
3866
3897
4121
3867
3898
4122
3868
3899
4123
3869
3900
4124
3870
3901
4125
3871
3902
4126
3872
3903
4127
3873
3904
4128
3874
3905
4129
3875
3906
4130
3876
3907
4131
3877
3908
4132
3878
3909
4133
3879
3910
4134
3880
3911
4135
3881
3912
4136
3882
3913
4137
3883
3914
4138
3884
3915
4139
3885
3916
4140
3886
3917
4141
3887
3918
4142
3888
3919
4143
3889
3920
4144
3890
3921
4145
3891
3922
4146
3892
3923
4147
3893
3924
4148
3894
3925
4149
3895
3926
4150
3927
4151
3897
3928
4152
3898
3929
4153
3899
3930
4154
3900
3931
4155
3901
3932
4156
3902
3933
4157
3903
3934
4158
3904
3935
4159
3905
3936
4160
3906
3937
4161
3907
3938
4162
3908
3939
4163
3909
3940
4164
3910
3941
4165
3911
3942
4166
3912
3943
4167
3913
3944
4168
3914
3945
4169
3915
3946
4170
3916
3947
4171
3917
3948
4172
3918
3949
4173
3919
3950
4174
3920
3951
4175
3921
3952
4176
3922
3953
4177
3923
3954
4178
3924
3955
4179
3925
3956
4180
3926
3957
4181
3927
3958
4182
3959
4183
3929
3960
4184
3930
3961
4185
3931
3962
4186
3932
3963
4187
3933
3964
4188
3934
3965
4189
3935
3966
4190
3936
3967
4191
3937
3968
4192
3938
3969
4193
3939
3970
4194
3940
3971
4195
3941
3972
4196
3942
3973
4197
3943
3974
4198
3944
3975
4199
3945
3976
4200
3946
3977
4201
3947
3978
4202
3948
3979
4203
3949
3980
4204
3950
3981
4205
3951
3982
4206
3952
3983
4207
3953
3984
4208
3954
3985
4209
3955
3986
4210
3956
3987
4211
3957
3988
4212
3958
3989
4213
3959
3990
4214
3991
4215
3961
3992
4216
3962
3993
4217
3963
3994
4218
3964
3995
4219
3965
3996
4220
3966
3997
4221
3967
3998
4222
3968
3999
4223
3969
4000
4224
3970
4001
4225
3971
4002
4226
3972
4003
4227
3973
4004
4228
3974
4005
4229
3975
4006
4230
3976
4007
4231
3977
4008
4232
3978
4009
4233
3979
4010
4234
3980
4011
4235
3981
4012
4236
3982
4013
4237
3983
4014
4238
3984
4015
4239
3985
4016
4240
3986
4017
4241
3987
4018
4242
3988
4019
4243
3989
4020
4244
3990
4021
4245
3991
4022
4246
4023
4247
3993
4024
4248
3994
4025
4249
3995
4026
4250
3996
4027
4251
3997
4028
4252
3998
4029
4253
3999
4030
4254
4000
4031
4255
4001
4032
4256
4002
4033
4257
4003
4034
4258
4004
4035
4259
4005
4036
4260
4006
4037
4261
4007
4038
4262
4008
4039
4263
4009
4040
4264
4010
4041
4265
4011
4042
4266
4012
4043
4267
4013
4044
4268
4014
4045
4269
4015
4046
4270
4016
4047
4271
4017
4048
4272
4018
4049
4273
4019
4050
4274
4020
4051
4275
4021
4052
4276
4022
4053
4277
4023
4054
4278
4055
4279
4025
4280
4026
4281
4027
4282
4028
4283
4029
4284
4030
4285
4031
4286
4032
4287
4033
4288
4034
4289
4035
4290
4036
4291
4037
4292
4038
4293
4039
4294
4040
4295
4041
4296
4042
4297
4043
4298
4044
4299
4045
4300
4046
4301
4047
4302
4048
4303
4049
4304
4050
4305
4051
4306
4052
4307
4053
4308
4054
4309
4055
4310
4311
4057
4088
4312
4058
4089
4313
4059
4090
4314
4060
4091
4315
4061
4092
4316
4062
4093
4317
4063
4094
4318
4064
4095
4319
4065
4096
4320
4066
4097
4321
4067
4098
4322
4068
4099
4323
4069
4100
4324
4070
4101
4325
4071
4102
4326
4072
4103
4327
4073
4104
4328
4074
4105
4329
4075
4106
4330
4076
4107
4331
4077
4108
4332
4078
4109
4333
4079
4110
4334
4080
4111
4335
4081
4112
4336
4082
4113
4337
4083
4114
4338
4084
4115
4339
4085
4116
4340
4086
4117
4341
4087
4118
4342
4119
4343
4089
4120
4344
4090
4121
4345
4091
4122
4346
4092
4123
4347
4093
4124
4348
4094
4125
4349
4095
4126
4350
4096
4127
4351
4097
4128
4352
4098
4129
4353
4099
4130
4354
4100
4131
4355
4101
4132
4356
4102
4133
4357
4103
4134
4358
4104
4135
4359
4105
4136
4360
4106
4137
4361
4107
4138
4362
4108
4139
4363
4109
4140
4364
4110
4141
4365
4111
4142
4366
4112
4143
4367
4113
4144
4368
4114
4145
4369
4115
4146
4370
4116
4147
4371
4117
4148
4372
4118
4149
4373
4119
4150
4374
4151
4375
4121
4152
4376
4122
4153
4377
4123
4154
4378
4124
4155
4379
4125
4156
4380
4126
4157
4381
4127
4158
4382
4128
4159
4383
4129
4160
4384
4130
4161
4385
4131
4162
4386
4132
4163
4387
4133
4164
4388
4134
4165
4389
4135
4166
4390
4136
4167
4391
4137
4168
4392
4138
4169
4393
4139
4170
4394
4140
4171
4395
4141
4172
4396
4142
4173
4397
4143
4174
4398
4144
4175
4399
4145
4176
4400
4146
4177
4401
4147
4178
4402
4148
4179
4403
4149
4180
4404
4150
4181
4405
4151
4182
4406
4183
4407
4153
4184
4408
4154
4185
4409
4155
4186
4410
4156
4187
4411
4157
4188
4412
4158
4189
4413
4159
4190
4414
4160
4191
4415
4161
4192
4416
4162
4193
4417
4163
4194
4418
4164
4195
4419
4165
4196
4420
4166
4197
4421
4167
4198
4422
4168
4199
4423
4169
4200
4424
4170
4201
4425
4171
4202
4426
4172
4203
4427
4173
4204
4428
4174
4205
4429
4175
4206
4430
4176
4207
4431
4177
4208
4432
4178
4209
4433
4179
4210
4434
4180
4211
4435
4181
4212
4436
4182
4213
4437
4183
4214
4438
4215
4439
4185
4216
4440
4186
4217
4441
4187
4218
4442
4188
4219
4443
4189
4220
4444
4190
4221
4445
4191
4222
4446
4192
4223
4447
4193
4224
4448
4194
4225
4449
4195
4226
4450
4196
4227
4451
4197
4228
4452
4198
4229
4453
4199
4230
4454
4200
4231
4455
4201
4232
4456
4202
4233
4457
4203
4234
4458
4204
4235
4459
4205
4236
4460
4206
4237
4461
4207
4238
4462
4208
4239
4463
4209
4240
4464
4210
4241
4465
4211
4242
4466
4212
4243
4467
4213
4244
4468
4214
4245
4469
4215
4246
4470
4247
4471
4217
4248
4472
4218
4249
4473
4219
4250
4474
4220
4251
4475
4221
4252
4476
4222
4253
4477
4223
4254
4478
4224
4255
4479
4225
4256
4480
4226
4257
4481
4227
4258
4482
4228
4259
4483
4229
4260
4484
4230
4261
4485
4231
4262
4486
4232
4263
4487
4233
4264
4488
4234
4265
4489
4235
4266
4490
4236
4267
4491
4237
4268
4492
4238
4269
4493
4239
4270
4494
4240
4271
4495
4241
4272
4496
4242
4273
4497
4243
4274
4498
4244
4275
4499
4245
4276
4500
4246
4277
4501
4247
4278
4502
4279
4503
4249
4280
4504
4250
4281
4505
4251
4282
4506
4252
4283
4507
4253
4284
4508
4254
4285
4509
4255
4286
4510
4256
4287
4511
4257
4288
4512
4258
4289
4513
4259
4290
4514
4260
4291
4515
4261
4292
4516
4262
4293
4517
4263
4294
4518
4264
4295
4519
4265
4296
4520
4266
4297
4521
4267
4298
4522
4268
4299
4523
4269
4300
4524
4270
4301
4525
4271
4302
4526
4272
4303
4527
4273
4304
4528
4274
4305
4529
4275
4306
4530
4276
4307
4531
4277
4308
4532
4278
4309
4533
4279
4310
4534
4311
4535
4281
4536
4282
4537
4283
4538
4284
4539
4285
4540
4286
4541
4287
4542
4288
4543
4289
4544
4290
4545
4291
4546
4292
4547
4293
4548
4294
4549
4295
4550
4296
4551
4297
4552
4298
4553
4299
4554
4300
4555
4301
4556
4302
4557
4303
4558
4304
4559
4305
4560
4306
4561
4307
4562
4308
4563
4309
4564
4310
4565
4311
4566
4567
4313
4344
4568
4314
4345
4569
4315
4346
4570
4316
4347
4571
4317
4348
4572
4318
4349
4573
4319
4350
4574
4320
4351
4575
4321
4352
4576
4322
4353
4577
4323
4354
4578
4324
4355
4579
4325
4356
4580
4326
4357
4581
4327
4358
4582
4328
4359
4583
4329
4360
4584
4330
4361
4585
4331
4362
4586
4332
4363
4587
4333
4364
4588
4334
4365
4589
4335
4366
4590
4336
4367
4591
4337
4368
4592
4338
4369
4593
4339
4370
4594
4340
4371
4595
4341
4372
4596
4342
4373
4597
4343
4374
4598
4375
4599
4345
4376
4600
4346
4377
4601
4347
4378
4602
4348
4379
4603
4349
4380
4604
4350
4381
4605
4351
4382
4606
4352
4383
4607
4353
4384
4608
4354
4385
4609
4355
4386
4610
4356
4387
4611
4357
4388
4612
4358
4389
4613
4359
4390
4614
4360
4391
4615
4361
4392
4616
4362
4393
4617
4363
4394
4618
4364
4395
4619
4365
4396
4620
4366
4397
4621
4367
4398
4622
4368
4399
4623
4369
4400
4624
4370
4401
4625
4371
4402
4626
4372
4403
4627
4373
4404
4628
4374
4405
4629
4375
4406
4630
4407
4631
4377
4408
4632
4378
4409
4633
4379
4410
4634
4380
4411
4635
4381
4412
4636
4382
4413
4637
4383
4414
4638
4384
4415
4639
4385
4416
4640
4386
4417
4641
4387
4418
4642
4388
4419
4643
4389
4420
4644
4390
4421
4645
4391
4422
4646
4392
4423
4647
4393
4424
4648
4394
4425
4649
4395
4426
4650
4396
4427
4651
4397
4428
4652
4398
4429
4653
4399
4430
4654
4400
4431
4655
4401
4432
4656
4402
4433
4657
4403
4434
4658
4404
4435
4659
4405
4436
4660
4406
4437
4661
4407
4438
4662
4439
4663
4409
4440
4664
4410
4441
4665
4411
4442
4666
4412
4443
4667
4413
4444
4668
4414
4445
4669
4415
4446
4670
4416
4447
4671
4417
4448
4672
4418
4449
4673
4419
4450
4674
4420
4451
4675
4421
4452
4676
4422
4453
4677
4423
4454
4678
4424
4455
4679
4425
4456
4680
4426
4457
4681
4427
4458
4682
4428
4459
4683
4429
4460
4684
4430
4461
4685
4431
4462
4686
4432
4463
4687
4433
4464
4688
4434
4465
4689
4435
4466
4690
4436
4467
4691
4437
4468
4692
4438
4469
4693
4439
4470
4694
4471
4695
4441
4472
4696
4442
4473
4697
4443
4474
4698
4444
4475
4699
4445
4476
4700
4446
4477
4701
4447
4478
4702
4448
4479
4703
4449
4480
4704
4450
4481
4705
4451
4482
4706
4452
4483
4707
4453
4484
4708
4454
4485
4709
4455
4486
4710
4456
4487
4711
4457
4488
4712
4458
4489
4713
4459
4490
4714
4460
4491
4715
4461
4492
4716
4462
4493
4717
4463
4494
4718
4464
4495
4719
4465
4496
4720
4466
4497
4721
4467
4498
4722
4468
4499
4723
4469
4500
4724
4470
4501
4725
4471
4502
4726
4503
4727
4473
4504
4728
4474
4505
4729
4475
4506
4730
4476
4507
4731
4477
4508
4732
4478
4509
4733
4479
4510
4734
4480
4511
4735
4481
4512
4736
4482
4513
4737
4483
4514
4738
4484
4515
4739
4485
4516
4740
4486
4517
4741
4487
4518
4742
4488
4519
4743
4489
4520
4744
4490
4521
4745
4491
4522
4746
4492
4523
4747
4493
4524
4748
4494
4525
4749
4495
4526
4750
4496
4527
4751
4497
4528
4752
4498
4529
4753
4499
4530
4754
4500
4531
4755
4501
4532
4756
4502
4533
4757
4503
4534
4758
4535
4759
4505
4536
4760
4506
4537
4761
4507
4538
4762
4508
4539
4763
4509
4540
4764
4510
4541
4765
4511
4542
4766
4512
4543
4767
4513
4544
4768
4514
4545
4769
4515
4546
4770
4516
4547
4771
4517
4548
4772
4518
4549
4773
4519
4550
4774
4520
4551
4775
4521
4552
4776
4522
4553
4777
4523
4554
4778
4524
4555
4779
4525
4556
4780
4526
4557
4781
4527
4558
4782
4528
4559
4783
4529
4560
4784
4530
4561
4785
4531
4562
4786
4532
4563
4787
4533
4564
4788
4534
4565
4789
4535
4566
4790
4567
4791
4537
4792
4538
4793
4539
4794
4540
4795
4541
4796
4542
4797
4543
4798
4544
4799
4545
4800
4546
4801
4547
4802
4548
4803
4549
4804
4550
4805
4551
4806
4552
4807
4553
4808
4554
4809
4555
4810
4556
4811
4557
4812
4558
4813
4559
4814
4560
4815
4561
4816
4562
4817
4563
4818
4564
4819
4565
4820
4566
4821
4567
4822
4823
4569
4600
4824
4570
4601
4825
4571
4602
4826
4572
4603
4827
4573
4604
4828
4574
4605
4829
4575
4606
4830
4576
4607
4831
4577
4608
4832
4578
4609
4833
4579
4610
4834
4580
4611
4835
4581
4612
4836
4582
4613
4837
4583
4614
4838
4584
4615
4839
4585
4616
4840
4586
4617
4841
4587
4618
4842
4588
4619
4843
4589
4620
4844
4590
4621
4845
4591
4622
4846
4592
4623
4847
4593
4624
4848
4594
4625
4849
4595
4626
4850
4596
4627
4851
4597
4628
4852
4598
4629
4853
4599
4630
4854
4631
4855
4601
4632
4856
4602
4633
4857
4603
4634
4858
4604
4635
4859
4605
4636
4860
4606
4637
4861
4607
4638
4862
4608
4639
4863
4609
4640
4864
4610
4641
4865
4611
4642
4866
4612
4643
4867
4613
4644
4868
4614
4645
4869
4615
4646
4870
4616
4647
4871
4617
4648
4872
4618
4649
4873
4619
4650
4874
4620
4651
4875
4621
4652
4876
4622
4653
4877
4623
4654
4878
4624
4655
4879
4625
4656
4880
4626
4657
4881
4627
4658
4882
4628
4659
4883
4629
4660
4884
4630
4661
4885
4631
4662
4886
4663
4887
4633
4664
4888
4634
4665
4889
4635
4666
4890
4636
4667
4891
4637
4668
4892
4638
4669
4893
4639
4670
4894
4640
4671
4895
4641
4672
4896
4642
4673
4897
4643
4674
4898
4644
4675
4899
4645
4676
4900
4646
4677
4901
4647
4678
4902
4648
4679
4903
4649
4680
4904
4650
4681
4905
4651
4682
4906
4652
4683
4907
4653
4684
4908
4654
4685
4909
4655
4686
4910
4656
4687
4911
4657
4688
4912
4658
4689
4913
4659
4690
4914
4660
4691
4915
4661
4692
4916
4662
4693
4917
4663
4694
4918
4695
4919
4665
4696
4920
4666
4697
4921
4667
4698
4922
4668
4699
4923
4669
4700
4924
4670
4701
4925
4671
4702
4926
4672
4703
4927
4673
4704
4928
4674
4705
4929
4675
4706
4930
4676
4707
4931
4677
4708
4932
4678
4709
4933
4679
4710
4934
4680
4711
4935
4681
4712
4936
4682
4713
4937
4683
4714
4938
4684
4715
4939
4685
4716
4940
4686
4717
4941
4687
4718
4942
4688
4719
4943
4689
4720
4944
4690
4721
4945
4691
4722
4946
4692
4723
4947
4693
4724
4948
4694
4725
4949
4695
4726
4950
4727
4951
4697
4728
4952
4698
4729
4953
4699
4730
4954
4700
4731
4955
4701
4732
4956
4702
4733
4957
4703
4734
4958
4704
4735
4959
4705
4736
4960
4706
4737
4961
4707
4738
4962
4708
4739
4963
4709
4740
4964
4710
4741
4965
4711
4742
4966
4712
4743
4967
4713
4744
4968
4714
4745
4969
4715
4746
4970
4716
4747
4971
4717
4748
4972
4718
4749
4973
4719
4750
4974
4720
4751
4975
4721
4752
4976
4722
4753
4977
4723
4754
4978
4724
4755
4979
4725
4756
4980
4726
4757
4981
4727
4758
4982
4759
4983
4729
4760
4984
4730
4761
4985
4731
4762
4986
4732
4763
4987
4733
4764
4988
4734
4765
4989
4735
4766
4990
4736
4767
4991
4737
4768
4992
4738
4769
4993
4739
4770
4994
4740
4771
4995
4741
4772
4996
4742
4773
4997
4743
4774
4998
4744
4775
4999
4745
4776
5000
4746
4777
5001
4747
4778
5002
4748
4779
5003
4749
4780
5004
4750
4781
5005
4751
4782
5006
4752
4783
5007
4753
4784
5008
4754
4785
5009
4755
4786
5010
4756
4787
5011
4757
4788
5012
4758
4789
5013
4759
4790
5014
4791
5015
4761
4792
5016
4762
4793
5017
4763
4794
5018
4764
4795
5019
4765
4796
5020
4766
4797
5021
4767
4798
5022
4768
4799
5023
4769
4800
5024
4770
4801
5025
4771
4802
5026
4772
4803
5027
4773
4804
5028
4774
4805
5029
4775
4806
5030
4776
4807
5031
4777
4808
5032
4778
4809
5033
4779
4810
5034
4780
4811
5035
4781
4812
5036
4782
4813
5037
4783
4814
5038
4784
4815
5039
4785
4816
5040
4786
4817
5041
4787
4818
5042
4788
4819
5043
4789
4820
5044
4790
4821
5045
4791
4822
5046
4823
5047
4793
5048
4794
5049
4795
5050
4796
5051
4797
5052
4798
5053
4799
5054
4800
5055
4801
5056
4802
5057
4803
5058
4804
5059
4805
5060
4806
5061
4807
5062
4808
5063
4809
5064
4810
5065
4811
5066
4812
5067
4813
5068
4814
5069
4815
5070
4816
5071
4817
5072
4818
5073
4819
5074
4820
5075
4821
5076
4822
5077
4823
5078
5079
4825
4856
5080
4826
4857
5081
4827
4858
5082
4828
4859
5083
4829
4860
5084
4830
4861
5085
4831
4862
5086
4832
4863
5087
4833
4864
5088
4834
4865
5089
4835
4866
5090
4836
4867
5091
4837
4868
5092
4838
4869
5093
4839
4870
5094
4840
4871
5095
4841
4872
5096
4842
4873
5097
4843
4874
5098
4844
4875
5099
4845
4876
5100
4846
4877
5101
4847
4878
5102
4848
4879
5103
4849
4880
5104
4850
4881
5105
4851
4882
5106
4852
4883
5107
4853
4884
5108
4854
4885
5109
4855
4886
5110
4887
5111
4857
4888
5112
4858
4889
5113
4859
4890
5114
4860
4891
5115
4861
4892
5116
4862
4893
5117
4863
4894
5118
4864
4895
5119
4865
4896
5120
4866
4897
5121
4867
4898
5122
4868
4899
5123
4869
4900
5124
4870
4901
5125
4871
4902
5126
4872
4903
5127
4873
4904
5128
4874
4905
5129
4875
4906
5130
4876
4907
5131
4877
4908
5132
4878
4909
5133
4879
4910
5134
4880
4911
5135
4881
4912
5136
4882
4913
5137
4883
4914
5138
4884
4915
5139
4885
4916
5140
4886
4917
5141
4887
4918
5142
4919
5143
4889
4920
5144
4890
4921
5145
4891
4922
5146
4892
4923
5147
4893
4924
5148
4894
4925
5149
4895
4926
5150
4896
4927
5151
4897
4928
5152
4898
4929
5153
4899
4930
5154
4900
4931
5155
4901
4932
5156
4902
4933
5157
4903
4934
5158
4904
4935
5159
4905
4936
5160
4906
4937
5161
4907
4938
5162
4908
4939
5163
4909
4940
5164
4910
4941
5165
4911
4942
5166
4912
4943
5167
4913
4944
5168
4914
4945
5169
4915
4946
5170
4916
4947
5171
4917
4948
5172
4918
4949
5173
4919
4950
5174
4951
5175
4921
4952
5176
4922
4953
5177
4923
4954
5178
4924
4955
5179
4925
4956
5180
4926
4957
5181
4927
4958
5182
4928
4959
5183
4929
4960
5184
4930
4961
5185
4931
4962
5186
4932
4963
5187
4933
4964
5188
4934
4965
5189
4935
4966
5190
4936
4967
5191
4937
4968
5192
4938
4969
5193
4939
4970
5194
4940
4971
5195
4941
4972
5196
4942
4973
5197
4943
4974
5198
4944
4975
5199
4945
4976
5200
4946
4977
5201
4947
4978
5202
4948
4979
5203
4949
4980
5204
4950
4981
5205
4951
4982
5206
4983
5207
4953
4984
5208
4954
4985
5209
4955
4986
5210
4956
4987
5211
4957
4988
5212
4958
4989
5213
4959
4990
5214
4960
4991
5215
4961
4992
5216
4962
4993
5217
4963
4994
5218
4964
4995
5219
4965
4996
5220
4966
4997
5221
4967
4998
5222
4968
4999
5223
4969
5000
5224
4970
5001
5225
4971
5002
5226
4972
5003
5227
4973
5004
5228
4974
5005
5229
4975
5006
5230
4976
5007
5231
4977
5008
5232
4978
5009
5233
4979
5010
5234
4980
5011
5235
4981
5012
5236
4982
5013
5237
4983
5014
5238
5015
5239
4985
5016
5240
4986
5017
5241
4987
5018
5242
4988
5019
5243
4989
5020
5244
4990
5021
5245
4991
5022
5246
4992
5023
5247
4993
5024
5248
4994
5025
5249
4995
5026
5250
4996
5027
5251
4997
5028
5252
4998
5029
5253
4999
5030
5254
5000
5031
5255
5001
5032
5256
5002
5033
5257
5003
5034
5258
5004
5035
5259
5005
5036
5260
5006
5037
5261
5007
5038
5262
5008
5039
5263
5009
5040
5264
5010
5041
5265
5011
5042
5266
5012
5043
5267
5013
5044
5268
5014
5045
5269
5015
5046
5270
5047
5271
5017
5048
5272
5018
5049
5273
5019
5050
5274
5020
5051
5275
5021
5052
5276
5022
5053
5277
5023
5054
5278
5024
5055
5279
5025
5056
5280
5026
5057
5281
5027
5058
5282
5028
5059
5283
5029
5060
5284
5030
5061
5285
5031
5062
5286
5032
5063
5287
5033
5064
5288
5034
5065
5289
5035
5066
5290
5036
5067
5291
5037
5068
5292
5038
5069
5293
5039
5070
5294
5040
5071
5295
5041
5072
5296
5042
5073
5297
5043
5074
5298
5044
5075
5299
5045
5076
5300
5046
5077
5301
5047
5078
5302
5079
5303
5049
5304
5050
5305
5051
5306
5052
5307
5053
5308
5054
5309
5055
5310
5056
5311
5057
5312
5058
5313
5059
5314
5060
5315
5061
5316
5062
5317
5063
5318
5064
5319
5065
5320
5066
5321
5067
5322
5068
5323
5069
5324
5070
5325
5071
5326
5072
5327
5073
5328
5074
5329
5075
5330
5076
5331
5077
5332
5078
5333
5079
5334
5335
5081
5112
5082
5113
5083
5114
5084
5115
5085
5116
5086
5117
5087
5118
5088
5119
5089
5120
5090
5121
5091
5122
5092
5123
5093
5124
5094
5125
5095
5126
5096
5127
5097
5128
5098
5129
5099
5130
5100
5131
5101
5132
5102
5133
5103
5134
5104
5135
5105
5136
5106
5137
5107
5138
5108
5139
5109
5140
5110
5141
5111
5142
5143
5113
5144
5114
5145
5115
5146
5116
5147
5117
5148
5118
5149
5119
5150
5120
5151
5121
5152
5122
5153
5123
5154
5124
5155
5125
5156
5126
5157
5127
5158
5128
5159
5129
5160
5130
5161
5131
5162
5132
5163
5133
5164
5134
5165
5135
5166
5136
5167
5137
5168
5138
5169
5139
5170
5140
5171
5141
5172
5142
5173
5143
5174
5175
5145
5176
5146
5177
5147
5178
5148
5179
5149
5180
5150
5181
5151
5182
5152
5183
5153
5184
5154
5185
5155
5186
5156
5187
5157
5188
5158
5189
5159
5190
5160
5191
5161
5192
5162
5193
5163
5194
5164
5195
5165
5196
5166
5197
5167
5198
5168
5199
5169
5200
5170
5201
5171
5202
5172
5203
5173
5204
5174
5205
5175
5206
5207
5177
5208
5178
5209
5179
5210
5180
5211
5181
5212
5182
5213
5183
5214
5184
5215
5185
5216
5186
5217
5187
5218
5188
5219
5189
5220
5190
5221
5191
5222
5192
5223
5193
5224
5194
5225
5195
5226
5196
5227
5197
5228
5198
5229
5199
5230
5200
5231
5201
5232
5202
5233
5203
5234
5204
5235
5205
5236
5206
5237
5207
5238
5239
5209
5240
5210
5241
5211
5242
5212
5243
5213
5244
5214
5245
5215
5246
5216
5247
5217
5248
5218
5249
5219
5250
5220
5251
5221
5252
5222
5253
5223
5254
5224
5255
5225
5256
5226
5257
5227
5258
5228
5259
5229
5260
5230
5261
5231
5262
5232
5263
5233
5264
5234
5265
5235
5266
5236
5267
5237
5268
5238
5269
5239
5270
5271
5241
5272
5242
5273
5243
5274
5244
5275
5245
5276
5246
5277
5247
5278
5248
5279
5249
5280
5250
5281
5251
5282
5252
5283
5253
5284
5254
5285
5255
5286
5256
5287
5257
5288
5258
5289
5259
5290
5260
5291
5261
5292
5262
5293
5263
5294
5264
5295
5265
5296
5266
5297
5267
5298
5268
5299
5269
5300
5270
5301
5271
5302
5303
5273
5304
5274
5305
5275
5306
5276
5307
5277
5308
5278
5309
5279
5310
5280
5311
5281
5312
5282
5313
5283
5314
5284
5315
5285
5316
5286
5317
5287
5318
5288
5319
5289
5320
5290
5321
5291
5322
5292
5323
5293
5324
5294
5325
5295
5326
5296
5327
5297
5328
5298
5329
5299
5330
5300
5331
5301
5332
5302
5333
5303
5334
5335
5305
5306
5307
5308
5309
5310
5311
5312
5313
5314
5315
5316
5317
5318
5319
5320
5321
5322
5323
5324
5325
5326
5327
5328
5329
5330
5331
5332
5333
5334
5335
)


// ************************************************************************* //
