0.012	0
0.0264	0
0.04368	0
0.0642855	0
0.0881494	1
0.115209	1
0.145412	1
0.176419	1
0.206965	1
0.237206	1
0.267275	1
0.297172	1
0.326767	1
0.356065	1
0.385065	1
0.413802	1
0.442322	1
0.470609	1
0.498713	1
0.526637	1
0.554397	1
0.582024	1
0.609503	1
0.636859	2
0.664022	2
0.691016	2
0.71784	2
0.74451	2
0.771029	2
0.797406	2
0.823649	2
0.849761	2
0.875753	2
0.901624	2
0.927388	2
0.95304	2
0.978595	2
1.00405	2
1.02941	2
1.05468	2
1.07985	2
1.10493	2
1.12991	3
1.1548	3
1.17961	3
1.20432	3
1.22896	3
1.25352	3
1.27799	3
1.3024	3
1.32673	3
1.35098	3
1.37517	3
1.3993	3
1.42335	3
1.44735	3
1.47128	3
1.49515	3
1.51897	3
1.54273	3
1.56643	3
1.59007	3
1.61366	3
1.63718	4
1.66065	4
1.68407	4
1.70743	4
1.73074	4
1.754	4
1.7772	4
1.80036	4
1.82347	4
1.84653	4
1.86954	4
1.89251	4
1.91543	4
1.93832	4
1.96115	4
1.98395	4
2.006708	4
2.029425	4
2.052103	4
2.074742	5
2.097341	5
2.119901	5
2.142422	5
2.164905	5
2.187351	5
2.209761	5
2.232135	5
2.254474	5
2.276778	5
2.299048	5
2.321285	5
2.34349	5
2.365662	5
2.387802	5
2.409911	5
2.431987	5
2.454033	5
2.476048	5
2.498033	5
2.519988	5
2.541915	5
2.563812	6
2.585681	6
2.607523	6
2.629337	6
2.651124	6
2.672885	6
2.69462	6
2.716329	6
2.738012	6
2.759671	6
2.781305	6
2.802915	6
2.824501	6
2.846063	6
2.867602	6
2.889118	6
2.910612	6
2.932084	6
2.953533	6
2.974961	6
2.996368	6
3.017753	6
3.039118	6
3.060463	6
3.081787	7
3.103092	7
3.124376	7
3.145642	7
3.166888	7
3.188116	7
3.209325	7
3.230516	7
3.251689	7
3.272844	7
3.293982	7
3.315102	7
3.336206	7
3.357293	7
3.378364	7
3.399419	7
3.420458	7
3.441481	7
3.46249	7
3.483483	7
3.504463	7
3.525427	7
3.546378	7
3.567315	7
3.588238	8
3.609148	8
3.630044	8
3.650927	8
3.671797	8
3.692654	8
3.713499	8
3.734332	8
3.755152	8
3.77596	8
3.796755	8
3.817539	8
3.838311	8
3.859071	8
3.879818	8
3.900554	8
3.921278	8
3.94199	8
3.96269	8
3.983378	8
4.0040539	8
4.0247181	9
4.0453707	9
4.0660121	9
4.0866425	9
4.1072621	9
4.1278713	9
4.1484705	9
4.1690599	9
4.1896399	9
4.2102109	9
4.2307729	9
4.2513263	9
4.2718713	9
4.2924084	9
4.3129377	9
4.3334596	9
4.3539744	9
4.3744824	9
4.3949838	9
4.4154788	9
4.4359678	9
4.456451	9
4.4769286	9
4.4974008	9
4.5178679	9
4.5383301	10
4.5587876	10
4.5792406	10
4.5996894	10
4.6201341	10
4.640575	10
4.6610122	10
4.6814459	10
4.7018763	10
4.7223035	10
4.7427278	10
4.7631493	10
4.783568	10
4.8039842	10
4.8243979	10
4.8448093	10
4.8652185	10
4.8856256	10
4.9060306	10
4.9264337	10
4.946835	10
4.9672345	10
4.9876323	10
5.0080286	10
5.0284233	10
5.0488167	10
5.0692087	10
5.0895993	10
5.1099888	11
5.1303771	11
5.1507643	11
5.1711504	11
5.1915355	11
5.2119197	11
5.2323029	11
5.2526853	11
5.2730668	11
5.2934476	11
5.3138275	11
5.3342068	11
5.3545854	11
5.3749633	11
5.3953406	11
5.4157173	11
5.4360934	11
5.456469	11
5.4768441	11
5.4972187	11
5.5175928	11
5.5379665	11
5.5583397	11
5.5787126	11
5.599085	11
5.6194571	11
5.6398288	11
5.6602002	11
5.6805713	11
5.700942	11
5.7213125	11
5.7416826	12
5.7620525	12
5.7824221	12
5.8027915	12
5.8231607	12
5.8435296	12
5.8638983	12
5.8842667	12
5.904635	12
5.9250031	12
5.945371	12
5.9657387	12
5.9861063	12
6.00647367	12
6.02684089	12
6.04720797	12
6.0675749	12
6.08794169	12
6.10830834	12
6.12867487	12
6.14904127	12
6.16940756	12
6.18977373	12
6.21013979	12
6.23050575	12
6.25087161	12
6.27123737	13
6.29160303	13
6.31196861	13
6.33233411	13
6.35269952	13
6.37306485	13
6.3934301	13
6.41379529	13
6.4341604	13
6.45452545	13
6.47489043	13
6.49525535	13
6.51562022	13
6.53598502	13
6.55634978	13
6.57671448	13
6.59707913	13
6.61744374	13
6.63780831	13
6.65817283	13
6.67853732	13
6.69890177	13
6.71926618	13
6.73963056	13
6.75999491	13
6.78035922	13
6.8007235	13
6.82108775	13
6.84145197	13
6.86181617	13
6.88218034	13
6.90254448	13
6.9229086	13
6.94327269	13
6.96363677	13
6.98400082	13
7.00436485	14
7.02472885	14
7.04509285	14
7.06545682	14
7.08582077	14
7.10618471	14
7.12654863	14
7.14691254	14
7.16727643	14
7.18764031	14
7.20800417	14
7.22836802	14
7.24873186	14
7.26909569	14
7.2894595	14
7.30982331	14
7.33018711	14
7.35055089	14
7.37091466	14
7.39127843	14
7.41164219	14
7.43200593	14
7.45236967	14
7.4727334	14
7.49309713	14
7.51346084	14
7.53382455	14
7.55418826	14
7.57455196	14
7.59491565	14
7.61527934	14
7.63564302	14
7.6560067	14
7.67637037	15
7.69673403	15
7.71709769	15
7.73746135	15
7.757825	15
7.77818864	15
7.79855229	15
7.81891593	15
7.83927957	15
7.8596432	15
7.88000684	15
7.90037046	15
7.92073409	15
7.94109771	15
7.96146133	15
7.98182494	15
8.002188551	15
8.02255216	15
8.042915766	15
8.06327937	15
8.083642972	15
8.104006571	15
8.124370169	15
8.144733765	15
8.16509736	15
8.185460954	15
8.205824548	15
8.22618814	15
8.246551731	15
8.266915321	15
8.287278908	16
8.307642492	16
8.328006072	16
8.348369649	16
8.368733224	16
8.389096797	16
8.40946037	16
8.429823944	16
8.450187521	16
8.470551101	16
8.490914683	16
8.511278265	16
8.531641845	16
8.55200542	16
8.57236899	16
8.592732554	16
8.613096113	16
8.633459668	16
8.653823225	16
8.674186786	16
8.694550353	16
8.71491393	16
8.735277513	16
8.755641099	16
8.776004682	16
8.796368257	16
8.81673182	16
8.837095369	16
8.857458906	16
8.877822438	16
8.898185973	16
8.918549517	16
8.938913079	16
8.95927666	16
8.97964026	16
9.000003871	16
9.020367481	16
9.040731076	17
9.061094641	17
9.081458172	17
9.101821671	17
9.122185152	17
9.142548634	17
9.162912138	17
9.18327568	17
9.203639268	17
9.224002903	17
9.24436657	17
9.264730246	17
9.285093899	17
9.305457494	17
9.325821017	17
9.346184486	17
9.36654792	17
9.386911349	17
9.407274824	17
9.42763836	17
9.448001951	17
9.468365589	17
9.488729255	17
9.509092905	17
9.529456522	17
9.549820088	17
9.570183592	17
9.590547057	17
9.610910505	17
9.631273966	17
9.65163748	17
9.672001057	17
9.692364678	17
9.712728325	18
9.733091976	18
9.753455593	18
9.773819162	18
9.794182684	18
9.814546158	18
9.834909615	18
9.855273074	18
9.875636563	18
9.896000112	18
9.916363724	18
9.936727369	18
9.957091022	18
9.977454658	18
9.9978182462	18
10.018181781	18
10.038545276	18
10.05890874	18
10.079272183	18
10.099635651	18
10.119999168	18
10.140362738	18
10.160726361	18
10.181090022	18
10.201453664	18
10.221817265	18
10.24218082	18
10.262544327	18
10.282907811	19
10.303271285	19
10.323634756	19
10.343998258	19
10.364361803	19
10.384725393	19
10.40508902	19
10.425452668	19
10.445816282	19
10.466179847	19
10.486543366	19
10.506906848	19
10.527270312	19
10.547633798	19
10.567997312	19
10.588360855	19
10.608724435	19
10.629088049	19
10.649451675	19
10.669815299	19
10.690178877	19
10.710542403	19
10.730905881	19
10.751269345	19
10.771632829	19
10.791996345	19
10.81235989	19
10.832723468	19
10.853087073	19
10.873450685	19
10.893814294	19
10.914177883	19
10.93454142	19
10.954904909	20
10.975268378	20
10.995631848	20
11.015995343	20
11.036358894	20
11.056722479	20
11.077086092	20
11.097449711	20
11.117813316	20
11.138176899	20
11.15854045	20
11.178903941	20
11.199267399	20
11.219630861	20
11.239994345	20
11.260357876	20
11.280721466	20
11.301085084	20
11.321448707	20
11.34181232	20
11.362175907	20
11.382539455	20
11.402902966	20
11.423266432	20
11.443629877	20
11.463993347	20
11.484356861	20
11.504720438	20
11.525084064	20
11.545447707	20
11.565811333	20
11.586174929	20
11.606538478	21
11.626901984	21
11.647265457	21
11.667628898	21
11.687992337	21
11.708355824	21
11.728719379	21
11.749082996	21
11.769446651	21
11.789810294	21
11.810173907	21
11.830537468	21
11.850900978	21
11.871264447	21
11.891627892	21
11.911991341	21
11.932354817	21
11.952718344	21
11.973081939	21
11.99344559434	21
12.01380925529	21
12.03417289179	21
12.05453648076	21
12.07490000782	21
12.09526348889	21
12.11562694407	21
12.13599037609	21
12.15635383144	21
12.17671733008	21
12.19708089675	22
12.21744452651	22
12.23780820658	22
12.25817186695	22
12.27853547415	22
12.29889902237	22
12.31926251112	22
12.33962596611	22
12.35998940793	22
12.38035284084	22
12.40071631628	22
12.42107985784	22
12.44144346227	22
12.46180712183	22
12.48217079302	22
12.50253443125	22
12.52289800715	22
12.54326151994	22
12.56362497754	22
12.58398841843	22
12.60435187275	22
12.62471534467	22
12.64507885982	22
12.665442439	22
12.68580607513	22
12.7061697389	22
12.72653339076	22
12.74689698692	22
12.76726052176	22
12.78762399747	22
12.80798744572	22
12.82835090632	22
12.84871437559	22
12.86907787691	22
12.88944143612	23
12.90980505083	23
12.93016869997	23
12.95053235982	23
12.97089597196	23
12.9912595269	23
13.01162302148	23
13.03198648033	23
13.05234994077	23
13.07271341256	23
13.09307690579	23
13.11344044901	23
13.13380404338	23
13.15416767578	23
13.17453132941	23
13.19489495271	23
13.21525852353	23
13.23562203445	23
13.25598550384	23
13.27634896623	23
13.29671244231	23
13.31707593321	23
13.33743946613	23
13.35780304472	23
13.37816666195	23
13.39853029428	23
13.41889392135	23
13.43925750265	23
13.45962102575	23
13.47998450311	23
13.5003479667	23
13.52071143701	23
13.54107493074	23
13.56143845968	24
13.58180202889	24
13.60216563541	24
13.62252925954	24
13.64289288686	24
13.6632564835	24
13.68362002358	24
13.70398351206	24
13.72434697794	24
13.74471044149	24
13.76507393006	24
13.7854374548	24
13.80580101807	24
13.82616461551	24
13.8465282397	24
13.86689186547	24
13.88725547992	24
13.90761903678	24
13.92798253824	24
13.94834600806	24
13.96870946542	24
13.98907293789	24
14.0094364577312	24
14.0298000130973	24
14.0501636013946	24
14.0705272175708	24
14.0908908398268	24
14.1112544558006	24
14.131618032832	25
14.1519815536864	25
14.1723450349716	25
14.1927085077246	25
14.2130719896849	25
14.2334355040105	25
14.2537990549689	25
14.2741626356452	25
14.2945262384683	25
14.31488985414	25
14.3352534688751	25
14.3556170600466	25
14.3759805997988	25
14.3963440939232	25
14.4167075575528	25
14.4370710296378	25
14.4574345273653	25
14.4777980714691	25
14.4981616426774	25
14.5185252369021	25
14.5388888459439	25
14.5592524577909	25
14.5796160513772	25
14.5999796099103	25
14.6203431219358	25
14.6407065980394	25
14.661070072973	25
14.6814335632932	25
14.7017970968586	25
14.7221606625634	25
14.7425242495702	25
14.7628878511626	25
14.7832514573138	25
14.8036150489136	26
14.8239786175551	26
14.8443421450529	26
14.864705633971	26
14.8850691134089	26
14.9054325990543	26
14.9257961207536	26
14.946159684211	26
14.9665232657805	26
14.9868868609564	26
15.0072504552867	26
15.0276140424889	26
15.0479776114859	26
15.0683411540567	26
15.0887046650757	26
15.1090681553673	26
15.1294316430273	26
15.1497951588092	26
15.1701587138572	26
15.1905222925003	26
15.2108858824712	26
15.2312494716142	26
15.2516130543978	26
15.2719766214649	26
15.2923401732238	26
15.3127036979845	26
15.3330672000747	26
15.3534306944438	26
15.3737942095462	26
15.3941577577945	26
15.4145213355139	26
15.4348849216765	26
15.45524850525	26
15.4756120814072	26
15.495975642631	27
15.5163391908779	27
15.5367027230994	27
15.5570662339046	27
15.5774297450285	27
15.5977932655151	27
15.6181568125271	27
15.6385203870374	27
15.6588839749237	27
15.6792475573766	27
15.6996111267042	27
15.7199746823757	27
15.7403382259043	27
15.7607017621585	27
15.7810652801503	27
15.8014287964864	27
15.821792319031	27
15.8421558642616	27
15.8625194337963	27
15.882883019138	27
15.9032465996451	27
15.9236101656193	27
15.9439737165965	27
15.9643372553651	27
15.9847007880873	30
16.005064314530316	30
16.025427839609687	30
16.04579137674909	30
16.066154928540364	30
16.086518499374051	31
16.10688208618156	31
16.127245666527617	31
16.147609230362654	31
16.167972775362568	31
16.188336305943039	31
16.208699829769682	31
16.229063362225954	31
16.249426892833952	31
16.26979043628527	31
16.290153994274586	31
16.310517569997717	32
16.330881159280445	32
16.351244750972302	32
16.371608318197907	32
16.39197185989423	32
16.412335382109532	32
16.432698893389571	32
16.453062413546668	32
16.473425948927133	32
16.493789494909741	32
16.514153057483711	32
16.534516639141877	33
16.554880230238282	33
16.575243823183683	33
16.595607394502302	33
16.615970935547551	33
16.636334451774388	33
16.656697958581017	33
16.677061467975005	33
16.697425000215073	33
16.717788545713017	33
16.738152114435053	33
16.7585157023994	33
16.778879305258897	33
16.799242907282778	34
16.819606488282375	34
16.839970036551211	34
16.860333552418282	34
16.880697050888323	34
16.901060555309918	34
16.921424077232807	34
16.941787618659045	34
16.962151186926544	34
16.982514777911007	34
17.002878382193554	34
17.023241989741933	34
17.04360558048392	35
17.063969136288385	35
17.084332654687227	35
17.104696146418927	35
17.125059636619341	35
17.14542313992623	35
17.165786670837196	35
17.186150233136328	35
17.206513824231038	35
17.226877433842162	35
17.247241051135862	35
17.267604653008632	35
17.287968219559257	35
17.308331745606385	35
17.328695236693456	35
17.349058718163192	35
17.369422207417781	35
17.389785734480775	35
17.410149294179377	35
17.430512887223482	35
17.450876503864535	35
17.471240124672097	35
17.49160373716294	35
17.511967326855	36
17.532330865303908	36
17.552694362811767	36
17.573057836411969	36
17.593421307358419	36
17.613784812519363	36
17.634148365895022	36
17.65451195338137	36
17.674875570982135	36
17.695239199312432	36
17.715602823160292	36
17.735966415826166	36
17.756329966833551	36
17.776693468844488	36
17.797056936834789	36
17.817420405019448	36
17.837783892424273	36
17.858147429748726	36
17.878511009679787	36
17.898874626701371	36
17.919238263361208	36
17.939601891934981	36
17.959965498946893	36
17.980329070417046	36
18.000692586686572	37
18.021056058558223	37
18.041419518504881	37
18.061783002703194	37
18.082146524728248	37
18.102510096680152	37
18.122873709516856	37
18.143237348939454	37
18.163600986634325	37
18.183964606603347	37
18.204328182843785	37
18.224691711820988	37
18.245055187587646	37
18.265418638606299	37
18.285782104381052	37
18.306145602653789	37
18.326509152774403	37
18.346872758864571	37
18.367236400991022	37
18.38760005104929	37
18.407963677795411	37
18.428327269705346	37
18.448690815872759	37
18.469054308111442	37
18.489417761853009	37
18.509781217426724	37
18.530144696567966	37
18.550508234382271	37
18.570871830881437	37
18.591235471593642	38
18.611599130648568	38
18.631962773106508	38
18.65232638325195	38
18.672689945657726	38
18.693053451693164	38
18.713416916117637	38
18.733780362846996	38
18.754143820792596	38
18.774507333772565	38
18.79487090765868	38
18.815234536183535	38
18.835598194881722	38
18.855961847689553	38
18.876325475301879	38
18.896689048415144	38
18.917052568656807	38
18.937416033383958	38
18.957779471345752	38
18.978142926667076	38
18.998506419082386	38
19.018869969709424	38
19.039233588982782	38
19.059597249947831	38
19.079960915854745	38
19.100324550297486	38
19.12068814081254	38
19.141051676253102	38
19.161415159825257	38
19.202142048347902	35
19.222505521441327	35
19.242869059343374	35
19.263232662128292	35
19.283596321755777	35
19.303959998235012	35
19.324323650957361	35
19.344687262713553	35
19.365050816989946	35
19.385414310316893	35
19.405777756082614	35
19.426141190358308	36
19.446504657601846	36
19.466868173575662	36
19.487231753884561	36
19.507595396759108	36
19.527959073033518	36
19.548322737534924	36
19.568686368770202	36
19.589049935808166	36
19.609413441892517	36
19.629776895323829	36
19.650140324085889	36
19.670503774254556	36
19.690867266152907	36
19.711230821323472	36
19.73159444925788	36
19.751958129550523	36
19.772321811423804	36
19.792685453987765	36
19.813049044105917	36
19.833412570544095	36
19.853776041146514	36
19.874139476399382	36
19.894502917532012	36
19.914866389010324	36
19.935229917975168	36
19.955593524848609	36
19.975957187774572	36
19.996320874733271	37
20.016684550120743	37
20.037048167043981	37
20.057411710621192	37
20.077775192388618	37
20.098138628917507	37
20.118502059399074	37
20.138865508986495	37
20.159229023465087	37
20.179592607100602	37
20.199956255604565	37
20.220319945486132	37
20.240683620766543	37
20.261047257663286	37
20.281410832167804	37
20.301774331879244	37
20.322137783429373	37
20.342501213903304	37
20.362864648280748	37
20.383228138828642	37
20.403591704894403	37
20.423955336667486	37
20.444319020110335	37
20.464682706780074	37
20.4850463639211	37
20.505409951332151	37
20.525773468251913	37
20.546136926719758	38
20.566500353084983	38
20.58686379300913	38
20.60722726687111	38
20.627590801128761	38
20.64795441391718	38
20.668318080979176	38
20.688681773855972	38
20.709045453473365	38
20.729409068646017	38
20.749772611419541	38
20.770136084134176	38
20.790499510875151	38
20.810862941363315	38
20.831226395769434	38
20.851589903591321	38
20.871953493155498	38
20.892317147946429	38
20.91268084099665	38
20.933044522143433	38
20.953408158996417	38
20.973771726877139	38
20.994135216182315	38
21.014498647231765	38
21.034862066938341	38
21.055225523493107	38
21.075589028270947	38
21.09595260010617	38
21.11631624217042	38
21.13667993192826	38
21.157043622219458	38
21.177407283408883	38
21.197770879675883	39
21.218134389519353	39
21.238497836775693	39
21.258861251796009	39
21.279224689518124	39
21.299588170345064	39
21.319951714716868	39
21.340315336185814	39
21.360679016026531	39
21.381042711383849	39
21.401406374446395	39
21.421769982472028	39
21.442133515127527	39
21.462496976693785	39
21.482860393048234	39
21.503223817820857	39
21.523587279345897	39
21.543950801098713	39
21.564314404308888	39
21.584678068102271	39
21.60504176411683	39
21.625405459474745	39
21.645769099746477	39
21.666132665713675	39
21.686496148420083	39
21.706859570535677	39
21.727222982663253	39
21.747586416941004	39
21.767949909192897	39
21.788313486009717	40
21.808677133241211	40
21.82904082416303	40
21.84940450995434	40
21.869768163850789	40
21.890131757987671	40
21.910495265390686	40
21.930858711015972	40
21.951222125836654	40
21.971585546894623	40
21.991949032552363	40
22.012312594521671	40
22.032676231675797	40
22.053039921498861	40
22.073403617439212	40
22.093767290316517	40
22.11413090833793	40
22.134494442141261	40
22.154857900803545	40
22.175221313392186	40
22.195584715794094	40
22.215948170867208	40
22.236311697438328	40
22.256675313076805	40
22.277038993220245	40
22.297402693861933	41
22.317766383220821	41
22.338130025571573	41
22.358493582187311	41
22.378857061052425	41
22.399220481773654	41
22.419583895858359	41
22.439947335198902	41
22.460310834521337	41
22.480674424477382	41
22.501038087444623	41
22.521401788752353	41
22.541765492376552	41
22.562129139950628	41
22.582492716432704	41
22.602856210030499	41
22.623219640807665	41
22.643583051397837	41
22.663946473054299	41
22.684309943929183	41
22.704673505427493	41
22.725037149903759	41
22.745400850564987	41
22.765764552275609	41
22.786128222006329	41
22.806491828034719	41
22.826855346473121	41
22.847218799590618	41
22.867582217501894	41
22.887945634097271	41
22.908309106293434	42
22.92867264901551	42
22.949036275302998	42
22.969399965008808	42
22.989763671657332	42
23.010127361297862	42
23.030490993522683	42
23.050854533067184	42
23.071217994148828	42
23.091581405819909	42
23.111944803823064	42
23.132308252160367	42
23.152671765690044	42
23.173035367031051	42
23.193399040358599	42
23.213762745133188	42
23.234126447919824	42
23.25449010954231	42
23.274853677613862	42
23.295217156919623	42
23.315580573516542	42
23.335943981323261	42
23.356307414132171	42
23.37667090907922	42
23.397034492955648	42
23.417398150314526	42
23.437761852332706	42
23.458125564408579	42
23.478489225051852	42
23.498852815992024	42
23.519216312847252	42
23.539579735056286	43
23.559943132218134	43
23.580306540359711	43
23.600670001421321	43
23.62103356212419	43
23.641397207797173	43
23.661760910283551	43
23.682124636277155	43
23.702488321250797	43
23.722851940926763	43
23.743215467303472	43
23.76357890781405	43
23.783942303927983	43
23.804305693568754	43
23.824669145037038	43
23.845032677024168	43
23.86539630690309	43
23.885760004833365	43
23.906123740626054	43
23.926487447230215	43
23.946851076301261	43
23.967214620869765	43
23.987578078687442	43
24.007941474296214	43
24.028304869266204	43
24.048668298354464	43
24.069031799320179	43
24.089395403838481	44
24.109759093951048	44
24.130122817491152	44
24.150486536959775	44
24.170850209303936	44
24.191213782934252	44
24.211577260378977	44
24.231940667272966	44
24.252304030937584	44
24.27266742773709	44
24.29303088959303	44
24.313394460327938	44
24.333758126194521	44
24.354121850063009	44
24.374485586972728	44
24.394849266520666	44
24.415212866213007	44
24.435576364518589	44
24.455939782519607	44
24.476303145141401	44
24.496666523707098	44
24.517029980765866	44
24.537393530153125	44
24.557757183072273	44
24.578120913468052	44
24.598484651143629	44
24.618848355032487	44
24.639211984905074	44
24.659575505640507	44
24.679938933285644	45
24.700302313586253	45
24.720665679601389	45
24.741029108276663	45
24.761392622853592	45
24.781756249522203	45
24.802119966137091	45
24.822483739195025	45
24.842847480441502	45
24.863211130155808	45
24.883574677830214	45
24.903938118685954	45
24.924301489587016	45
24.944664857588347	45
24.965028257237616	45
24.985391733923858	45
25.005755331007084	45
25.026119032656361	45
25.046482791358319	45
25.066846529128842	45
25.087210206546306	45
25.107573787465157	45
25.127937252401914	45
25.148300628919007	45
25.168663956002622	45
25.189027313091845	45
25.209390767273558	45
25.229754330779979	45
25.250118010659651	45
25.270481772583135	45
25.290845570645399	46
25.311209307111348	46
25.331572949001824	46
25.35193645723302	46
25.372299860795703	46
25.392663204515063	46
25.413026535971451	46
25.433389941821957	46
25.453753449337011	46
25.474117088525951	46
25.494480833022898	46
25.514844645433637	46
25.535208425378862	46
25.555572098340242	46
25.575935651126475	46
25.596299076349741	46
25.616662413782411	46
25.637025744395114	46
25.657389107638647	46
25.677752556723014	46
25.698116145452584	46
25.718479857862278	46
25.738843666344923	46
25.759207478527276	46
25.779571202936921	46
25.799934813981277	46
25.820298285132495	46
25.840661646552995	46
25.861024940033911	46
25.881388256413263	46
25.901751672720469	46
25.92211520757122	46
25.942478876291563	47
25.962842649415744	47
25.983206446696908	47
26.003570207336136	47
26.023933877493128	47
26.044297405037394	47
26.064660806841896	47
26.085024112324486	47
26.105387408624846	47
26.125750778628653	47
26.146114253525365	47
26.166477873326201	47
26.186841613372415	47
26.207205438158997	47
26.227569247303006	47
26.247932986897357	47
26.268296585461627	47
26.288660043674508	47
26.309023399778891	47
26.329386700808669	47
26.349750033870851	47
26.370113443801682	47
26.390476994578464	47
26.41084067647148	47
26.431204469883731	47
26.451568291574503	47
26.471932043805786	47
26.492295694091176	48
26.512659203631063	48
26.533022595620114	48
26.553385904383227	48
26.573749213967687	48
26.594112569758529	48
26.614476053178155	48
26.634839677702924	48
26.655203412734359	48
26.675567220104927	48
26.695931000218383	48
26.716294706606046	48
26.736658280016631	48
26.757021728910257	48
26.777385072563092	48
26.797748386361878	48
26.818111744614686	48
26.838475183490907	48
26.858838739847492	48
26.879202426747749	48
26.899566208214292	48
26.919930002722523	48
26.940293752598766	48
26.960657385135985	48
26.981020895167685	48
27.001384287142127	48
27.021747617257077	48
27.04211096220418	48
27.06247435828827	48
27.082837851078175	48
27.10320147657767	48
27.123565210290774	48
27.143928992399459	48
27.164292735452808	49
27.184656402444293	49
27.205019961888436	49
27.225383406562791	49
27.245746770410019	49
27.266110123283976	49
27.286473498208132	49
27.306836968559203	49
27.327200544708514	49
27.347564231651692	49
27.367927990529147	49
27.38829174498094	49
27.408655447189744	49
27.429019058382128	49
27.449382552002394	49
27.469745952134183	49
27.490109314386856	49
27.510472677147	49
27.530836085484637	49
27.551199603956618	49
27.571563236453809	49
27.591926953986086	49
27.612290699546254	49
27.632654421144462	49
27.653018073273753	49
27.67338161540232	49
27.693745060200381	49
27.714108447554931	49
27.734471840596786	49
27.754835264038594	49
27.775198755595191	49
27.795562348963127	50
27.815926028744183	50
27.83628975410431	50
27.856653481061898	50
27.877017158745478	50
27.897380737335737	50
27.917744219770221	50
27.938107633615708	50
27.958471013704628	50
27.978834420132504	50
27.999197878429207	50
28.019561430360074	50
28.039925068820654	50
28.060288767770952	50
28.080652492707582	50
28.101016190553946	50
28.121379803878	50
28.141743323350173	50
28.162106769211185	50
28.182470167988441	50
28.202833580034152	50
28.22319702465478	50
28.243560548692106	50
28.263924152526943	50
28.284287823138722	50
28.304651531360612	50
28.325015236491904	51
28.345378872169842	51
28.365742419934922	51
28.386105892711281	51
28.406469310055357	51
28.426832725349826	51
28.447196163690268	51
28.467559667076646	51
28.487923241463257	51
28.508286884228458	51
28.52865057136481	51
28.549014255414662	51
28.569377901311537	51
28.589741472758817	51
28.610104973442933	51
28.630468414975208	51
28.650831841443363	51
28.671195283069771	51
28.691558775316711	51
28.711922336875094	51
28.732285958221283	51
28.752649626491959	51
28.773013301906989	51
28.793376956075367	51
28.813740544348455	51
28.834104066309635	51
28.854467528001887	51
28.874830965600147	51
28.89519442357825	51
28.915557917384977	51
28.935921461593946	51
28.956285066803535	51
28.976648718541544	52
28.997012383669599	52
29.017376038550044	52
29.037739639119238	52
29.058103178594443	52
29.078466658507747	52
29.098830107921408	52
29.119193567962011	52
29.139557059330077	52
29.159920594161147	52
29.180284185977783	52
29.20064782351831	52
29.221011478393862	52
29.24137512884765	52
29.261738737321714	52
29.282102290075006	52
29.302465785014309	52
29.322829245157468	52
29.343192708440025	52
29.363556195247764	52
29.383919724283253	52
29.404283307946592	52
29.424646937097258	52
29.445010586913412	52
29.465374224328926	52
29.485737833779044	52
29.506101395538654	52
29.526464905293693	52
29.546828377876057	52
29.567191847266141	52
29.587555333550434	52
29.607918867257876	52
29.628282447367621	53
29.648646072700814	53
29.66900972085234	53
29.689373359816113	53
29.709736973667368	53
29.73010054461821	53
29.750464063320806	53
29.770827542514006	53
29.791191012942136	53
29.811554494649901	53
29.831918019413379	53
29.852281590609927	53
29.87264520875712	53
29.89300885430772	53
29.913372495213348	53
29.933736114591522	53
29.954099693238337	53
29.974463220840743	53
29.994826707695101	53
30.015190181571576	53
30.035553661185784	53
30.055917179699463	53
30.076280743646912	53
30.096644354761622	53
30.117007997950033	53
30.137371641594168	53
30.157735267420321	53
30.178098855891079	54
30.198462392699231	54
30.218825890426725	54
30.239189364361248	54
30.25955283640474	54
30.279916343344524	54
30.300279901474731	54
30.320643505871359	54
30.341007144795867	54
30.361370787860917	54
30.38173441640977	54
30.402098002055496	54
30.422461542382091	54
30.442825038809239	54
30.463188507629678	54
30.483551982196627	54
30.503915479960785	54
30.524279019671781	54
30.544642614129003	54
30.565006251276188	54
30.585369897179056	54
30.605733532385997	54
30.626097126908075	54
30.646460676326459	54
30.666824183007936	54
30.68718765791288	54
30.70755112813757	54
30.727914612778346	55
30.74827813405777	55
30.768641712684627	55
30.789005337506143	55
30.809368982382612	55
30.829732621913394	55
30.85009622315296	55
30.870459774979732	55
30.89082328426715	55
30.911186762143487	55
30.931550227926319	55
30.951913700647534	55
30.972277216292159	55
30.99264078078324	55
31.013004398024645	55
31.033368049325158	55
31.053731686881758	55
31.074095294915224	55
31.094458854078141	55
31.114822368233284	55
31.135185846461376	55
31.155549313645068	55
31.175912791862725	55
31.196276296315418	55
31.216639844086959	55
31.237003445110048	55
31.257367086949198	55
31.277730729327711	55
31.298094345589757	55
31.31845791233382	55
31.338821430963677	56
31.359184908245393	56
31.379548373595291	56
31.399911846107827	56
31.42027533663024	56
31.440638864969024	56
31.461002448072534	56
31.481366076926601	56
31.501729727028618	56
31.522093357567218	56
31.54245693915508	56
31.562820469756151	56
31.583183953157157	56
31.603547416865229	56
31.623910892771228	56
31.644274376916581	56
31.664637901141017	56
31.685001468901451	56
31.705365082454122	56
31.725728724496872	56
31.746092355299915	56
31.766455945489476	56
31.78681948414529	56
31.807182976042906	56
31.827546438685353	56
31.847909908332529	56
31.868273388992424	56
31.888636902195078	56
31.909000453982117	56
31.929364050449163	56
31.949727681493954	57
31.970091319836328	57
31.99045492777417	57
32.010818480590061	57
32.031181983267793	57
32.051545447767268	57
32.071908910466945	57
32.092272393226914	57
32.112635899908689	57
32.132999446517466	57
32.153363029990324	57
32.173726647004273	57
32.194090277245749	57
32.214453898162198	57
32.234817463349977	57
32.255180974268661	57
32.275544439263712	57
32.29590789308488	57
32.316271372615553	57
32.336634879166908	57
32.356998418754273	57
32.377361991437226	57
32.397725596571597	57
32.418089219122585	57
32.438452845142351	57
32.458816429063369	57
32.479179956321005	58
32.499543430979493	58
32.519906884382515	58
32.54027035472555	58
32.560633859650864	58
32.580997396171533	58
32.601360961253675	58
32.621724556019672	58
32.642088169671162	58
32.662451781608709	58
32.682815376931032	58
32.703178917021681	58
32.723542407112411	58
32.743905864163892	58
32.764269327846783	58
32.784632818593217	58
32.804996355353701	58
32.825359916838835	58
32.84572350506587	58
32.866087112154659	58
32.886450719673952	61
32.906814317370291	61
32.927177873310406	61
32.947541376043965	61
32.967904837004795	61
32.988268294506561	61
33.008631770540099	61
33.028995298909599	61
33.049358863031472	61
33.069722448457128	61
33.090086050100041	61
33.110449652861313	61
33.130813246995004	61
33.151176816866048	61
33.1715403311781	61
33.191903797107386	61
33.212267249861625	61
33.232630726931269	61
33.252994243121272	61
33.273357805020318	61
33.293721390941002	61
33.314084991809864	61
33.334448593570443	61
33.354812186461636	62
33.375175756630952	62
33.395539289482258	62
33.415902768628726	62
33.436266224090033	62
33.456629693813483	62
33.476993195667212	62
33.497356752782458	62
33.51772034047346	62
33.538083942457092	62
33.558447544074106	62
33.578811130218412	62
33.599174696168021	62
33.619538239230614	62
33.639901733357902	62
33.660265192902465	62
33.680628657404057	62
33.700992146093988	62
33.72135568862511	62
33.74171927992208	62
33.7620828869075	62
33.782446493696057	62
33.802810083714384	62
33.823173651242627	62
33.843537193214573	62
33.863900701786868	62
33.88426416850367	62
33.904627630249685	62
33.924991121397497	62
33.945354652701489	62
33.965718235514359	62
33.986081843508423	62
34.006445452401067	63
34.026809043929454	63
34.047172611331931	63
34.067536149540302	63
34.087899665707049	63
34.10826313855793	63
34.128626597975774	63
34.148990079543786	63
34.169353596538116	63
34.189717163630704	63
34.210080778737996	63
34.230444397737827	63
34.250807999429156	63
34.271171574687841	63
34.29153511645152	63
34.31189863138227	63
34.332262125094203	63
34.352625592125648	63
34.372989070406817	63
34.393352575710423	63
34.413716126078214	63
34.434079729690765	63
34.454443350227919	63
34.474806957928791	63
34.495170539215401	63
34.515534083500555	63
34.535897598551124	63
34.556261096180513	63
34.576624566461938	63
34.596988041795022	64
34.617351539110338	64
34.637715085658932	64
34.658078681241221	64
34.678442308605106	64
34.69880592771046	64
34.719169514695707	64
34.739533064183682	64
34.759896577899568	64
34.780260068573625	64
34.800623542514778	64
34.820987014581092	64
34.841350515775083	64
34.861714054611078	64
34.882077640448017	64
34.902441267104379	64
34.922804902211027	64
34.94316850432503	64
34.963532065900964	64
34.983895584634411	64
35.004259072060215	64
35.02462254540486	64
35.044986017078479	64
35.065349511987897	64
35.085713040643611	64
35.106076614982129	64
35.126440233414669	64
35.146803869453208	64
35.167167481325087	64
35.187531052949829	64
35.207894576650915	64
35.228258068502647	64
35.248621546065884	64
35.268985021138135	65
35.289348513815987	65
35.309712036308703	65
35.330075607047611	65
35.350439217894547	65
35.370802853456993	65
35.391166479728177	65
35.411530060186379	65
35.431893592280744	65
35.452257084131752	65
35.47262055304229	65
35.492984021819126	65
35.513347508534899	65
35.53371103257733	65
35.55407459683267	65
35.574438204215589	65
35.594801839739958	65
35.615165472341694	65
35.635529066311634	65
35.655892609933865	65
35.676256105997041	65
35.696619570751963	65
35.716983040221614	65
35.737346526475989	65
35.757710046027732	65
35.778073604352002	65
35.798437206570007	65
35.81880084046086	65
35.839164489832989	65
35.859528107419642	65
35.879891665365115	65
35.900255169455832	65
35.920618630882949	65
35.940982086134355	66
35.961345571781791	66
35.981709084330461	66
36.002072634526399	66
36.022436231349886	66
36.042799863448479	66
36.063163504300277	66
36.083527134911925	66
36.103890707192313	66
36.124254221581594	66
36.144617692144003	66
36.164981140560805	66
36.185344609215498	66
36.20570811116314	66
36.226071649617353	66
36.246435239003283	66
36.266798865258181	66
36.287162509928223	66
36.307526152197248	66
36.327889747986866	66
36.348253282069756	66
36.368616761375705	66
36.388980206306293	66
36.409343660700138	66
36.429707147066502	66
36.450070684030443	66
36.470434266754282	66
36.490797891344471	67
36.511161540865992	67
36.531525181842007	67
36.551888798397322	67
36.572252354131649	67
36.592615845278075	67
36.612979300691073	67
36.633342745953762	67
36.653706211548062	67
36.674069735386873	67
36.694433311896418	67
36.714796931708364	67
36.735160582717171	67
36.75552423112093	67
36.775887858460599	67
36.796251427490006	67
36.8166149305654	67
36.836978386245477	67
36.85734181950388	67
36.877705279267722	67
36.89806878547396	67
36.918432345507107	67
36.938795959685564	67
36.959159605498314	67
36.979523261145246	67
36.999886902290946	67
37.020250493667774	67
37.040614015258235	67
37.060977479800421	67
37.081340908739513	67
37.101704353691936	67
37.122067838536019	67
37.142431394698129	68
37.162795003753445	68
37.183158652050295	68
37.203522317659854	68
37.223885960705992	68
37.244249565245298	68
37.264613110358312	68
37.284976584134675	68
37.305340021557363	68
37.325703451437533	68
37.346066908207156	68
37.366430436986001	68
37.386794034518587	68
37.407157677576095	68
37.427521347724095	68
37.447885003217067	68
37.468248624069652	68
37.488612182599766	68
37.508975672224445	68
37.529339112058913	68
37.549702530583744	68
37.570065982862587	68
37.590429489502668	68
37.610793075522921	68
37.631156715777415	68
37.651520393957995	68
37.671884067595357	68
37.692247698360276	69
37.712611275591613	69
37.732974788574467	69
37.75333823780614	69
37.773701650449041	69
37.79406508332508	69
37.814428561735717	69
37.834792121806323	69
37.855155752642602	69
37.8755194222977	69
37.895883104310194	69
37.916246752470073	69
37.936610350320557	69
37.956973883091102	69
37.977337346994616	69
37.99770077295517	69
38.018064192920335	69
38.038427644010547	69
38.058791174351285	69
38.079154787874671	69
38.099518453396939	69
38.119882143939066	69
38.140245809304602	69
38.160609428410574	70
38.180972973914336	70
38.201336454673687	70
38.221699883051336	70
38.242063289404307	70
38.262426733590786	70
38.282790237013465	70
38.303153826396304	70
38.323517486824095	70
38.343881186093626	70
38.36424487333597	70
38.38460850633993	70
38.404972074930832	70
38.425335572599344	70
38.445699012472097	70
38.466062413919701	70
38.486425838036261	70
38.506789311466626	70
38.527152872607985	70
38.547516515274758	70
38.567880216151998	70
38.58824391882041	70
38.608607574849806	70
38.628971168172299	70
38.649334685653564	70
38.669698137187552	70
38.690061538461677	70
38.710424945088178	70
38.73078840926852	70
38.751151944648186	70
38.77151556338918	70
38.791879248503875	71
38.812242955058323	71
38.832606627933359	71
38.852970244933687	71
38.873333779498601	71
38.893697243112555	71
38.914060650638397	71
38.934424045550308	71
38.954787485416233	71
38.975150990315939	71
38.995514580159778	71
39.015878251342912	71
39.036241968124166	71
39.05660566493308	71
39.076969297762268	71
39.09733285748483	71
39.117696339893982	71
39.138059769897254	71
39.158423168275519	71
39.178786593294895	71
39.199150071306121	71
39.219513639615137	71
39.239877290134309	71
39.260241007262657	71
39.280604720499305	71
39.300968377535071	71
39.321331962909277	71
39.34169546503513	71
39.362058899498166	71
39.382422295032171	71
39.402785699674283	71
39.423149144502062	72
39.443512677864739	72
39.463876298338178	72
39.484239998019646	72
39.504603722191803	72
39.524967403267901	72
39.545331019390375	72
39.565694546320877	72
39.586057998308355	72
39.606421398078297	72
39.62678479495117	72
39.647148240119847	72
39.667511752455489	72
39.687875350300459	72
39.708239026923472	72
39.728602753043887	72
39.748966452469645	72
39.769330096373778	72
39.789693648428269	72
39.810057116799662	72
39.830420518232081	72
39.850783907296531	72
39.87114732915753	72
39.89151080872518	72
39.911874371598927	72
39.932238024797002	72
39.952601742349358	72
39.972965460072196	72
39.993329115595046	73
40.013692694523591	73
