0.012	2.36331e-11
0.0264	2.32546e-10
0.04368	2.80428e-10
0.0642855	4.70172e-10
0.0881494	7.50004e-10
0.115209	1.10535e-09
0.145412	1.50996e-09
0.176419	1.90214e-09
0.206965	2.23604e-09
0.237206	2.51328e-09
0.267275	2.74436e-09
0.297172	2.92398e-09
0.326767	3.05606e-09
0.356065	3.1781e-09
0.385065	3.33232e-09
0.413802	3.59981e-09
0.442322	3.7008e-09
0.470609	3.58563e-09
0.498713	3.52933e-09
0.526637	3.65417e-09
0.554397	3.78378e-09
0.582024	3.98336e-09
0.609503	4.19112e-09
0.636859	4.32488e-09
0.664022	4.40815e-09
0.691016	4.58321e-09
0.71784	4.79835e-09
0.74451	5.01361e-09
0.771029	5.20281e-09
0.797406	5.36822e-09
0.823649	5.51481e-09
0.849761	5.64592e-09
0.875753	5.76585e-09
0.901624	5.87311e-09
0.927388	5.96863e-09
0.95304	6.0569e-09
0.978595	6.14261e-09
1.00405	6.23439e-09
1.02941	6.3368e-09
1.05468	6.4516e-09
1.07985	6.56841e-09
1.10493	6.68458e-09
1.12991	6.80087e-09
1.1548	6.91654e-09
1.17961	7.02832e-09
1.20432	7.13882e-09
1.22896	7.23962e-09
1.25352	7.33346e-09
1.27799	7.4137e-09
1.3024	7.48014e-09
1.32673	7.52981e-09
1.35098	7.56861e-09
1.37517	7.50013e-09
1.3993	7.44865e-09
1.42335	7.40178e-09
1.44735	7.35525e-09
1.47128	7.31033e-09
1.49515	7.2691e-09
1.51897	7.22936e-09
1.54273	7.19354e-09
1.56643	7.16084e-09
1.59007	7.12911e-09
1.61366	7.09898e-09
1.63718	7.07057e-09
1.66065	7.04258e-09
1.68407	7.01591e-09
1.70743	6.99011e-09
1.73074	6.96485e-09
1.754	6.94004e-09
1.7772	6.91463e-09
1.80036	6.88925e-09
1.82347	6.8631e-09
1.84653	6.83605e-09
1.86954	6.8068e-09
1.89251	6.7762e-09
1.91543	6.74397e-09
1.93832	6.7096e-09
1.96115	6.67495e-09
1.98395	6.63998e-09
2.006708	6.60397e-09
2.029425	6.56764e-09
2.052103	6.53017e-09
2.074742	6.4911e-09
2.097341	6.44955e-09
2.119901	6.40521e-09
2.142422	6.35741e-09
2.164905	6.30662e-09
2.187351	6.25502e-09
2.209761	6.20534e-09
2.232135	6.15973e-09
2.254474	6.13071e-09
2.276778	6.11439e-09
2.299048	6.12302e-09
2.321285	6.16241e-09
2.34349	6.21391e-09
2.365662	6.26978e-09
2.387802	6.32051e-09
2.409911	6.37005e-09
2.431987	6.4122e-09
2.454033	6.45138e-09
2.476048	6.4869e-09
2.498033	6.51973e-09
2.519988	6.55074e-09
2.541915	6.5815e-09
2.563812	6.61195e-09
2.585681	6.64227e-09
2.607523	6.6729e-09
2.629337	6.70414e-09
2.651124	6.73565e-09
2.672885	6.76738e-09
2.69462	6.79881e-09
2.716329	6.82323e-09
2.738012	6.85452e-09
2.759671	6.8942e-09
2.781305	6.9419e-09
2.802915	6.99722e-09
2.824501	7.05624e-09
2.846063	7.11586e-09
2.867602	7.17398e-09
2.889118	7.226e-09
2.910612	7.26869e-09
2.932084	7.30224e-09
2.953533	7.33071e-09
2.974961	7.35916e-09
2.996368	7.36921e-09
3.017753	7.38232e-09
3.039118	7.3638e-09
3.060463	7.33523e-09
3.081787	7.31624e-09
3.103092	7.29586e-09
3.124376	7.25283e-09
3.145642	7.19084e-09
3.166888	7.12455e-09
3.188116	7.06107e-09
3.209325	7.00248e-09
3.230516	6.95119e-09
3.251689	6.93304e-09
3.272844	6.90561e-09
3.293982	6.8707e-09
3.315102	6.83134e-09
3.336206	6.79074e-09
3.357293	6.74984e-09
3.378364	6.7083e-09
3.399419	6.66724e-09
3.420458	6.62478e-09
3.441481	6.58216e-09
3.46249	6.53868e-09
3.483483	6.59658e-09
3.504463	6.66026e-09
3.525427	6.72441e-09
3.546378	6.79077e-09
3.567315	6.85905e-09
3.588238	6.92795e-09
3.609148	7.00024e-09
3.630044	7.07388e-09
3.650927	7.14789e-09
3.671797	7.22023e-09
3.692654	7.2895e-09
3.713499	7.35375e-09
3.734332	7.41429e-09
3.755152	7.47084e-09
3.77596	7.52835e-09
3.796755	7.58514e-09
3.817539	7.64824e-09
3.838311	7.61475e-09
3.859071	7.58406e-09
3.879818	7.55222e-09
3.900554	7.5239e-09
3.921278	7.49656e-09
3.94199	7.46784e-09
3.96269	7.43754e-09
3.983378	7.40438e-09
4.0040539	7.37292e-09
4.0247181	7.47771e-09
4.0453707	7.5709e-09
4.0660121	7.64021e-09
4.0866425	7.70018e-09
4.1072621	7.75623e-09
4.1278713	7.78767e-09
4.1484705	7.78379e-09
4.1690599	7.74556e-09
4.1896399	7.68234e-09
4.2102109	7.60726e-09
4.2307729	7.52366e-09
4.2513263	7.43784e-09
4.2718713	7.35125e-09
4.2924084	7.26135e-09
4.3129377	7.17674e-09
4.3334596	7.09049e-09
4.3539744	7.00943e-09
4.3744824	6.92772e-09
4.3949838	6.8503e-09
4.4154788	6.77234e-09
4.4359678	6.69784e-09
4.456451	6.62368e-09
4.4769286	6.55311e-09
4.4974008	6.48286e-09
4.5178679	6.41361e-09
4.5383301	6.34711e-09
4.5587876	6.28088e-09
4.5792406	6.21803e-09
4.5996894	6.15559e-09
4.6201341	6.09195e-09
4.640575	6.03224e-09
4.6610122	5.97518e-09
4.6814459	5.92026e-09
4.7018763	5.86556e-09
4.7223035	5.81338e-09
4.7427278	5.76134e-09
4.7631493	5.7119e-09
4.783568	5.66207e-09
4.8039842	5.61446e-09
4.8243979	5.56595e-09
4.8448093	5.52052e-09
4.8652185	5.61337e-09
4.8856256	5.69873e-09
4.9060306	5.78117e-09
4.9264337	5.86365e-09
4.946835	5.93962e-09
4.9672345	6.014e-09
4.9876323	6.08908e-09
5.0080286	6.15924e-09
5.0284233	6.22718e-09
5.0488167	6.29271e-09
5.0692087	6.35625e-09
5.0895993	6.4175e-09
5.1099888	6.47618e-09
5.1303771	6.5329e-09
5.1507643	6.58708e-09
5.1711504	6.63873e-09
5.1915355	6.68995e-09
5.2119197	6.73603e-09
5.2323029	6.78276e-09
5.2526853	6.8258e-09
5.2730668	6.86798e-09
5.2934476	6.90871e-09
5.3138275	6.94611e-09
5.3342068	6.98356e-09
5.3545854	7.0181e-09
5.3749633	6.80351e-09
5.3953406	6.84183e-09
5.4157173	6.70151e-09
5.4360934	6.73023e-09
5.456469	6.58557e-09
5.4768441	6.61447e-09
5.4972187	6.48336e-09
5.5175928	6.27777e-09
5.5379665	6.09166e-09
5.5583397	5.92732e-09
5.5787126	5.76403e-09
5.599085	5.60899e-09
5.6194571	5.45878e-09
5.6398288	5.3169e-09
5.6602002	5.1817e-09
5.6805713	5.05153e-09
5.700942	4.92944e-09
5.7213125	4.8099e-09
5.7416826	4.69795e-09
5.7620525	4.59087e-09
5.7824221	4.48744e-09
5.8027915	4.39073e-09
5.8231607	4.29598e-09
5.8435296	4.20555e-09
5.8638983	4.12035e-09
5.8842667	4.03977e-09
5.904635	3.97411e-09
5.9250031	3.97073e-09
5.945371	4.01971e-09
5.9657387	4.08454e-09
5.9861063	4.1231e-09
6.00647367	4.06761e-09
6.02684089	4.00807e-09
6.04720797	4.06922e-09
6.0675749	4.06673e-09
6.08794169	4.05411e-09
6.10830834	4.0751e-09
6.12867487	4.12796e-09
6.14904127	4.05771e-09
6.16940756	3.98388e-09
6.18977373	3.94635e-09
6.21013979	3.96027e-09
6.23050575	3.99456e-09
6.25087161	3.98688e-09
6.27123737	4.04348e-09
6.29160303	4.03182e-09
6.31196861	4.05237e-09
6.33233411	4.04489e-09
6.35269952	4.07107e-09
6.37306485	4.04793e-09
6.3934301	4.0681e-09
6.41379529	4.01278e-09
6.4341604	4.03179e-09
6.45452545	3.94225e-09
6.47489043	3.9595e-09
6.49525535	3.83436e-09
6.51562022	3.85048e-09
6.53598502	3.70455e-09
6.55634978	3.72687e-09
6.57671448	3.70951e-09
6.59707913	3.69674e-09
6.61744374	3.668e-09
6.63780831	3.68739e-09
6.65817283	3.66858e-09
6.67853732	3.67498e-09
6.69890177	3.66017e-09
6.71926618	3.67293e-09
6.73963056	3.66281e-09
6.75999491	3.66167e-09
6.78035922	3.66221e-09
6.8007235	3.67216e-09
6.82108775	3.66761e-09
6.84145197	3.67788e-09
6.86181617	3.66739e-09
6.88218034	3.66699e-09
6.90254448	3.65542e-09
6.9229086	3.65299e-09
6.94327269	3.64007e-09
6.96363677	3.6387e-09
6.98400082	3.62283e-09
7.00436485	3.62243e-09
7.02472885	3.60485e-09
7.04509285	3.60446e-09
7.06545682	3.58609e-09
7.08582077	3.58501e-09
7.10618471	3.56589e-09
7.12654863	3.56384e-09
7.14691254	3.54351e-09
7.16727643	3.54061e-09
7.18764031	3.51929e-09
7.20800417	3.51675e-09
7.22836802	3.49514e-09
7.24873186	3.49329e-09
7.26909569	3.47404e-09
7.2894595	3.47241e-09
7.30982331	3.45734e-09
7.33018711	3.45676e-09
7.35055089	3.44784e-09
7.37091466	3.44448e-09
7.39127843	3.4414e-09
7.41164219	3.43882e-09
7.43200593	3.43586e-09
7.45236967	3.43194e-09
7.4727334	3.42537e-09
7.49309713	3.41564e-09
7.51346084	3.40166e-09
7.53382455	3.39012e-09
7.55418826	3.37509e-09
7.57455196	3.36002e-09
7.59491565	3.34555e-09
7.61527934	3.32881e-09
7.63564302	3.30954e-09
7.6560067	3.28886e-09
7.67637037	3.26598e-09
7.69673403	3.24458e-09
7.71709769	3.2246e-09
7.73746135	3.20666e-09
7.757825	3.19001e-09
7.77818864	3.17303e-09
7.79855229	3.15403e-09
7.81891593	3.13162e-09
7.83927957	3.10488e-09
7.8596432	3.07383e-09
7.88000684	3.03994e-09
7.90037046	3.00483e-09
7.92073409	2.96919e-09
7.94109771	2.93388e-09
7.96146133	2.90036e-09
7.98182494	2.87049e-09
8.002188551	2.84605e-09
8.02255216	2.82816e-09
8.042915766	2.8168e-09
8.06327937	2.81063e-09
8.083642972	2.80709e-09
8.104006571	2.80278e-09
8.124370169	2.79407e-09
8.144733765	2.77771e-09
8.16509736	2.7515e-09
8.185460954	2.71488e-09
8.205824548	2.66931e-09
8.22618814	2.61827e-09
8.246551731	2.5669e-09
8.266915321	2.52136e-09
8.287278908	2.48777e-09
8.307642492	2.4705e-09
8.328006072	2.47136e-09
8.348369649	2.48944e-09
8.368733224	2.52127e-09
8.389096797	2.5611e-09
8.40946037	2.60131e-09
8.429823944	2.63315e-09
8.450187521	2.64823e-09
8.470551101	2.64034e-09
8.490914683	2.60646e-09
8.511278265	2.54735e-09
8.531641845	2.46794e-09
8.55200542	2.37737e-09
8.57236899	2.28907e-09
8.592732554	2.21831e-09
8.613096113	2.17807e-09
8.633459668	2.17714e-09
8.653823225	2.2189e-09
8.674186786	2.30044e-09
8.694550353	2.41207e-09
8.71491393	2.53722e-09
8.735277513	2.65337e-09
8.755641099	2.73718e-09
8.776004682	2.76926e-09
8.796368257	2.73753e-09
8.81673182	2.63943e-09
8.837095369	2.48345e-09
8.857458906	2.28965e-09
8.877822438	2.08912e-09
8.898185973	1.91866e-09
8.918549517	1.81199e-09
8.938913079	1.79328e-09
8.95927666	1.87299e-09
8.97964026	2.04543e-09
9.000003871	1.99394e-09
9.020367481	1.79623e-09
9.040731076	1.84529e-09
9.061094641	1.81493e-09
9.081458172	1.86246e-09
9.101821671	1.8953e-09
9.122185152	1.834e-09
9.142548634	1.65904e-09
9.162912138	1.71093e-09
9.18327568	1.90107e-09
9.203639268	1.86559e-09
9.224002903	1.88647e-09
9.24436657	1.85459e-09
9.264730246	1.87933e-09
9.285093899	1.85865e-09
9.305457494	1.85763e-09
9.325821017	1.83561e-09
9.346184486	1.83791e-09
9.36654792	1.83416e-09
9.386911349	1.83569e-09
9.407274824	1.79334e-09
9.42763836	1.795e-09
9.448001951	1.77494e-09
9.468365589	1.71955e-09
9.488729255	1.71766e-09
9.509092905	1.76568e-09
9.529456522	1.76236e-09
9.549820088	1.77345e-09
9.570183592	1.84124e-09
9.590547057	1.95074e-09
9.610910505	2.0573e-09
9.631273966	2.06845e-09
9.65163748	1.98281e-09
9.672001057	1.99613e-09
9.692364678	2.04689e-09
9.712728325	2.02961e-09
9.733091976	2.03615e-09
9.753455593	2.06481e-09
9.773819162	2.1103e-09
9.794182684	2.16624e-09
9.814546158	2.22783e-09
9.834909615	2.31631e-09
9.855273074	2.43127e-09
9.875636563	2.40671e-09
9.896000112	2.24976e-09
9.916363724	2.29394e-09
9.936727369	2.2602e-09
9.957091022	2.25917e-09
9.977454658	2.23677e-09
9.9978182462	2.20468e-09
10.018181781	2.17949e-09
10.038545276	2.15119e-09
10.05890874	2.11558e-09
10.079272183	2.09993e-09
10.099635651	2.16473e-09
10.119999168	2.32292e-09
10.140362738	2.28053e-09
10.160726361	2.32901e-09
10.181090022	2.29512e-09
10.201453664	2.20235e-09
10.221817265	2.09795e-09
10.24218082	2.00027e-09
10.262544327	2.00207e-09
10.282907811	1.99909e-09
10.303271285	2.00396e-09
10.323634756	2.03623e-09
10.343998258	2.04904e-09
10.364361803	2.01731e-09
10.384725393	1.95505e-09
10.40508902	1.89507e-09
10.425452668	1.90489e-09
10.445816282	1.94337e-09
10.466179847	1.9231e-09
10.486543366	1.91986e-09
10.506906848	1.91876e-09
10.527270312	1.9123e-09
10.547633798	1.92182e-09
10.567997312	1.94979e-09
10.588360855	1.99671e-09
10.608724435	2.07942e-09
10.629088049	2.05672e-09
10.649451675	1.94135e-09
10.669815299	1.97169e-09
10.690178877	1.94684e-09
10.710542403	1.88499e-09
10.730905881	1.89123e-09
10.751269345	1.92471e-09
10.771632829	1.91832e-09
10.791996345	1.89346e-09
10.81235989	1.9045e-09
10.832723468	1.91479e-09
10.853087073	1.93833e-09
10.873450685	1.99026e-09
10.893814294	2.07008e-09
10.914177883	2.1563e-09
10.93454142	2.1991e-09
10.954904909	2.16076e-09
10.975268378	2.04362e-09
10.995631848	1.87011e-09
11.015995343	1.89852e-09
11.036358894	1.88284e-09
11.056722479	1.85773e-09
11.077086092	1.89625e-09
11.097449711	1.8637e-09
11.117813316	1.78317e-09
11.138176899	1.69728e-09
11.15854045	1.629e-09
11.178903941	1.56549e-09
11.199267399	1.49237e-09
11.219630861	1.40476e-09
11.239994345	1.30123e-09
11.260357876	1.20181e-09
11.280721466	1.12327e-09
11.301085084	1.09804e-09
11.321448707	1.12936e-09
11.34181232	1.22117e-09
11.362175907	1.19271e-09
11.382539455	1.05682e-09
11.402902966	1.08499e-09
11.423266432	1.07352e-09
11.443629877	1.11025e-09
11.463993347	1.14824e-09
11.484356861	1.14106e-09
11.504720438	1.081e-09
11.525084064	9.9673e-10
11.545447707	9.22856e-10
11.565811333	8.75508e-10
11.586174929	8.67664e-10
11.606538478	8.87169e-10
11.626901984	9.17013e-10
11.647265457	9.49489e-10
11.667628898	9.69252e-10
11.687992337	9.72372e-10
11.708355824	9.76254e-10
11.728719379	9.92209e-10
11.749082996	1.02136e-09
11.769446651	1.06378e-09
11.789810294	1.10523e-09
11.810173907	1.14188e-09
11.830537468	1.15689e-09
11.850900978	1.14107e-09
11.871264447	1.089e-09
11.891627892	1.01223e-09
11.911991341	9.31035e-10
11.932354817	8.5569e-10
11.952718344	8.04527e-10
11.973081939	7.94768e-10
11.99344559434	8.3899e-10
12.01380925529	8.43859e-10
12.03417289179	7.97838e-10
12.05453648076	7.90548e-10
12.07490000782	8.24653e-10
12.09526348889	8.03666e-10
12.11562694407	8.07258e-10
12.13599037609	8.3642e-10
12.15635383144	8.89386e-10
12.17671733008	9.48311e-10
12.19708089675	1.00484e-09
12.21744452651	1.05984e-09
12.23780820658	1.11548e-09
12.25817186695	1.15963e-09
12.27853547415	1.18438e-09
12.29889902237	1.19382e-09
12.31926251112	1.18243e-09
12.33962596611	1.14706e-09
12.35998940793	1.08007e-09
12.38035284084	9.89535e-10
12.40071631628	9.11782e-10
12.42107985784	8.71945e-10
12.44144346227	8.74779e-10
12.46180712183	9.20445e-10
12.48217079302	9.84242e-10
12.50253443125	1.06224e-09
12.52289800715	1.12278e-09
12.54326151994	1.15184e-09
12.56362497754	1.14209e-09
12.58398841843	1.10324e-09
12.60435187275	1.09916e-09
12.62471534467	1.13655e-09
12.64507885982	1.1264e-09
12.665442439	1.1432e-09
12.68580607513	1.18193e-09
12.7061697389	1.22496e-09
12.72653339076	1.28396e-09
12.74689698692	1.33252e-09
12.76726052176	1.35702e-09
12.78762399747	1.34607e-09
12.80798744572	1.29833e-09
12.82835090632	1.28744e-09
12.84871437559	1.32859e-09
12.86907787691	1.33427e-09
12.88944143612	1.35071e-09
12.90980505083	1.3678e-09
12.93016869997	1.3728e-09
12.95053235982	1.36555e-09
12.97089597196	1.33583e-09
12.9912595269	1.30381e-09
13.01162302148	1.28267e-09
13.03198648033	1.26656e-09
13.05234994077	1.24785e-09
13.07271341256	1.21337e-09
13.09307690579	1.16148e-09
13.11344044901	1.13124e-09
13.13380404338	1.1372e-09
13.15416767578	1.15285e-09
13.17453132941	1.15019e-09
13.19489495271	1.12348e-09
13.21525852353	1.09734e-09
13.23562203445	1.08214e-09
13.25598550384	1.05766e-09
13.27634896623	1.04117e-09
13.29671244231	1.06688e-09
13.31707593321	1.0661e-09
13.33743946613	1.04888e-09
13.35780304472	1.04226e-09
13.37816666195	1.04694e-09
13.39853029428	1.06606e-09
13.41889392135	1.11507e-09
13.43925750265	1.18785e-09
13.45962102575	1.27251e-09
13.47998450311	1.33017e-09
13.5003479667	1.3244e-09
13.52071143701	1.28256e-09
13.54107493074	1.2777e-09
13.56143845968	1.27923e-09
13.58180202889	1.2904e-09
13.60216563541	1.32095e-09
13.62252925954	1.34105e-09
13.64289288686	1.32059e-09
13.6632564835	1.30995e-09
13.68362002358	1.30343e-09
13.70398351206	1.31354e-09
13.72434697794	1.3065e-09
13.74471044149	1.29974e-09
13.76507393006	1.29047e-09
13.7854374548	1.29401e-09
13.80580101807	1.32103e-09
13.82616461551	1.35507e-09
13.8465282397	1.385e-09
13.86689186547	1.39511e-09
13.88725547992	1.41349e-09
13.90761903678	1.41459e-09
13.92798253824	1.40847e-09
13.94834600806	1.38943e-09
13.96870946542	1.38119e-09
13.98907293789	1.38153e-09
14.0094364577312	1.39827e-09
14.0298000130973	1.43759e-09
14.0501636013946	1.47858e-09
14.0705272175708	1.50911e-09
14.0908908398268	1.53374e-09
14.1112544558006	1.52982e-09
14.131618032832	1.45925e-09
14.1519815536864	1.3611e-09
14.1723450349716	1.26178e-09
14.1927085077246	1.17217e-09
14.2130719896849	1.09348e-09
14.2334355040105	1.01976e-09
14.2537990549689	9.95521e-10
14.2741626356452	1.01267e-09
14.2945262384683	1.02612e-09
14.31488985414	1.00848e-09
14.3352534688751	1.01063e-09
14.3556170600466	1.02354e-09
14.3759805997988	1.00946e-09
14.3963440939232	1.00718e-09
14.4167075575528	1.04118e-09
14.4370710296378	1.03739e-09
14.4574345273653	9.98143e-10
14.4777980714691	9.71548e-10
14.4981616426774	9.35615e-10
14.5185252369021	9.08721e-10
14.5388888459439	9.04817e-10
14.5592524577909	9.07694e-10
14.5796160513772	8.8518e-10
14.5999796099103	8.8832e-10
14.6203431219358	9.18603e-10
14.6407065980394	9.06889e-10
14.661070072973	9.00444e-10
14.6814335632932	9.01385e-10
14.7017970968586	9.44958e-10
14.7221606625634	9.91128e-10
14.7425242495702	1.04298e-09
14.7628878511626	1.09485e-09
14.7832514573138	1.14349e-09
14.8036150489136	1.16796e-09
14.8239786175551	1.14405e-09
14.8443421450529	1.09427e-09
14.864705633971	1.04883e-09
14.8850691134089	1.0221e-09
14.9054325990543	1.03144e-09
14.9257961207536	1.07385e-09
14.946159684211	1.14934e-09
14.9665232657805	1.23066e-09
14.9868868609564	1.29814e-09
15.0072504552867	1.31275e-09
15.0276140424889	1.30676e-09
15.0479776114859	1.31742e-09
15.0683411540567	1.37004e-09
15.0887046650757	1.42498e-09
15.1090681553673	1.46765e-09
15.1294316430273	1.49015e-09
15.1497951588092	1.51262e-09
15.1701587138572	1.56593e-09
15.1905222925003	1.62894e-09
15.2108858824712	1.6682e-09
15.2312494716142	1.69282e-09
15.2516130543978	1.6793e-09
15.2719766214649	1.6821e-09
15.2923401732238	1.67515e-09
15.3127036979845	1.64837e-09
15.3330672000747	1.61614e-09
15.3534306944438	1.61568e-09
15.3737942095462	1.67476e-09
15.3941577577945	1.66284e-09
15.4145213355139	1.67384e-09
15.4348849216765	1.67132e-09
15.45524850525	1.68334e-09
15.4756120814072	1.69455e-09
15.495975642631	1.68064e-09
15.5163391908779	1.6248e-09
15.5367027230994	1.56526e-09
15.5570662339046	1.54437e-09
15.5774297450285	1.51989e-09
15.5977932655151	1.50688e-09
15.6181568125271	1.55107e-09
15.6385203870374	1.6236e-09
15.6588839749237	1.66833e-09
15.6792475573766	1.68481e-09
15.6996111267042	1.71993e-09
15.7199746823757	1.70178e-09
15.7403382259043	1.71178e-09
15.7607017621585	1.72729e-09
15.7810652801503	1.76055e-09
15.8014287964864	1.75048e-09
15.821792319031	1.72232e-09
15.8421558642616	1.71912e-09
15.8625194337963	1.77071e-09
15.882883019138	1.83992e-09
15.9032465996451	1.87919e-09
15.9236101656193	1.90845e-09
15.9439737165965	1.90244e-09
15.9643372553651	1.81703e-09
15.9847007880873	1.69193e-09
16.005064314530316	1.59817e-09
16.025427839609687	1.54558e-09
16.04579137674909	1.5181e-09
16.066154928540364	1.57566e-09
16.086518499374051	1.5647e-09
16.10688208618156	1.46082e-09
16.127245666527617	1.46959e-09
16.147609230362654	1.48509e-09
16.167972775362568	1.49645e-09
16.188336305943039	1.49191e-09
16.208699829769682	1.48984e-09
16.229063362225954	1.45014e-09
16.249426892833952	1.40151e-09
16.26979043628527	1.38942e-09
16.290153994274586	1.3995e-09
16.310517569997717	1.3971e-09
16.330881159280445	1.39496e-09
16.351244750972302	1.39579e-09
16.371608318197907	1.37909e-09
16.39197185989423	1.3863e-09
16.412335382109532	1.39074e-09
16.432698893389571	1.3963e-09
16.453062413546668	1.39046e-09
16.473425948927133	1.37891e-09
16.493789494909741	1.38976e-09
16.514153057483711	1.38321e-09
16.534516639141877	1.38003e-09
16.554880230238282	1.381e-09
16.575243823183683	1.39398e-09
16.595607394502302	1.38911e-09
16.615970935547551	1.35086e-09
16.636334451774388	1.3159e-09
16.656697958581017	1.31841e-09
16.677061467975005	1.31358e-09
16.697425000215073	1.28646e-09
16.717788545713017	1.27302e-09
16.738152114435053	1.26549e-09
16.7585157023994	1.2965e-09
16.778879305258897	1.2894e-09
16.799242907282778	1.25101e-09
16.819606488282375	1.23102e-09
16.839970036551211	1.23019e-09
16.860333552418282	1.25053e-09
16.880697050888323	1.26904e-09
16.901060555309918	1.24674e-09
16.921424077232807	1.2082e-09
16.941787618659045	1.19512e-09
16.962151186926544	1.16549e-09
16.982514777911007	1.14495e-09
17.002878382193554	1.13961e-09
17.023241989741933	1.11768e-09
17.04360558048392	1.12894e-09
17.063969136288385	1.13991e-09
17.084332654687227	1.14564e-09
17.104696146418927	1.14236e-09
17.125059636619341	1.14217e-09
17.14542313992623	1.13637e-09
17.165786670837196	1.15685e-09
17.186150233136328	1.19607e-09
17.206513824231038	1.24449e-09
17.226877433842162	1.28673e-09
17.247241051135862	1.28376e-09
17.267604653008632	1.2642e-09
17.287968219559257	1.2724e-09
17.308331745606385	1.2968e-09
17.328695236693456	1.3322e-09
17.349058718163192	1.34163e-09
17.369422207417781	1.33278e-09
17.389785734480775	1.29509e-09
17.410149294179377	1.26284e-09
17.430512887223482	1.23733e-09
17.450876503864535	1.24511e-09
17.471240124672097	1.23792e-09
17.49160373716294	1.21925e-09
17.511967326855	1.22629e-09
17.532330865303908	1.23591e-09
17.552694362811767	1.23987e-09
17.573057836411969	1.20128e-09
17.593421307358419	1.21139e-09
17.613784812519363	1.27302e-09
17.634148365895022	1.25662e-09
17.65451195338137	1.25485e-09
17.674875570982135	1.25418e-09
17.695239199312432	1.2555e-09
17.715602823160292	1.23189e-09
17.735966415826166	1.22533e-09
17.756329966833551	1.21873e-09
17.776693468844488	1.22895e-09
17.797056936834789	1.23966e-09
17.817420405019448	1.24214e-09
17.837783892424273	1.26841e-09
17.858147429748726	1.29168e-09
17.878511009679787	1.31598e-09
17.898874626701371	1.3352e-09
17.919238263361208	1.3633e-09
17.939601891934981	1.36338e-09
17.959965498946893	1.34568e-09
17.980329070417046	1.35058e-09
18.000692586686572	1.35235e-09
18.021056058558223	1.3447e-09
18.041419518504881	1.31476e-09
18.061783002703194	1.23999e-09
18.082146524728248	1.16358e-09
18.102510096680152	1.13695e-09
18.122873709516856	1.11762e-09
18.143237348939454	1.12382e-09
18.163600986634325	1.11986e-09
18.183964606603347	1.08307e-09
18.204328182843785	1.05494e-09
18.224691711820988	1.03212e-09
18.245055187587646	1.01421e-09
18.265418638606299	9.80357e-10
18.285782104381052	9.82648e-10
18.306145602653789	1.01126e-09
18.326509152774403	1.01077e-09
18.346872758864571	1.01258e-09
18.367236400991022	1.02143e-09
18.38760005104929	1.04839e-09
18.407963677795411	1.0449e-09
18.428327269705346	1.0137e-09
18.448690815872759	1.01709e-09
18.469054308111442	1.01693e-09
18.489417761853009	1.01504e-09
18.509781217426724	1.01538e-09
18.530144696567966	1.01416e-09
18.550508234382271	1.01213e-09
18.570871830881437	1.03423e-09
18.591235471593642	1.03363e-09
18.611599130648568	1.04256e-09
18.631962773106508	1.10225e-09
18.65232638325195	1.17528e-09
18.672689945657726	1.18056e-09
18.693053451693164	1.09413e-09
18.713416916117637	1.10795e-09
18.733780362846996	1.17518e-09
18.754143820792596	1.15957e-09
18.774507333772565	1.17331e-09
18.79487090765868	1.17153e-09
18.815234536183535	1.17464e-09
18.835598194881722	1.17738e-09
18.855961847689553	1.1749e-09
18.876325475301879	1.17525e-09
18.896689048415144	1.17731e-09
18.917052568656807	1.15586e-09
18.937416033383958	1.15692e-09
18.957779471345752	1.14754e-09
18.978142926667076	1.1529e-09
18.998506419082386	1.17071e-09
19.018869969709424	1.16379e-09
19.039233588982782	1.16079e-09
19.059597249947831	1.16624e-09
19.079960915854745	1.19155e-09
19.100324550297486	1.18202e-09
19.12068814081254	1.14077e-09
19.141051676253102	1.15138e-09
19.161415159825257	1.1528e-09
19.181778602308832	1.14791e-09
19.202142048347902	1.14879e-09
19.222505521441327	1.14656e-09
19.242869059343374	1.1448e-09
19.263232662128292	1.17001e-09
19.283596321755777	1.16941e-09
19.303959998235012	1.17638e-09
19.324323650957361	1.23469e-09
19.344687262713553	1.30673e-09
19.365050816989946	1.31016e-09
19.385414310316893	1.3188e-09
19.405777756082614	1.32616e-09
19.426141190358308	1.31247e-09
19.446504657601846	1.25007e-09
19.466868173575662	1.18334e-09
19.487231753884561	1.17844e-09
19.507595396759108	1.1715e-09
19.527959073033518	1.16065e-09
19.548322737534924	1.15799e-09
19.568686368770202	1.13118e-09
19.589049935808166	1.13053e-09
19.609413441892517	1.12102e-09
19.629776895323829	1.12331e-09
19.650140324085889	1.10464e-09
19.670503774254556	1.11581e-09
19.690867266152907	1.15246e-09
19.711230821323472	1.1425e-09
19.73159444925788	1.14225e-09
19.751958129550523	1.1539e-09
19.772321811423804	1.18473e-09
19.792685453987765	1.17261e-09
19.813049044105917	1.12178e-09
19.833412570544095	1.13511e-09
19.853776041146514	1.1343e-09
19.874139476399382	1.12437e-09
19.894502917532012	1.12634e-09
19.914866389010324	1.12745e-09
19.935229917975168	1.12373e-09
19.955593524848609	1.14837e-09
19.975957187774572	1.14642e-09
19.996320874733271	1.15597e-09
20.016684550120743	1.15349e-09
20.037048167043981	1.1367e-09
20.057411710621192	1.13667e-09
20.077775192388618	1.11501e-09
20.098138628917507	1.12612e-09
20.118502059399074	1.12948e-09
20.138865508986495	1.12815e-09
20.159229023465087	1.12552e-09
20.179592607100602	1.15107e-09
20.199956255604565	1.15015e-09
20.220319945486132	1.15309e-09
20.240683620766543	1.1513e-09
20.261047257663286	1.15593e-09
20.281410832167804	1.15689e-09
20.301774331879244	1.12254e-09
20.322137783429373	1.04186e-09
20.342501213903304	9.39706e-10
20.362864648280748	9.43077e-10
20.383228138828642	1.03339e-09
20.403591704894403	1.1387e-09
20.423955336667486	1.24224e-09
20.444319020110335	1.22801e-09
20.464682706780074	1.22626e-09
20.4850463639211	1.22296e-09
20.505409951332151	1.22829e-09
20.525773468251913	1.23186e-09
20.546136926719758	1.22926e-09
20.566500353084983	1.22428e-09
20.58686379300913	1.22661e-09
20.60722726687111	1.22897e-09
20.627590801128761	1.22965e-09
20.64795441391718	1.25823e-09
20.668318080979176	1.33147e-09
20.688681773855972	1.43003e-09
20.709045453473365	1.42327e-09
20.729409068646017	1.42925e-09
20.749772611419541	1.41123e-09
20.770136084134176	1.42326e-09
20.790499510875151	1.45788e-09
20.810862941363315	1.48127e-09
20.831226395769434	1.46887e-09
20.851589903591321	1.45784e-09
20.871953493155498	1.48812e-09
20.892317147946429	1.47457e-09
20.91268084099665	1.47506e-09
20.933044522143433	1.45997e-09
20.953408158996417	1.44741e-09
20.973771726877139	1.44812e-09
20.994135216182315	1.44518e-09
21.014498647231765	1.43472e-09
21.034862066938341	1.40757e-09
21.055225523493107	1.42109e-09
21.075589028270947	1.46567e-09
21.09595260010617	1.45802e-09
21.11631624217042	1.45955e-09
21.13667993192826	1.46879e-09
21.157043622219458	1.46743e-09
21.177407283408883	1.47266e-09
21.197770879675883	1.47637e-09
21.218134389519353	1.44655e-09
21.238497836775693	1.45127e-09
21.258861251796009	1.44876e-09
21.279224689518124	1.45669e-09
21.299588170345064	1.46193e-09
21.319951714716868	1.45993e-09
21.340315336185814	1.46074e-09
21.360679016026531	1.46776e-09
21.381042711383849	1.49063e-09
21.401406374446395	1.47653e-09
21.421769982472028	1.43434e-09
21.442133515127527	1.44053e-09
21.462496976693785	1.43888e-09
21.482860393048234	1.43157e-09
21.503223817820857	1.43253e-09
21.523587279345897	1.42637e-09
21.543950801098713	1.42343e-09
21.564314404308888	1.45528e-09
21.584678068102271	1.44972e-09
21.60504176411683	1.45024e-09
21.625405459474745	1.44814e-09
21.645769099746477	1.4398e-09
21.666132665713675	1.44276e-09
21.686496148420083	1.44142e-09
21.706859570535677	1.43272e-09
21.727222982663253	1.43568e-09
21.747586416941004	1.42747e-09
21.767949909192897	1.42642e-09
21.788313486009717	1.45722e-09
21.808677133241211	1.52589e-09
21.82904082416303	1.51511e-09
21.84940450995434	1.51077e-09
21.869768163850789	1.51746e-09
21.890131757987671	1.51775e-09
21.910495265390686	1.49364e-09
21.930858711015972	1.51763e-09
21.951222125836654	1.53762e-09
21.971585546894623	1.53298e-09
21.991949032552363	1.53938e-09
22.012312594521671	1.53622e-09
22.032676231675797	1.53525e-09
22.053039921498861	1.54007e-09
22.073403617439212	1.5362e-09
22.093767290316517	1.54437e-09
22.11413090833793	1.54427e-09
22.134494442141261	1.51107e-09
22.154857900803545	1.43907e-09
22.175221313392186	1.33691e-09
22.195584715794094	1.34896e-09
22.215948170867208	1.33869e-09
22.236311697438328	1.34573e-09
22.256675313076805	1.34375e-09
22.277038993220245	1.34701e-09
22.297402693861933	1.34186e-09
22.317766383220821	1.35401e-09
22.338130025571573	1.35333e-09
22.358493582187311	1.32205e-09
22.378857061052425	1.26324e-09
22.399220481773654	1.27272e-09
22.419583895858359	1.28044e-09
22.439947335198902	1.27462e-09
22.460310834521337	1.27478e-09
22.480674424477382	1.29652e-09
22.501038087444623	1.27598e-09
22.521401788752353	1.2663e-09
22.541765492376552	1.26901e-09
22.562129139950628	1.26366e-09
22.582492716432704	1.26586e-09
22.602856210030499	1.26679e-09
22.623219640807665	1.26629e-09
22.643583051397837	1.26938e-09
22.663946473054299	1.25103e-09
22.684309943929183	1.25085e-09
22.704673505427493	1.2875e-09
22.725037149903759	1.35518e-09
22.745400850564987	1.34262e-09
22.765764552275609	1.33656e-09
22.786128222006329	1.3484e-09
22.806491828034719	1.34881e-09
22.826855346473121	1.32246e-09
22.847218799590618	1.33617e-09
22.867582217501894	1.33992e-09
22.887945634097271	1.33853e-09
22.908309106293434	1.3452e-09
22.92867264901551	1.34372e-09
22.949036275302998	1.34304e-09
22.969399965008808	1.35086e-09
22.989763671657332	1.34583e-09
23.010127361297862	1.35528e-09
23.030490993522683	1.35614e-09
23.050854533067184	1.326e-09
23.071217994148828	1.26393e-09
23.091581405819909	1.16707e-09
23.111944803823064	1.18074e-09
23.132308252160367	1.17419e-09
23.152671765690044	1.18106e-09
23.173035367031051	1.18105e-09
23.193399040358599	1.18004e-09
23.213762745133188	1.17681e-09
23.234126447919824	1.20094e-09
23.25449010954231	1.20225e-09
23.274853677613862	1.16551e-09
23.295217156919623	1.10668e-09
23.315580573516542	1.11904e-09
23.335943981323261	1.12834e-09
23.356307414132171	1.11694e-09
23.37667090907922	1.11564e-09
23.397034492955648	1.13858e-09
23.417398150314526	1.1283e-09
23.437761852332706	1.13561e-09
23.458125564408579	1.13695e-09
23.478489225051852	1.13162e-09
23.498852815992024	1.13279e-09
23.519216312847252	1.12921e-09
23.539579735056286	1.12991e-09
23.559943132218134	1.13161e-09
23.580306540359711	1.10602e-09
23.600670001421321	1.10396e-09
23.62103356212419	1.14106e-09
23.641397207797173	1.20128e-09
23.661760910283551	1.29431e-09
23.682124636277155	1.2771e-09
23.702488321250797	1.28076e-09
23.722851940926763	1.27504e-09
23.743215467303472	1.27397e-09
23.76357890781405	1.27381e-09
23.783942303927983	1.27472e-09
23.804305693568754	1.27824e-09
23.824669145037038	1.28379e-09
23.845032677024168	1.28396e-09
23.86539630690309	1.28795e-09
23.885760004833365	1.33109e-09
23.906123740626054	1.32995e-09
23.926487447230215	1.31097e-09
23.946851076301261	1.30173e-09
23.967214620869765	1.28278e-09
23.987578078687442	1.28937e-09
24.007941474296214	1.28315e-09
24.028304869266204	1.28212e-09
24.048668298354464	1.26417e-09
24.069031799320179	1.2584e-09
24.089395403838481	1.26284e-09
24.109759093951048	1.26338e-09
24.130122817491152	1.26343e-09
24.150486536959775	1.29418e-09
24.170850209303936	1.29719e-09
24.191213782934252	1.26062e-09
24.211577260378977	1.27004e-09
24.231940667272966	1.27334e-09
24.252304030937584	1.2894e-09
24.27266742773709	1.29053e-09
24.29303088959303	1.28043e-09
24.313394460327938	1.28722e-09
24.333758126194521	1.28687e-09
24.354121850063009	1.32402e-09
24.374485586972728	1.3249e-09
24.394849266520666	1.32183e-09
24.415212866213007	1.32316e-09
24.435576364518589	1.31572e-09
24.455939782519607	1.26781e-09
24.476303145141401	1.26895e-09
24.496666523707098	1.28744e-09
24.517029980765866	1.29721e-09
24.537393530153125	1.31252e-09
24.557757183072273	1.3065e-09
24.578120913468052	1.31719e-09
24.598484651143629	1.31907e-09
24.618848355032487	1.34066e-09
24.639211984905074	1.34718e-09
24.659575505640507	1.33798e-09
24.679938933285644	1.33822e-09
24.700302313586253	1.33654e-09
24.720665679601389	1.34184e-09
24.741029108276663	1.35188e-09
24.761392622853592	1.35271e-09
24.781756249522203	1.36111e-09
24.802119966137091	1.40968e-09
24.822483739195025	1.40793e-09
24.842847480441502	1.38774e-09
24.863211130155808	1.37765e-09
24.883574677830214	1.36256e-09
24.903938118685954	1.36916e-09
24.924301489587016	1.35862e-09
24.944664857588347	1.35605e-09
24.965028257237616	1.3339e-09
24.985391733923858	1.32794e-09
25.005755331007084	1.33668e-09
25.026119032656361	1.33661e-09
25.046482791358319	1.35797e-09
25.066846529128842	1.35354e-09
25.087210206546306	1.34704e-09
25.107573787465157	1.3479e-09
25.127937252401914	1.33943e-09
25.148300628919007	1.28993e-09
25.168663956002622	1.29659e-09
25.189027313091845	1.32581e-09
25.209390767273558	1.33451e-09
25.229754330779979	1.32878e-09
25.250118010659651	1.33102e-09
25.270481772583135	1.38106e-09
25.290845570645399	1.37753e-09
25.311209307111348	1.37995e-09
25.331572949001824	1.37782e-09
25.35193645723302	1.35043e-09
25.372299860795703	1.3575e-09
25.392663204515063	1.34735e-09
25.413026535971451	1.37117e-09
25.433389941821957	1.37195e-09
25.453753449337011	1.36811e-09
25.474117088525951	1.3704e-09
25.494480833022898	1.41872e-09
25.514844645433637	1.41251e-09
25.535208425378862	1.38669e-09
25.555572098340242	1.37519e-09
25.575935651126475	1.3628e-09
25.596299076349741	1.36801e-09
25.616662413782411	1.34976e-09
25.637025744395114	1.34971e-09
25.657389107638647	1.33588e-09
25.677752556723014	1.33692e-09
25.698116145452584	1.341e-09
25.718479857862278	1.3836e-09
25.738843666344923	1.38002e-09
25.759207478527276	1.36915e-09
25.779571202936921	1.36157e-09
25.799934813981277	1.36216e-09
25.820298285132495	1.35545e-09
25.840661646552995	1.30522e-09
25.861024940033911	1.30794e-09
25.881388256413263	1.32714e-09
25.901751672720469	1.31576e-09
25.92211520757122	1.33332e-09
25.942478876291563	1.31888e-09
25.962842649415744	1.30958e-09
25.983206446696908	1.34309e-09
26.003570207336136	1.41725e-09
26.023933877493128	1.41745e-09
26.044297405037394	1.41984e-09
26.064660806841896	1.38515e-09
26.085024112324486	1.39601e-09
26.105387408624846	1.41516e-09
26.125750778628653	1.43391e-09
26.146114253525365	1.43476e-09
26.166477873326201	1.43751e-09
26.186841613372415	1.48103e-09
26.207205438158997	1.47712e-09
26.227569247303006	1.48293e-09
26.247932986897357	1.4744e-09
26.268296585461627	1.44213e-09
26.288660043674508	1.38844e-09
26.309023399778891	1.28884e-09
26.329386700808669	1.31536e-09
26.349750033870851	1.3013e-09
26.370113443801682	1.30726e-09
26.390476994578464	1.30838e-09
26.41084067647148	1.33979e-09
26.431204469883731	1.33598e-09
26.451568291574503	1.33297e-09
26.471932043805786	1.32723e-09
26.492295694091176	1.32841e-09
26.512659203631063	1.32243e-09
26.533022595620114	1.27634e-09
26.553385904383227	1.28009e-09
26.573749213967687	1.27374e-09
26.594112569758529	1.2824e-09
26.614476053178155	1.31261e-09
26.634839677702924	1.36485e-09
26.655203412734359	1.46204e-09
26.675567220104927	1.43601e-09
26.695931000218383	1.45088e-09
26.716294706606046	1.4473e-09
26.736658280016631	1.43223e-09
26.757021728910257	1.38767e-09
26.777385072563092	1.30949e-09
26.797748386361878	1.20193e-09
26.818111744614686	1.20656e-09
26.838475183490907	1.20274e-09
26.858838739847492	1.21048e-09
26.879202426747749	1.21413e-09
26.899566208214292	1.22486e-09
26.919930002722523	1.21714e-09
26.940293752598766	1.18904e-09
26.960657385135985	1.16013e-09
26.981020895167685	1.11037e-09
27.001384287142127	1.02873e-09
27.021747617257077	9.15294e-10
27.04211096220418	9.24351e-10
27.06247435828827	1.02788e-09
27.082837851078175	1.01739e-09
27.10320147657767	1.04435e-09
27.123565210290774	1.03444e-09
27.143928992399459	1.02388e-09
27.164292735452808	1.00807e-09
27.184656402444293	9.91361e-10
27.205019961888436	1.00518e-09
27.225383406562791	9.98869e-10
27.245746770410019	9.64226e-10
27.266110123283976	9.68493e-10
27.286473498208132	1.01114e-09
27.306836968559203	1.06424e-09
27.327200544708514	1.13735e-09
27.347564231651692	1.23405e-09
27.367927990529147	1.35383e-09
27.38829174498094	1.33515e-09
27.408655447189744	1.20724e-09
27.429019058382128	1.23794e-09
27.449382552002394	1.22409e-09
27.469745952134183	1.26246e-09
27.490109314386856	1.25996e-09
27.510472677147	1.20898e-09
27.530836085484637	1.15568e-09
27.551199603956618	1.1257e-09
27.571563236453809	1.13951e-09
27.591926953986086	1.18576e-09
27.612290699546254	1.18095e-09
27.632654421144462	1.15282e-09
27.653018073273753	1.16796e-09
27.67338161540232	1.15162e-09
27.693745060200381	1.10029e-09
27.714108447554931	1.02172e-09
27.734471840596786	1.02323e-09
27.754835264038594	1.08455e-09
27.775198755595191	1.08521e-09
27.795562348963127	1.10798e-09
27.815926028744183	1.14699e-09
27.83628975410431	1.15154e-09
27.856653481061898	1.14842e-09
27.877017158745478	1.14798e-09
27.897380737335737	1.13713e-09
27.917744219770221	1.12375e-09
27.938107633615708	1.12032e-09
27.958471013704628	1.13383e-09
27.978834420132504	1.13569e-09
27.999197878429207	1.14008e-09
28.019561430360074	1.17233e-09
28.039925068820654	1.24263e-09
28.060288767770952	1.22246e-09
28.080652492707582	1.14212e-09
28.101016190553946	1.16655e-09
28.121379803878	1.29085e-09
28.141743323350173	1.26507e-09
28.162106769211185	1.29615e-09
28.182470167988441	1.28764e-09
28.202833580034152	1.30199e-09
28.22319702465478	1.34127e-09
28.243560548692106	1.39635e-09
28.263924152526943	1.46221e-09
28.284287823138722	1.45475e-09
28.304651531360612	1.40352e-09
28.325015236491904	1.40874e-09
28.345378872169842	1.47045e-09
28.365742419934922	1.46204e-09
28.386105892711281	1.47208e-09
28.406469310055357	1.49435e-09
28.426832725349826	1.48902e-09
28.447196163690268	1.47131e-09
28.467559667076646	1.46133e-09
28.487923241463257	1.47575e-09
28.508286884228458	1.54006e-09
28.52865057136481	1.6323e-09
28.549014255414662	1.62941e-09
28.569377901311537	1.63247e-09
28.589741472758817	1.63151e-09
28.610104973442933	1.5929e-09
28.630468414975208	1.51494e-09
28.650831841443363	1.53694e-09
28.671195283069771	1.66822e-09
28.691558775316711	1.62589e-09
28.711922336875094	1.65388e-09
28.732285958221283	1.72511e-09
28.752649626491959	1.68604e-09
28.773013301906989	1.60911e-09
28.793376956075367	1.64272e-09
28.813740544348455	1.62952e-09
28.834104066309635	1.56126e-09
28.854467528001887	1.46341e-09
28.874830965600147	1.3575e-09
28.89519442357825	1.24378e-09
28.915557917384977	1.14659e-09
28.935921461593946	1.09784e-09
28.956285066803535	1.12486e-09
28.976648718541544	1.12344e-09
28.997012383669599	1.11671e-09
29.017376038550044	1.10753e-09
29.037739639119238	1.10459e-09
29.058103178594443	1.09286e-09
29.078466658507747	1.06613e-09
29.098830107921408	1.019e-09
29.119193567962011	9.41688e-10
29.139557059330077	8.5713e-10
29.159920594161147	8.02769e-10
29.180284185977783	8.11397e-10
29.20064782351831	8.72791e-10
29.221011478393862	8.71972e-10
29.24137512884765	8.81081e-10
29.261738737321714	9.00124e-10
29.282102290075006	9.02369e-10
29.302465785014309	8.71151e-10
29.322829245157468	7.99174e-10
29.343192708440025	8.04472e-10
29.363556195247764	8.83826e-10
29.383919724283253	8.63586e-10
29.404283307946592	8.64485e-10
29.424646937097258	8.3587e-10
29.445010586913412	8.06796e-10
29.465374224328926	8.19725e-10
29.485737833779044	8.70408e-10
29.506101395538654	9.25558e-10
29.526464905293693	9.36919e-10
29.546828377876057	9.01563e-10
29.567191847266141	9.04441e-10
29.587555333550434	9.60927e-10
29.607918867257876	9.57215e-10
29.628282447367621	9.12545e-10
29.648646072700814	9.28213e-10
29.66900972085234	9.14461e-10
29.689373359816113	8.95969e-10
29.709736973667368	8.86483e-10
29.73010054461821	8.75132e-10
29.750464063320806	8.37367e-10
29.770827542514006	7.76821e-10
29.791191012942136	7.77232e-10
29.811554494649901	7.75278e-10
29.831918019413379	7.69851e-10
29.852281590609927	7.79206e-10
29.87264520875712	8.16183e-10
29.89300885430772	8.89494e-10
29.913372495213348	1.0027e-09
29.933736114591522	1.12926e-09
29.954099693238337	1.12706e-09
29.974463220840743	1.12865e-09
29.994826707695101	1.11192e-09
30.015190181571576	1.11011e-09
30.035553661185784	1.13723e-09
30.055917179699463	1.18123e-09
30.076280743646912	1.23704e-09
30.096644354761622	1.31289e-09
30.117007997950033	1.39901e-09
30.137371641594168	1.49881e-09
30.157735267420321	1.60033e-09
30.178098855891079	1.66828e-09
30.198462392699231	1.67388e-09
30.218825890426725	1.60628e-09
30.239189364361248	1.47582e-09
30.25955283640474	1.49624e-09
30.279916343344524	1.48741e-09
30.300279901474731	1.52057e-09
30.320643505871359	1.57307e-09
30.341007144795867	1.60823e-09
30.361370787860917	1.59103e-09
30.38173441640977	1.60333e-09
30.402098002055496	1.65049e-09
30.422461542382091	1.71209e-09
30.442825038809239	1.76512e-09
30.463188507629678	1.78196e-09
30.483551982196627	1.74278e-09
30.503915479960785	1.74159e-09
30.524279019671781	1.73823e-09
30.544642614129003	1.75143e-09
30.565006251276188	1.77048e-09
30.585369897179056	1.78139e-09
30.605733532385997	1.77287e-09
30.626097126908075	1.75499e-09
30.646460676326459	1.73576e-09
30.666824183007936	1.69979e-09
30.68718765791288	1.64283e-09
30.70755112813757	1.64647e-09
30.727914612778346	1.71711e-09
30.74827813405777	1.7067e-09
30.768641712684627	1.70177e-09
30.789005337506143	1.68978e-09
30.809368982382612	1.69512e-09
30.829732621913394	1.7119e-09
30.85009622315296	1.72561e-09
30.870459774979732	1.72783e-09
30.89082328426715	1.7123e-09
30.911186762143487	1.68466e-09
30.931550227926319	1.63223e-09
30.951913700647534	1.56649e-09
30.972277216292159	1.50897e-09
30.99264078078324	1.48203e-09
31.013004398024645	1.49487e-09
31.033368049325158	1.54951e-09
31.053731686881758	1.55564e-09
31.074095294915224	1.56009e-09
31.094458854078141	1.5561e-09
31.114822368233284	1.53453e-09
31.135185846461376	1.49199e-09
31.155549313645068	1.42022e-09
31.175912791862725	1.43209e-09
31.196276296315418	1.53982e-09
31.216639844086959	1.50324e-09
31.237003445110048	1.51815e-09
31.257367086949198	1.47975e-09
31.277730729327711	1.49304e-09
31.298094345589757	1.53637e-09
31.31845791233382	1.57998e-09
31.338821430963677	1.61258e-09
31.359184908245393	1.63525e-09
31.379548373595291	1.64005e-09
31.399911846107827	1.6395e-09
31.42027533663024	1.64256e-09
31.440638864969024	1.62395e-09
31.461002448072534	1.63835e-09
31.481366076926601	1.68381e-09
31.501729727028618	1.69006e-09
31.522093357567218	1.68824e-09
31.54245693915508	1.68367e-09
31.562820469756151	1.66635e-09
31.583183953157157	1.64148e-09
31.603547416865229	1.60703e-09
31.623910892771228	1.59768e-09
31.644274376916581	1.5992e-09
31.664637901141017	1.61673e-09
31.685001468901451	1.64603e-09
31.705365082454122	1.68105e-09
31.725728724496872	1.73318e-09
31.746092355299915	1.73321e-09
31.766455945489476	1.66245e-09
31.78681948414529	1.68725e-09
31.807182976042906	1.68679e-09
31.827546438685353	1.71429e-09
31.847909908332529	1.69687e-09
31.868273388992424	1.651e-09
31.888636902195078	1.6082e-09
31.909000453982117	1.57622e-09
31.929364050449163	1.55123e-09
31.949727681493954	1.54688e-09
31.970091319836328	1.55393e-09
31.99045492777417	1.55917e-09
32.010818480590061	1.55077e-09
32.031181983267793	1.53425e-09
32.051545447767268	1.51777e-09
32.071908910466945	1.50934e-09
32.092272393226914	1.5305e-09
32.112635899908689	1.60017e-09
32.132999446517466	1.71016e-09
32.153363029990324	1.83183e-09
32.173726647004273	1.93474e-09
32.194090277245749	1.92476e-09
32.214453898162198	1.94585e-09
32.234817463349977	1.98628e-09
32.255180974268661	2.04459e-09
32.275544439263712	2.12993e-09
32.29590789308488	2.21657e-09
32.316271372615553	2.22662e-09
32.336634879166908	2.21451e-09
32.356998418754273	2.19751e-09
32.377361991437226	2.21347e-09
32.397725596571597	2.22167e-09
32.418089219122585	2.22832e-09
32.438452845142351	2.23347e-09
32.458816429063369	2.22364e-09
32.479179956321005	2.20594e-09
32.499543430979493	2.1964e-09
32.519906884382515	2.17878e-09
32.54027035472555	2.16383e-09
32.560633859650864	2.17287e-09
32.580997396171533	2.17059e-09
32.601360961253675	2.17642e-09
32.621724556019672	2.18129e-09
32.642088169671162	2.18909e-09
32.662451781608709	2.20957e-09
32.682815376931032	2.24109e-09
32.703178917021681	2.27763e-09
32.723542407112411	2.2702e-09
32.743905864163892	2.22808e-09
32.764269327846783	2.21922e-09
32.784632818593217	2.21978e-09
32.804996355353701	2.21904e-09
32.825359916838835	2.23229e-09
32.84572350506587	2.24409e-09
32.866087112154659	2.26094e-09
32.886450719673952	2.27076e-09
32.906814317370291	2.26822e-09
32.927177873310406	2.23754e-09
32.947541376043965	2.1958e-09
32.967904837004795	2.16869e-09
32.988268294506561	2.1636e-09
33.008631770540099	2.16849e-09
33.028995298909599	2.18421e-09
33.049358863031472	2.209e-09
33.069722448457128	2.22434e-09
33.090086050100041	2.21169e-09
33.110449652861313	2.22151e-09
33.130813246995004	2.2389e-09
33.151176816866048	2.22831e-09
33.1715403311781	2.20046e-09
33.191903797107386	2.19016e-09
33.212267249861625	2.1884e-09
33.232630726931269	2.17312e-09
33.252994243121272	2.16902e-09
33.273357805020318	2.16673e-09
33.293721390941002	2.19875e-09
33.314084991809864	2.23052e-09
33.334448593570443	2.27394e-09
33.354812186461636	2.33626e-09
33.375175756630952	2.34426e-09
33.395539289482258	2.25925e-09
33.415902768628726	2.28162e-09
33.436266224090033	2.41449e-09
33.456629693813483	2.38548e-09
33.476993195667212	2.39339e-09
33.497356752782458	2.35199e-09
33.51772034047346	2.32101e-09
33.538083942457092	2.30699e-09
33.558447544074106	2.32067e-09
33.578811130218412	2.3693e-09
33.599174696168021	2.44073e-09
33.619538239230614	2.43609e-09
33.639901733357902	2.4395e-09
33.660265192902465	2.42012e-09
33.680628657404057	2.41831e-09
33.700992146093988	2.44646e-09
33.72135568862511	2.51859e-09
33.74171927992208	2.61063e-09
33.7620828869075	2.67631e-09
33.782446493696057	2.72316e-09
33.802810083714384	2.78061e-09
33.823173651242627	2.84576e-09
33.843537193214573	2.91026e-09
33.863900701786868	2.90979e-09
33.88426416850367	2.86988e-09
33.904627630249685	2.80346e-09
33.924991121397497	2.79373e-09
33.945354652701489	2.86745e-09
33.965718235514359	2.86977e-09
33.986081843508423	2.882e-09
34.006445452401067	2.87511e-09
34.026809043929454	2.87057e-09
34.047172611331931	2.86924e-09
34.067536149540302	2.88323e-09
34.087899665707049	2.88454e-09
34.10826313855793	2.89313e-09
34.128626597975774	2.89565e-09
34.148990079543786	2.86941e-09
34.169353596538116	2.85902e-09
34.189717163630704	2.86273e-09
34.210080778737996	2.85892e-09
34.230444397737827	2.83262e-09
34.250807999429156	2.84274e-09
34.271171574687841	2.85936e-09
34.29153511645152	2.84197e-09
34.31189863138227	2.82486e-09
34.332262125094203	2.77584e-09
34.352625592125648	2.73463e-09
34.372989070406817	2.72545e-09
34.393352575710423	2.76626e-09
34.413716126078214	2.84234e-09
34.434079729690765	2.94406e-09
34.454443350227919	3.07823e-09
34.474806957928791	3.20731e-09
34.495170539215401	3.19679e-09
34.515534083500555	3.03148e-09
34.535897598551124	3.08878e-09
34.556261096180513	3.04503e-09
34.576624566461938	3.07432e-09
34.596988041795022	3.05887e-09
34.617351539110338	3.02802e-09
34.637715085658932	3.01281e-09
34.658078681241221	3.02971e-09
34.678442308605106	3.05146e-09
34.69880592771046	3.03451e-09
34.719169514695707	3.04403e-09
34.739533064183682	3.05976e-09
34.759896577899568	3.04305e-09
34.780260068573625	3.01091e-09
34.800623542514778	3.01671e-09
34.820987014581092	3.04583e-09
34.841350515775083	3.03764e-09
34.861714054611078	3.02528e-09
34.882077640448017	3.01176e-09
34.902441267104379	2.98843e-09
34.922804902211027	3.00155e-09
34.94316850432503	3.00458e-09
34.963532065900964	2.97986e-09
34.983895584634411	2.98195e-09
35.004259072060215	2.97732e-09
35.02462254540486	2.98713e-09
35.044986017078479	2.98947e-09
35.065349511987897	2.95073e-09
35.085713040643611	2.89005e-09
35.106076614982129	2.88846e-09
35.126440233414669	2.97906e-09
35.146803869453208	2.97241e-09
35.167167481325087	2.99267e-09
35.187531052949829	2.98499e-09
35.207894576650915	2.93091e-09
35.228258068502647	2.93729e-09
35.248621546065884	2.97151e-09
35.268985021138135	2.98574e-09
35.289348513815987	2.97204e-09
35.309712036308703	2.95788e-09
35.330075607047611	2.97708e-09
35.350439217894547	3.05394e-09
35.370802853456993	3.15804e-09
35.391166479728177	3.22697e-09
35.411530060186379	3.23186e-09
35.431893592280744	3.2343e-09
35.452257084131752	3.2328e-09
35.47262055304229	3.21031e-09
35.492984021819126	3.2179e-09
35.513347508534899	3.25382e-09
35.53371103257733	3.28124e-09
35.55407459683267	3.29411e-09
35.574438204215589	3.27446e-09
35.594801839739958	3.25076e-09
35.615165472341694	3.27345e-09
35.635529066311634	3.31988e-09
35.655892609933865	3.35238e-09
35.676256105997041	3.37669e-09
35.696619570751963	3.37177e-09
35.716983040221614	3.37652e-09
35.737346526475989	3.41359e-09
35.757710046027732	3.44601e-09
35.778073604352002	3.46363e-09
35.798437206570007	3.46119e-09
35.81880084046086	3.47992e-09
35.839164489832989	3.49068e-09
35.859528107419642	3.50122e-09
35.879891665365115	3.5124e-09
35.900255169455832	3.48232e-09
35.920618630882949	3.48341e-09
35.940982086134355	3.50095e-09
35.961345571781791	3.49681e-09
35.981709084330461	3.47725e-09
36.002072634526399	3.47603e-09
36.022436231349886	3.47187e-09
36.042799863448479	3.45675e-09
36.063163504300277	3.45682e-09
36.083527134911925	3.45644e-09
36.103890707192313	3.45978e-09
36.124254221581594	3.46334e-09
36.144617692144003	3.4687e-09
36.164981140560805	3.47414e-09
36.185344609215498	3.47462e-09
36.20570811116314	3.48078e-09
36.226071649617353	3.47287e-09
36.246435239003283	3.47628e-09
36.266798865258181	3.47212e-09
36.287162509928223	3.49306e-09
36.307526152197248	3.49305e-09
36.327889747986866	3.49417e-09
36.348253282069756	3.47422e-09
36.368616761375705	3.47583e-09
36.388980206306293	3.50175e-09
36.409343660700138	3.49923e-09
36.429707147066502	3.50539e-09
36.450070684030443	3.51174e-09
36.470434266754282	3.52156e-09
36.490797891344471	3.51759e-09
36.511161540865992	3.52564e-09
36.531525181842007	3.52214e-09
36.551888798397322	3.51179e-09
36.572252354131649	3.47312e-09
36.592615845278075	3.40925e-09
36.612979300691073	3.3164e-09
36.633342745953762	3.2224e-09
36.653706211548062	3.18608e-09
36.674069735386873	3.19264e-09
36.694433311896418	3.16632e-09
36.714796931708364	3.16304e-09
36.735160582717171	3.17196e-09
36.75552423112093	3.17352e-09
36.775887858460599	3.17302e-09
36.796251427490006	3.17288e-09
36.8166149305654	3.15376e-09
36.836978386245477	3.15663e-09
36.85734181950388	3.18875e-09
36.877705279267722	3.18058e-09
36.89806878547396	3.14433e-09
36.918432345507107	3.13969e-09
36.938795959685564	3.2008e-09
36.959159605498314	3.19146e-09
36.979523261145246	3.14923e-09
36.999886902290946	3.1616e-09
37.020250493667774	3.20786e-09
37.040614015258235	3.19988e-09
37.060977479800421	3.20963e-09
37.081340908739513	3.20973e-09
37.101704353691936	3.21138e-09
37.122067838536019	3.20912e-09
37.142431394698129	3.20303e-09
37.162795003753445	3.2157e-09
37.183158652050295	3.2145e-09
37.203522317659854	3.19158e-09
37.223885960705992	3.19357e-09
37.244249565245298	3.2084e-09
37.264613110358312	3.19077e-09
37.284976584134675	3.13105e-09
37.305340021557363	3.13532e-09
37.325703451437533	3.16137e-09
37.346066908207156	3.16035e-09
37.366430436986001	3.15289e-09
37.386794034518587	3.15849e-09
37.407157677576095	3.20676e-09
37.427521347724095	3.19027e-09
37.447885003217067	3.19076e-09
37.468248624069652	3.17408e-09
37.488612182599766	3.15584e-09
37.508975672224445	3.13985e-09
37.529339112058913	3.14184e-09
37.549702530583744	3.16085e-09
37.570065982862587	3.15783e-09
37.590429489502668	3.17802e-09
37.610793075522921	3.17578e-09
37.631156715777415	3.18906e-09
37.651520393957995	3.18902e-09
37.671884067595357	3.20105e-09
37.692247698360276	3.19255e-09
37.712611275591613	3.14924e-09
37.732974788574467	3.1622e-09
37.75333823780614	3.16355e-09
37.773701650449041	3.16377e-09
37.79406508332508	3.16647e-09
37.814428561735717	3.16545e-09
37.834792121806323	3.16368e-09
37.855155752642602	3.18347e-09
37.8755194222977	3.182e-09
37.895883104310194	3.18389e-09
37.916246752470073	3.18188e-09
37.936610350320557	3.17538e-09
37.956973883091102	3.17549e-09
37.977337346994616	3.14582e-09
37.99770077295517	3.06131e-09
38.018064192920335	2.9529e-09
38.038427644010547	2.95558e-09
38.058791174351285	3.06727e-09
38.079154787874671	3.05323e-09
38.099518453396939	2.9776e-09
38.119882143939066	2.9873e-09
38.140245809304602	2.9665e-09
38.160609428410574	2.96799e-09
38.180972973914336	2.96714e-09
38.201336454673687	2.94676e-09
38.221699883051336	2.94851e-09
38.242063289404307	2.94696e-09
38.262426733590786	2.94919e-09
38.282790237013465	2.98444e-09
38.303153826396304	2.98573e-09
38.323517486824095	2.99899e-09
38.343881186093626	3.01895e-09
38.36424487333597	3.05589e-09
38.38460850633993	3.05273e-09
38.404972074930832	3.00084e-09
38.425335572599344	3.00738e-09
38.445699012472097	3.00047e-09
38.466062413919701	3.00222e-09
38.486425838036261	3.00699e-09
38.506789311466626	3.00773e-09
38.527152872607985	3.00655e-09
38.547516515274758	3.03654e-09
38.567880216151998	3.03537e-09
38.58824391882041	3.03356e-09
38.608607574849806	3.0295e-09
38.628971168172299	3.01262e-09
38.649334685653564	3.02012e-09
38.669698137187552	3.02156e-09
38.690061538461677	3.02114e-09
38.710424945088178	3.00872e-09
38.73078840926852	3.01701e-09
38.751151944648186	3.05638e-09
38.77151556338918	3.04591e-09
38.791879248503875	3.04748e-09
38.812242955058323	3.04831e-09
38.832606627933359	3.04814e-09
38.852970244933687	3.04949e-09
38.873333779498601	3.04934e-09
38.893697243112555	3.01356e-09
38.914060650638397	3.01541e-09
38.934424045550308	3.02382e-09
38.954787485416233	2.9854e-09
38.975150990315939	2.93357e-09
38.995514580159778	2.93361e-09
39.015878251342912	2.92457e-09
39.036241968124166	2.92141e-09
39.05660566493308	2.92834e-09
39.076969297762268	2.92134e-09
39.09733285748483	2.89199e-09
39.117696339893982	2.89594e-09
39.138059769897254	2.89384e-09
39.158423168275519	2.89683e-09
39.178786593294895	2.89786e-09
39.199150071306121	2.89757e-09
39.219513639615137	2.89762e-09
39.239877290134309	2.93271e-09
39.260241007262657	2.93119e-09
39.280604720499305	2.92302e-09
39.300968377535071	2.96053e-09
39.321331962909277	3.01033e-09
39.34169546503513	3.00916e-09
39.362058899498166	3.01867e-09
39.382422295032171	3.02217e-09
39.402785699674283	3.0257e-09
39.423149144502062	3.02703e-09
39.443512677864739	3.02691e-09
39.463876298338178	3.05755e-09
39.484239998019646	3.05602e-09
39.504603722191803	3.0572e-09
39.524967403267901	3.05195e-09
39.545331019390375	3.05685e-09
39.565694546320877	3.0567e-09
39.586057998308355	3.01915e-09
39.606421398078297	3.02002e-09
39.62678479495117	3.02893e-09
39.647148240119847	2.99286e-09
39.667511752455489	2.94456e-09
39.687875350300459	2.94638e-09
39.708239026923472	2.93673e-09
39.728602753043887	2.93328e-09
39.748966452469645	2.92924e-09
39.769330096373778	2.92779e-09
39.789693648428269	2.92744e-09
39.810057116799662	2.8953e-09
39.830420518232081	2.89712e-09
39.850783907296531	2.89773e-09
39.87114732915753	2.90293e-09
39.89151080872518	2.91754e-09
39.911874371598927	2.91226e-09
39.932238024797002	2.91179e-09
39.952601742349358	2.91694e-09
39.972965460072196	2.93603e-09
39.993329115595046	2.9237e-09
40.013692694523591	2.87845e-09
