0.012	2.36331e-11
0.0264	2.08913e-10
0.04368	4.78821e-11
0.0642855	1.89744e-10
0.0881494	2.79832e-10
0.115209	3.55342e-10
0.145412	4.04615e-10
0.176419	3.92183e-10
0.206965	3.33897e-10
0.237206	2.77234e-10
0.267275	2.31082e-10
0.297172	1.79623e-10
0.326767	1.32084e-10
0.356065	1.22032e-10
0.385065	1.54227e-10
0.413802	2.67487e-10
0.442322	1.0099e-10
0.470609	-1.15168e-10
0.498713	-5.63056e-11
0.526637	1.24841e-10
0.554397	1.29616e-10
0.582024	1.99579e-10
0.609503	2.07759e-10
0.636859	1.33762e-10
0.664022	8.32676e-11
0.691016	1.75058e-10
0.71784	2.15147e-10
0.74451	2.15253e-10
0.771029	1.89203e-10
0.797406	1.65409e-10
0.823649	1.46595e-10
0.849761	1.31105e-10
0.875753	1.19932e-10
0.901624	1.07262e-10
0.927388	9.55173e-11
0.95304	8.82679e-11
0.978595	8.5712e-11
1.00405	9.17832e-11
1.02941	1.0241e-10
1.05468	1.14797e-10
1.07985	1.16809e-10
1.10493	1.16168e-10
1.12991	1.16292e-10
1.1548	1.15672e-10
1.17961	1.11778e-10
1.20432	1.10504e-10
1.22896	1.00795e-10
1.25352	9.38363e-11
1.27799	8.02425e-11
1.3024	6.64375e-11
1.32673	4.96751e-11
1.35098	3.87942e-11
1.37517	-6.84725e-11
1.3993	-5.14777e-11
1.42335	-4.68733e-11
1.44735	-4.65293e-11
1.47128	-4.49202e-11
1.49515	-4.12342e-11
1.51897	-3.97429e-11
1.54273	-3.58156e-11
1.56643	-3.2703e-11
1.59007	-3.17297e-11
1.61366	-3.01253e-11
1.63718	-2.84133e-11
1.66065	-2.79867e-11
1.68407	-2.6669e-11
1.70743	-2.58048e-11
1.73074	-2.52577e-11
1.754	-2.48103e-11
1.7772	-2.54072e-11
1.80036	-2.53827e-11
1.82347	-2.61454e-11
1.84653	-2.70581e-11
1.86954	-2.92497e-11
1.89251	-3.05918e-11
1.91543	-3.22363e-11
1.93832	-3.43643e-11
1.96115	-3.46563e-11
1.98395	-3.49671e-11
2.006708	-3.60089e-11
2.029425	-3.63273e-11
2.052103	-3.74723e-11
2.074742	-3.90695e-11
2.097341	-4.15533e-11
2.119901	-4.43433e-11
2.142422	-4.77917e-11
2.164905	-5.07965e-11
2.187351	-5.16005e-11
2.209761	-4.96767e-11
2.232135	-4.56123e-11
2.254474	-2.90163e-11
2.276778	-1.63248e-11
2.299048	8.63373e-12
2.321285	3.93927e-11
2.34349	5.1499e-11
2.365662	5.58658e-11
2.387802	5.07288e-11
2.409911	4.9547e-11
2.431987	4.21491e-11
2.454033	3.91726e-11
2.476048	3.55265e-11
2.498033	3.28267e-11
2.519988	3.10154e-11
2.541915	3.0753e-11
2.563812	3.04518e-11
2.585681	3.03204e-11
2.607523	3.06339e-11
2.629337	3.12334e-11
2.651124	3.15129e-11
2.672885	3.1728e-11
2.69462	3.14282e-11
2.716329	2.44209e-11
2.738012	3.1288e-11
2.759671	3.968e-11
2.781305	4.77064e-11
2.802915	5.53227e-11
2.824501	5.90172e-11
2.846063	5.96184e-11
2.867602	5.81241e-11
2.889118	5.2015e-11
2.910612	4.26929e-11
2.932084	3.35478e-11
2.953533	2.84717e-11
2.974961	2.84495e-11
2.996368	1.00472e-11
3.017753	1.31128e-11
3.039118	-1.85194e-11
3.060463	-2.85708e-11
3.081787	-1.89919e-11
3.103092	-2.03814e-11
3.124376	-4.30304e-11
3.145642	-6.19839e-11
3.166888	-6.62896e-11
3.188116	-6.3482e-11
3.209325	-5.85923e-11
3.230516	-5.12871e-11
3.251689	-1.81473e-11
3.272844	-2.74337e-11
3.293982	-3.49072e-11
3.315102	-3.93665e-11
3.336206	-4.05972e-11
3.357293	-4.09034e-11
3.378364	-4.15327e-11
3.399419	-4.10662e-11
3.420458	-4.24538e-11
3.441481	-4.26241e-11
3.46249	-4.34761e-11
3.483483	5.78938e-11
3.504463	6.36814e-11
3.525427	6.41504e-11
3.546378	6.6357e-11
3.567315	6.82871e-11
3.588238	6.88954e-11
3.609148	7.22924e-11
3.630044	7.36376e-11
3.650927	7.40145e-11
3.671797	7.2336e-11
3.692654	6.92678e-11
3.713499	6.42552e-11
3.734332	6.05361e-11
3.755152	5.65479e-11
3.77596	5.75132e-11
3.796755	5.67954e-11
3.817539	6.30963e-11
3.838311	-3.34929e-11
3.859071	-3.06857e-11
3.879818	-3.18375e-11
3.900554	-2.83273e-11
3.921278	-2.73359e-11
3.94199	-2.87178e-11
3.96269	-3.03079e-11
3.983378	-3.31583e-11
4.0040539	-3.14623e-11
4.0247181	1.04799e-10
4.0453707	9.31861e-11
4.0660121	6.93098e-11
4.0866425	5.99727e-11
4.1072621	5.60503e-11
4.1278713	3.14384e-11
4.1484705	-3.87751e-12
4.1690599	-3.82371e-11
4.1896399	-6.3221e-11
4.2102109	-7.50767e-11
4.2307729	-8.35994e-11
4.2513263	-8.58217e-11
4.2718713	-8.65853e-11
4.2924084	-8.99082e-11
4.3129377	-8.46014e-11
4.3334596	-8.62577e-11
4.3539744	-8.10551e-11
4.3744824	-8.17139e-11
4.3949838	-7.74168e-11
4.4154788	-7.79645e-11
4.4359678	-7.44954e-11
4.456451	-7.4164e-11
4.4769286	-7.05636e-11
4.4974008	-7.02557e-11
4.5178679	-6.92504e-11
4.5383301	-6.6494e-11
4.5587876	-6.62347e-11
4.5792406	-6.28458e-11
4.5996894	-6.24378e-11
4.6201341	-6.36407e-11
4.640575	-5.97155e-11
4.6610122	-5.70579e-11
4.6814459	-5.49237e-11
4.7018763	-5.47005e-11
4.7223035	-5.21786e-11
4.7427278	-5.20339e-11
4.7631493	-4.94474e-11
4.783568	-4.98248e-11
4.8039842	-4.76123e-11
4.8243979	-4.85084e-11
4.8448093	-4.5433e-11
4.8652185	9.2857e-11
4.8856256	8.53515e-11
4.9060306	8.24392e-11
4.9264337	8.24891e-11
4.946835	7.59642e-11
4.9672345	7.43861e-11
4.9876323	7.50745e-11
5.0080286	7.01573e-11
5.0284233	6.7941e-11
5.0488167	6.55332e-11
5.0692087	6.35371e-11
5.0895993	6.12537e-11
5.1099888	5.8681e-11
5.1303771	5.67181e-11
5.1507643	5.41793e-11
5.1711504	5.16458e-11
5.1915355	5.12235e-11
5.2119197	4.60775e-11
5.2323029	4.67313e-11
5.2526853	4.30392e-11
5.2730668	4.21815e-11
5.2934476	4.07294e-11
5.3138275	3.74047e-11
5.3342068	3.74516e-11
5.3545854	3.45326e-11
5.3749633	-2.14592e-10
5.3953406	3.83213e-11
5.4157173	-1.40319e-10
5.4360934	2.87174e-11
5.456469	-1.44656e-10
5.4768441	2.88962e-11
5.4972187	-1.31109e-10
5.5175928	-2.05584e-10
5.5379665	-1.86114e-10
5.5583397	-1.6434e-10
5.5787126	-1.63292e-10
5.599085	-1.55038e-10
5.6194571	-1.50211e-10
5.6398288	-1.41874e-10
5.6602002	-1.35202e-10
5.6805713	-1.30174e-10
5.700942	-1.22085e-10
5.7213125	-1.19547e-10
5.7416826	-1.1195e-10
5.7620525	-1.07079e-10
5.7824221	-1.03427e-10
5.8027915	-9.67119e-11
5.8231607	-9.47452e-11
5.8435296	-9.04336e-11
5.8638983	-8.52015e-11
5.8842667	-8.05819e-11
5.904635	-6.56542e-11
5.9250031	-3.38195e-12
5.945371	4.89748e-11
5.9657387	6.48302e-11
5.9861063	3.85639e-11
6.00647367	-5.54932e-11
6.02684089	-5.9536e-11
6.04720797	6.11465e-11
6.0675749	-2.49174e-12
6.08794169	-1.26175e-11
6.10830834	2.09939e-11
6.12867487	5.28579e-11
6.14904127	-7.025e-11
6.16940756	-7.38258e-11
6.18977373	-3.75356e-11
6.21013979	1.3923e-11
6.23050575	3.42895e-11
6.25087161	-7.6804e-12
6.27123737	5.65977e-11
6.29160303	-1.16609e-11
6.31196861	2.05483e-11
6.33233411	-7.47578e-12
6.35269952	2.61817e-11
6.37306485	-2.31387e-11
6.3934301	2.0163e-11
6.41379529	-5.53191e-11
6.4341604	1.90167e-11
6.45452545	-8.95391e-11
6.47489043	1.72433e-11
6.49525535	-1.25139e-10
6.51562022	1.61168e-11
6.53598502	-1.45924e-10
6.55634978	2.23156e-11
6.57671448	-1.73561e-11
6.59707913	-1.27723e-11
6.61744374	-2.87415e-11
6.63780831	1.93937e-11
6.65817283	-1.88148e-11
6.67853732	6.40091e-12
6.69890177	-1.48034e-11
6.71926618	1.27532e-11
6.73963056	-1.01158e-11
6.75999491	-1.14141e-12
6.78035922	5.43172e-13
6.8007235	9.94401e-12
6.82108775	-4.54231e-12
6.84145197	1.02605e-11
6.86181617	-1.04836e-11
6.88218034	-3.9947e-13
6.90254448	-1.15671e-11
6.9229086	-2.43761e-12
6.94327269	-1.29132e-11
6.96363677	-1.37592e-12
6.98400082	-1.58656e-11
7.00436485	-4.00371e-13
7.02472885	-1.75802e-11
7.04509285	-3.88081e-13
7.06545682	-1.83728e-11
7.08582077	-1.07678e-12
7.10618471	-1.91263e-11
7.12654863	-2.04358e-12
7.14691254	-2.0333e-11
7.16727643	-2.90332e-12
7.18764031	-2.13159e-11
7.20800417	-2.54582e-12
7.22836802	-2.16084e-11
7.24873186	-1.84825e-12
7.26909569	-1.92518e-11
7.2894595	-1.62707e-12
7.30982331	-1.50723e-11
7.33018711	-5.77655e-13
7.35055089	-8.91725e-12
7.37091466	-3.35965e-12
7.39127843	-3.08883e-12
7.41164219	-2.57414e-12
7.43200593	-2.95947e-12
7.45236967	-3.92626e-12
7.4727334	-6.56807e-12
7.49309713	-9.72558e-12
7.51346084	-1.39867e-11
7.53382455	-1.15341e-11
7.55418826	-1.5031e-11
7.57455196	-1.50665e-11
7.59491565	-1.44767e-11
7.61527934	-1.67393e-11
7.63564302	-1.92705e-11
7.6560067	-2.06765e-11
7.67637037	-2.28838e-11
7.69673403	-2.14013e-11
7.71709769	-1.99755e-11
7.73746135	-1.79403e-11
7.757825	-1.66517e-11
7.77818864	-1.69806e-11
7.79855229	-1.8993e-11
7.81891593	-2.24105e-11
7.83927957	-2.67421e-11
7.8596432	-3.10544e-11
7.88000684	-3.38901e-11
7.90037046	-3.51072e-11
7.92073409	-3.56377e-11
7.94109771	-3.53142e-11
7.96146133	-3.35199e-11
7.98182494	-2.98698e-11
8.002188551	-2.44397e-11
8.02255216	-1.7893e-11
8.042915766	-1.13561e-11
8.06327937	-6.16846e-12
8.083642972	-3.542e-12
8.104006571	-4.31361e-12
8.124370169	-8.71036e-12
8.144733765	-1.63541e-11
8.16509736	-2.62129e-11
8.185460954	-3.66199e-11
8.205824548	-4.55672e-11
8.22618814	-5.10373e-11
8.246551731	-5.13788e-11
8.266915321	-4.55373e-11
8.287278908	-3.35914e-11
8.307642492	-1.72626e-11
8.328006072	8.56825e-13
8.348369649	1.80746e-11
8.368733224	3.18393e-11
8.389096797	3.98205e-11
8.40946037	4.02185e-11
8.429823944	3.18398e-11
8.450187521	1.50753e-11
8.470551101	-7.88925e-12
8.490914683	-3.38778e-11
8.511278265	-5.91089e-11
8.531641845	-7.94106e-11
8.55200542	-9.05729e-11
8.57236899	-8.82987e-11
8.592732554	-7.07573e-11
8.613096113	-4.02454e-11
8.633459668	-9.2954e-13
8.653823225	4.17649e-11
8.674186786	8.1537e-11
8.694550353	1.11633e-10
8.71491393	1.25145e-10
8.735277513	1.16154e-10
8.755641099	8.38086e-11
8.776004682	3.20837e-11
8.796368257	-3.17331e-11
8.81673182	-9.80999e-11
8.837095369	-1.55986e-10
8.857458906	-1.93793e-10
8.877822438	-2.00531e-10
8.898185973	-1.7046e-10
8.918549517	-1.06677e-10
8.938913079	-1.87038e-11
8.95927666	7.9707e-11
8.97964026	1.72438e-10
9.000003871	-5.14878e-11
9.020367481	-1.97713e-10
9.040731076	4.90635e-11
9.061094641	-3.03572e-11
9.081458172	4.75232e-11
9.101821671	3.28463e-11
9.122185152	-6.13059e-11
9.142548634	-1.74955e-10
9.162912138	5.1888e-11
9.18327568	1.9014e-10
9.203639268	-3.5479e-11
9.224002903	2.08796e-11
9.24436657	-3.18798e-11
9.264730246	2.47384e-11
9.285093899	-2.06795e-11
9.305457494	-1.01616e-12
9.325821017	-2.20174e-11
9.346184486	2.29569e-12
9.36654792	-3.75247e-12
9.386911349	1.53527e-12
9.407274824	-4.23532e-11
9.42763836	1.65924e-12
9.448001951	-2.00615e-11
9.468365589	-5.53844e-11
9.488729255	-1.89342e-12
9.509092905	4.80225e-11
9.529456522	-3.32144e-12
9.549820088	1.10886e-11
9.570183592	6.77932e-11
9.590547057	1.09493e-10
9.610910505	1.06569e-10
9.631273966	1.11474e-11
9.65163748	-8.56437e-11
9.672001057	1.33262e-11
9.692364678	5.07556e-11
9.712728325	-1.72819e-11
9.733091976	6.53845e-12
9.753455593	2.86618e-11
9.773819162	4.54915e-11
9.794182684	5.59422e-11
9.814546158	6.15906e-11
9.834909615	8.84801e-11
9.855273074	1.14956e-10
9.875636563	-2.45583e-11
9.896000112	-1.56951e-10
9.916363724	4.41846e-11
9.936727369	-3.37452e-11
9.957091022	-1.02845e-12
9.977454658	-2.24054e-11
9.9978182462	-3.20832e-11
10.018181781	-2.51873e-11
10.038545276	-2.83038e-11
10.05890874	-3.56074e-11
10.079272183	-1.5649e-11
10.099635651	6.47931e-11
10.119999168	1.58194e-10
10.140362738	-4.23875e-11
10.160726361	4.84748e-11
10.181090022	-3.38931e-11
10.201453664	-9.27703e-11
10.221817265	-1.04399e-10
10.24218082	-9.76765e-11
10.262544327	1.79889e-12
10.282907811	-2.98097e-12
10.303271285	4.87043e-12
10.323634756	3.22684e-11
10.343998258	1.28166e-11
10.364361803	-3.17359e-11
10.384725393	-6.2256e-11
10.40508902	-5.99855e-11
10.425452668	9.81977e-12
10.445816282	3.84836e-11
10.466179847	-2.02684e-11
10.486543366	-3.24043e-12
10.506906848	-1.10169e-12
10.527270312	-6.45982e-12
10.547633798	9.5246e-12
10.567997312	2.79656e-11
10.588360855	4.69195e-11
10.608724435	8.271e-11
10.629088049	-2.26964e-11
10.649451675	-1.15368e-10
10.669815299	3.03322e-11
10.690178877	-2.48427e-11
10.710542403	-6.18483e-11
10.730905881	6.23558e-12
10.751269345	3.34838e-11
10.771632829	-6.38918e-12
10.791996345	-2.48673e-11
10.81235989	1.10386e-11
10.832723468	1.02952e-11
10.853087073	2.35403e-11
10.873450685	5.19326e-11
10.893814294	7.98144e-11
10.914177883	8.62226e-11
10.93454142	4.27984e-11
10.954904909	-3.83436e-11
10.975268378	-1.17133e-10
10.995631848	-1.73513e-10
11.015995343	2.84141e-11
11.036358894	-1.56852e-11
11.056722479	-2.51107e-11
11.077086092	3.85249e-11
11.097449711	-3.25501e-11
11.117813316	-8.05326e-11
11.138176899	-8.58921e-11
11.15854045	-6.82778e-11
11.178903941	-6.35128e-11
11.199267399	-7.31163e-11
11.219630861	-8.76073e-11
11.239994345	-1.03537e-10
11.260357876	-9.9418e-11
11.280721466	-7.85358e-11
11.301085084	-2.52358e-11
11.321448707	3.13248e-11
11.34181232	9.18076e-11
11.362175907	-2.84636e-11
11.382539455	-1.3589e-10
11.402902966	2.81722e-11
11.423266432	-1.14649e-11
11.443629877	3.6728e-11
11.463993347	3.79836e-11
11.484356861	-7.17785e-12
11.504720438	-6.00586e-11
11.525084064	-8.42688e-11
11.545447707	-7.38739e-11
11.565811333	-4.73481e-11
11.586174929	-7.84379e-12
11.606538478	1.95045e-11
11.626901984	2.98447e-11
11.647265457	3.24753e-11
11.667628898	1.97637e-11
11.687992337	3.11968e-12
11.708355824	3.88205e-12
11.728719379	1.59552e-11
11.749082996	2.91529e-11
11.769446651	4.24225e-11
11.789810294	4.1442e-11
11.810173907	3.66498e-11
11.830537468	1.50161e-11
11.850900978	-1.58269e-11
11.871264447	-5.20702e-11
11.891627892	-7.67652e-11
11.911991341	-8.11949e-11
11.932354817	-7.53451e-11
11.952718344	-5.11631e-11
11.973081939	-9.75925e-12
11.99344559434	4.42221e-11
12.01380925529	4.86875e-12
12.03417289179	-4.60208e-11
12.05453648076	-7.28999e-12
12.07490000782	3.41047e-11
12.09526348889	-2.09869e-11
12.11562694407	3.59254e-12
12.13599037609	2.91614e-11
12.15635383144	5.29662e-11
12.17671733008	5.89254e-11
12.19708089675	5.65248e-11
12.21744452651	5.5006e-11
12.23780820658	5.56398e-11
12.25817186695	4.41513e-11
12.27853547415	2.47443e-11
12.29889902237	9.44308e-12
12.31926251112	-1.13909e-11
12.33962596611	-3.5365e-11
12.35998940793	-6.69972e-11
12.38035284084	-9.0533e-11
12.40071631628	-7.77525e-11
12.42107985784	-3.98367e-11
12.44144346227	2.83353e-12
12.46180712183	4.56666e-11
12.48217079302	6.37966e-11
12.50253443125	7.79977e-11
12.52289800715	6.05416e-11
12.54326151994	2.90631e-11
12.56362497754	-9.7518e-12
12.58398841843	-3.88546e-11
12.60435187275	-4.07573e-12
12.62471534467	3.73867e-11
12.64507885982	-1.01525e-11
12.665442439	1.6805e-11
12.68580607513	3.87283e-11
12.7061697389	4.30281e-11
12.72653339076	5.90067e-11
12.74689698692	4.856e-11
12.76726052176	2.44937e-11
12.78762399747	-1.09438e-11
12.80798744572	-4.77462e-11
12.82835090632	-1.08882e-11
12.84871437559	4.1149e-11
12.86907787691	5.67641e-12
12.88944143612	1.6449e-11
12.90980505083	1.70901e-11
12.93016869997	4.99881e-12
12.95053235982	-7.25798e-12
12.97089597196	-2.97162e-11
12.9912595269	-3.20194e-11
13.01162302148	-2.11379e-11
13.03198648033	-1.61135e-11
13.05234994077	-1.87054e-11
13.07271341256	-3.44813e-11
13.09307690579	-5.18961e-11
13.11344044901	-3.02389e-11
13.13380404338	5.96089e-12
13.15416767578	1.56556e-11
13.17453132941	-2.66672e-12
13.19489495271	-2.67022e-11
13.21525852353	-2.61489e-11
13.23562203445	-1.51913e-11
13.25598550384	-2.44853e-11
13.27634896623	-1.6491e-11
13.29671244231	2.57155e-11
13.31707593321	-7.81737e-13
13.33743946613	-1.72198e-11
13.35780304472	-6.61985e-12
13.37816666195	4.68157e-12
13.39853029428	1.91159e-11
13.41889392135	4.90146e-11
13.43925750265	7.27738e-11
13.45962102575	8.46575e-11
13.47998450311	5.76607e-11
13.5003479667	-5.77103e-12
13.52071143701	-4.18371e-11
13.54107493074	-4.86166e-12
13.56143845968	1.5292e-12
13.58180202889	1.11753e-11
13.60216563541	3.05452e-11
13.62252925954	2.01084e-11
13.64289288686	-2.04669e-11
13.6632564835	-1.06415e-11
13.68362002358	-6.51212e-12
13.70398351206	1.01093e-11
13.72434697794	-7.0398e-12
13.74471044149	-6.76478e-12
13.76507393006	-9.27059e-12
13.7854374548	3.54074e-12
13.80580101807	2.7022e-11
13.82616461551	3.40387e-11
13.8465282397	2.99272e-11
13.86689186547	1.01166e-11
13.88725547992	1.83752e-11
13.90761903678	1.09773e-12
13.92798253824	-6.11992e-12
13.94834600806	-1.9036e-11
13.96870946542	-8.24251e-12
13.98907293789	3.43603e-13
14.0094364577312	1.67404e-11
14.0298000130973	3.93202e-11
14.0501636013946	4.09883e-11
14.0705272175708	3.05272e-11
14.0908908398268	2.46294e-11
14.1112544558006	-3.91344e-12
14.131618032832	-7.05744e-11
14.1519815536864	-9.81476e-11
14.1723450349716	-9.93244e-11
14.1927085077246	-8.96056e-11
14.2130719896849	-7.86881e-11
14.2334355040105	-7.37235e-11
14.2537990549689	-2.4239e-11
14.2741626356452	1.7149e-11
14.2945262384683	1.34538e-11
14.31488985414	-1.76429e-11
14.3352534688751	2.14439e-12
14.3556170600466	1.29184e-11
14.3759805997988	-1.40883e-11
14.3963440939232	-2.27943e-12
14.4167075575528	3.40088e-11
14.4370710296378	-3.79718e-12
14.4574345273653	-3.92451e-11
14.4777980714691	-2.65946e-11
14.4981616426774	-3.59332e-11
14.5185252369021	-2.68942e-11
14.5388888459439	-3.90409e-12
14.5592524577909	2.8777e-12
14.5796160513772	-2.25142e-11
14.5999796099103	3.13951e-12
14.6203431219358	3.02837e-11
14.6407065980394	-1.17146e-11
14.661070072973	-6.44483e-12
14.6814335632932	9.41025e-13
14.7017970968586	4.35726e-11
14.7221606625634	4.61708e-11
14.7425242495702	5.18473e-11
14.7628878511626	5.18758e-11
14.7832514573138	4.86401e-11
14.8036150489136	2.44651e-11
14.8239786175551	-2.39019e-11
14.8443421450529	-4.97857e-11
14.864705633971	-4.54346e-11
14.8850691134089	-2.67303e-11
14.9054325990543	9.3337e-12
14.9257961207536	4.24098e-11
14.946159684211	7.54907e-11
14.9665232657805	8.13259e-11
14.9868868609564	6.74789e-11
15.0072504552867	1.4607e-11
15.0276140424889	-5.99021e-12
15.0479776114859	1.06591e-11
15.0683411540567	5.26176e-11
15.0887046650757	5.4948e-11
15.1090681553673	4.26641e-11
15.1294316430273	2.25061e-11
15.1497951588092	2.2462e-11
15.1701587138572	5.33123e-11
15.1905222925003	6.30146e-11
15.2108858824712	3.92548e-11
15.2312494716142	2.4619e-11
15.2516130543978	-1.35139e-11
15.2719766214649	2.79679e-12
15.2923401732238	-6.94789e-12
15.3127036979845	-2.67863e-11
15.3330672000747	-3.22287e-11
15.3534306944438	-4.5827e-13
15.3737942095462	5.9079e-11
15.3941577577945	-1.19158e-11
15.4145213355139	1.09933e-11
15.4348849216765	-2.51088e-12
15.45524850525	1.20173e-11
15.4756120814072	1.12114e-11
15.495975642631	-1.39166e-11
15.5163391908779	-5.58366e-11
15.5367027230994	-5.9542e-11
15.5570662339046	-2.08839e-11
15.5774297450285	-2.44858e-11
15.5977932655151	-1.30046e-11
15.6181568125271	4.41824e-11
15.6385203870374	7.25379e-11
15.6588839749237	4.47237e-11
15.6792475573766	1.64866e-11
15.6996111267042	3.51113e-11
15.7199746823757	-1.815e-11
15.7403382259043	1.00064e-11
15.7607017621585	1.55077e-11
15.7810652801503	3.32647e-11
15.8014287964864	-1.00779e-11
15.821792319031	-2.81552e-11
15.8421558642616	-3.20108e-12
15.8625194337963	5.15853e-11
15.882883019138	6.92135e-11
15.9032465996451	3.92675e-11
15.9236101656193	2.92649e-11
15.9439737165965	-6.01446e-12
15.9643372553651	-8.54112e-11
15.9847007880873	-1.25097e-10
16.005064314530316	-9.37581e-11
16.025427839609687	-5.25888e-11
16.04579137674909	-2.74802e-11
16.066154928540364	5.75608e-11
16.086518499374051	-1.09636e-11
16.10688208618156	-1.03883e-10
16.127245666527617	8.77586e-12
16.147609230362654	1.5502e-11
16.167972775362568	1.13559e-11
16.188336305943039	-4.53886e-12
16.208699829769682	-2.06641e-12
16.229063362225954	-3.97087e-11
16.249426892833952	-4.86225e-11
16.26979043628527	-1.20968e-11
16.290153994274586	1.00882e-11
16.310517569997717	-2.40088e-12
16.330881159280445	-2.13987e-12
16.351244750972302	8.27683e-13
16.371608318197907	-1.66987e-11
16.39197185989423	7.20778e-12
16.412335382109532	4.44397e-12
16.432698893389571	5.55354e-12
16.453062413546668	-5.8349e-12
16.473425948927133	-1.15552e-11
16.493789494909741	1.08487e-11
16.514153057483711	-6.54814e-12
16.534516639141877	-3.17502e-12
16.554880230238282	9.70128e-13
16.575243823183683	1.29772e-11
16.595607394502302	-4.86915e-12
16.615970935547551	-3.82528e-11
16.636334451774388	-3.49612e-11
16.656697958581017	2.51129e-12
16.677061467975005	-4.82722e-12
16.697425000215073	-2.71223e-11
16.717788545713017	-1.3444e-11
16.738152114435053	-7.52672e-12
16.7585157023994	3.10119e-11
16.778879305258897	-7.09741e-12
16.799242907282778	-3.83894e-11
16.819606488282375	-1.99955e-11
16.839970036551211	-8.28935e-13
16.860333552418282	2.03426e-11
16.880697050888323	1.85046e-11
16.901060555309918	-2.22955e-11
16.921424077232807	-3.85406e-11
16.941787618659045	-1.30769e-11
16.962151186926544	-2.96334e-11
16.982514777911007	-2.054e-11
17.002878382193554	-5.34289e-12
17.023241989741933	-2.19261e-11
17.04360558048392	1.12583e-11
17.063969136288385	1.09743e-11
17.084332654687227	5.72541e-12
17.104696146418927	-3.28055e-12
17.125059636619341	-1.9141e-13
17.14542313992623	-5.80033e-12
17.165786670837196	2.04856e-11
17.186150233136328	3.92211e-11
17.206513824231038	4.84197e-11
17.226877433842162	4.22416e-11
17.247241051135862	-2.9763e-12
17.267604653008632	-1.9554e-11
17.287968219559257	8.19108e-12
17.308331745606385	2.44057e-11
17.328695236693456	3.53956e-11
17.349058718163192	9.42995e-12
17.369422207417781	-8.8492e-12
17.389785734480775	-3.76906e-11
17.410149294179377	-3.22461e-11
17.430512887223482	-2.55079e-11
17.450876503864535	7.78096e-12
17.471240124672097	-7.19285e-12
17.49160373716294	-1.86721e-11
17.511967326855	7.04484e-12
17.532330865303908	9.61602e-12
17.552694362811767	3.9587e-12
17.573057836411969	-3.85849e-11
17.593421307358419	1.01057e-11
17.613784812519363	6.16322e-11
17.634148365895022	-1.63968e-11
17.65451195338137	-1.77508e-12
17.674875570982135	-6.74068e-13
17.695239199312432	1.32154e-12
17.715602823160292	-2.36047e-11
17.735966415826166	-6.56093e-12
17.756329966833551	-6.60321e-12
17.776693468844488	1.02256e-11
17.797056936834789	1.07072e-11
17.817420405019448	2.479e-12
17.837783892424273	2.62746e-11
17.858147429748726	2.32628e-11
17.878511009679787	2.43054e-11
17.898874626701371	1.92169e-11
17.919238263361208	2.81017e-11
17.939601891934981	7.585e-14
17.959965498946893	-1.76961e-11
17.980329070417046	4.90254e-12
18.000692586686572	1.7675e-12
18.021056058558223	-7.65295e-12
18.041419518504881	-2.99432e-11
18.061783002703194	-7.47636e-11
18.082146524728248	-7.64158e-11
18.102510096680152	-2.66306e-11
18.122873709516856	-1.93249e-11
18.143237348939454	6.20254e-12
18.163600986634325	-3.96455e-12
18.183964606603347	-3.67873e-11
18.204328182843785	-2.8132e-11
18.224691711820988	-2.28222e-11
18.245055187587646	-1.79033e-11
18.265418638606299	-3.38571e-11
18.285782104381052	2.2912e-12
18.306145602653789	2.86111e-11
18.326509152774403	-4.88031e-13
18.346872758864571	1.80893e-12
18.367236400991022	8.85475e-12
18.38760005104929	2.6952e-11
18.407963677795411	-3.49121e-12
18.428327269705346	-3.11934e-11
18.448690815872759	3.39153e-12
18.469054308111442	-1.66853e-13
18.489417761853009	-1.88703e-12
18.509781217426724	3.35899e-13
18.530144696567966	-1.21754e-12
18.550508234382271	-2.02318e-12
18.570871830881437	2.20962e-11
18.591235471593642	-6.03572e-13
18.611599130648568	8.92895e-12
18.631962773106508	5.96913e-11
18.65232638325195	7.30339e-11
18.672689945657726	5.27554e-12
18.693053451693164	-8.6429e-11
18.713416916117637	1.38209e-11
18.733780362846996	6.7227e-11
18.754143820792596	-1.56029e-11
18.774507333772565	1.37362e-11
18.79487090765868	-1.77587e-12
18.815234536183535	3.10193e-12
18.835598194881722	2.74365e-12
18.855961847689553	-2.47459e-12
18.876325475301879	3.48708e-13
18.896689048415144	2.05483e-12
18.917052568656807	-2.14493e-11
18.937416033383958	1.06048e-12
18.957779471345752	-9.37642e-12
18.978142926667076	5.35828e-12
18.998506419082386	1.78054e-11
19.018869969709424	-6.91334e-12
19.039233588982782	-3.00706e-12
19.059597249947831	5.45559e-12
19.079960915854745	2.53126e-11
19.100324550297486	-9.53419e-12
19.12068814081254	-4.12493e-11
19.141051676253102	1.06092e-11
19.161415159825257	1.41676e-12
19.181778602308832	-4.88474e-12
19.202142048347902	8.80766e-13
19.222505521441327	-2.23086e-12
19.242869059343374	-1.76655e-12
19.263232662128292	2.52119e-11
19.283596321755777	-5.9962e-13
19.303959998235012	6.97441e-12
19.324323650957361	5.83129e-11
19.344687262713553	7.20305e-11
19.365050816989946	3.43065e-12
19.385414310316893	8.64917e-12
19.405777756082614	7.35134e-12
19.426141190358308	-1.36815e-11
19.446504657601846	-6.2405e-11
19.466868173575662	-6.67251e-11
19.487231753884561	-4.90072e-12
19.507595396759108	-6.93928e-12
19.527959073033518	-1.08503e-11
19.548322737534924	-2.66565e-12
19.568686368770202	-2.68123e-11
19.589049935808166	-6.5021e-13
19.609413441892517	-9.50981e-12
19.629776895323829	2.29467e-12
19.650140324085889	-1.86707e-11
19.670503774254556	1.11668e-11
19.690867266152907	3.66508e-11
19.711230821323472	-9.96098e-12
19.73159444925788	-2.45242e-13
19.751958129550523	1.165e-11
19.772321811423804	3.08259e-11
19.792685453987765	-1.21189e-11
19.813049044105917	-5.0826e-11
19.833412570544095	1.33254e-11
19.853776041146514	-8.04636e-13
19.874139476399382	-9.92939e-12
19.894502917532012	1.96352e-12
19.914866389010324	1.10808e-12
19.935229917975168	-3.71624e-12
19.955593524848609	2.46451e-11
19.975957187774572	-1.95427e-12
19.996320874733271	9.5468e-12
20.016684550120743	-2.47948e-12
20.037048167043981	-1.67882e-11
20.057411710621192	-2.76847e-14
20.077775192388618	-2.16654e-11
20.098138628917507	1.11123e-11
20.118502059399074	3.36505e-12
20.138865508986495	-1.33518e-12
20.159229023465087	-2.62709e-12
20.179592607100602	2.55466e-11
20.199956255604565	-9.19159e-13
20.220319945486132	2.94133e-12
20.240683620766543	-1.79289e-12
20.261047257663286	4.63047e-12
20.281410832167804	9.59272e-13
20.301774331879244	-3.43431e-11
20.322137783429373	-8.06846e-11
20.342501213903304	-1.02153e-10
20.362864648280748	3.37063e-12
20.383228138828642	9.03169e-11
20.403591704894403	1.0531e-10
20.423955336667486	1.03534e-10
20.444319020110335	-1.4226e-11
20.464682706780074	-1.74956e-12
20.4850463639211	-3.30014e-12
20.505409951332151	5.33032e-12
20.525773468251913	3.56458e-12
20.546136926719758	-2.59566e-12
20.566500353084983	-4.97916e-12
20.58686379300913	2.32969e-12
20.60722726687111	2.35646e-12
20.627590801128761	6.79423e-13
20.64795441391718	2.85872e-11
20.668318080979176	7.324e-11
20.688681773855972	9.8558e-11
20.709045453473365	-6.7675e-12
20.729409068646017	5.98744e-12
20.749772611419541	-1.80221e-11
20.770136084134176	1.20265e-11
20.790499510875151	3.46251e-11
20.810862941363315	2.33878e-11
20.831226395769434	-1.23995e-11
20.851589903591321	-1.10264e-11
20.871953493155498	3.02767e-11
20.892317147946429	-1.35499e-11
20.91268084099665	4.87612e-13
20.933044522143433	-1.50932e-11
20.953408158996417	-1.25595e-11
20.973771726877139	7.14177e-13
20.994135216182315	-2.93992e-12
21.014498647231765	-1.04595e-11
21.034862066938341	-2.71509e-11
21.055225523493107	1.35171e-11
21.075589028270947	4.45823e-11
21.09595260010617	-7.65177e-12
21.11631624217042	1.53716e-12
21.13667993192826	9.23115e-12
21.157043622219458	-1.35733e-12
21.177407283408883	5.23343e-12
21.197770879675883	3.71241e-12
21.218134389519353	-2.98196e-11
21.238497836775693	4.71082e-12
21.258861251796009	-2.50119e-12
21.279224689518124	7.92401e-12
21.299588170345064	5.23741e-12
21.319951714716868	-1.99065e-12
21.340315336185814	8.01973e-13
21.360679016026531	7.02312e-12
21.381042711383849	2.28655e-11
21.401406374446395	-1.40942e-11
21.421769982472028	-4.21928e-11
21.442133515127527	6.18796e-12
21.462496976693785	-1.65089e-12
21.482860393048234	-7.30896e-12
21.503223817820857	9.6795e-13
21.523587279345897	-6.16282e-12
21.543950801098713	-2.93896e-12
21.564314404308888	3.18422e-11
21.584678068102271	-5.55691e-12
21.60504176411683	5.18583e-13
21.625405459474745	-2.10068e-12
21.645769099746477	-8.3331e-12
21.666132665713675	2.95487e-12
21.686496148420083	-1.33949e-12
21.706859570535677	-8.69995e-12
21.727222982663253	2.96316e-12
21.747586416941004	-8.20765e-12
21.767949909192897	-1.04937e-12
21.788313486009717	3.07975e-11
21.808677133241211	6.86667e-11
21.82904082416303	-1.07778e-11
21.84940450995434	-4.34223e-12
21.869768163850789	6.69293e-12
21.890131757987671	2.93199e-13
21.910495265390686	-2.41103e-11
21.930858711015972	2.39837e-11
21.951222125836654	1.99941e-11
21.971585546894623	-4.63795e-12
21.991949032552363	6.39706e-12
22.012312594521671	-3.15697e-12
22.032676231675797	-9.73378e-13
22.053039921498861	4.8174e-12
22.073403617439212	-3.86579e-12
22.093767290316517	8.16393e-12
22.11413090833793	-9.55855e-14
22.134494442141261	-3.32018e-11
22.154857900803545	-7.19972e-11
22.175221313392186	-1.02159e-10
22.195584715794094	1.20434e-11
22.215948170867208	-1.02683e-11
22.236311697438328	7.03763e-12
22.256675313076805	-1.97349e-12
22.277038993220245	3.26189e-12
22.297402693861933	-5.15041e-12
22.317766383220821	1.21453e-11
22.338130025571573	-6.75206e-13
22.358493582187311	-3.12842e-11
22.378857061052425	-5.88095e-11
22.399220481773654	9.48173e-12
22.419583895858359	7.71874e-12
22.439947335198902	-5.82482e-12
22.460310834521337	1.60664e-13
22.480674424477382	2.17392e-11
22.501038087444623	-2.05347e-11
22.521401788752353	-9.68199e-12
22.541765492376552	2.71391e-12
22.562129139950628	-5.35664e-12
22.582492716432704	2.20635e-12
22.602856210030499	9.24639e-13
22.623219640807665	-4.9377e-13
22.643583051397837	3.08408e-12
22.663946473054299	-1.8351e-11
22.684309943929183	-1.75123e-13
22.704673505427493	3.66477e-11
22.725037149903759	6.76765e-11
22.745400850564987	-1.25561e-11
22.765764552275609	-6.06428e-12
22.786128222006329	1.18476e-11
22.806491828034719	4.11744e-13
22.826855346473121	-2.63532e-11
22.847218799590618	1.37086e-11
22.867582217501894	3.74867e-12
22.887945634097271	-1.3873e-12
22.908309106293434	6.67223e-12
22.92867264901551	-1.4788e-12
22.949036275302998	-6.80111e-13
22.969399965008808	7.81103e-12
22.989763671657332	-5.0298e-12
23.010127361297862	9.45673e-12
23.030490993522683	8.59688e-13
23.050854533067184	-3.01452e-11
23.071217994148828	-6.20688e-11
23.091581405819909	-9.68594e-11
23.111944803823064	1.36753e-11
23.132308252160367	-6.55168e-12
23.152671765690044	6.87126e-12
23.173035367031051	-1.26639e-14
23.193399040358599	-1.0128e-12
23.213762745133188	-3.22894e-12
23.234126447919824	2.41263e-11
23.25449010954231	1.31058e-12
23.274853677613862	-3.67356e-11
23.295217156919623	-5.88261e-11
23.315580573516542	1.23551e-11
23.335943981323261	9.30011e-12
23.356307414132171	-1.14014e-11
23.37667090907922	-1.2954e-12
23.397034492955648	2.29401e-11
23.417398150314526	-1.02829e-11
23.437761852332706	7.30669e-12
23.458125564408579	1.34609e-12
23.478489225051852	-5.33363e-12
23.498852815992024	1.17542e-12
23.519216312847252	-3.58475e-12
23.539579735056286	7.02277e-13
23.559943132218134	1.70029e-12
23.580306540359711	-2.5594e-11
23.600670001421321	-2.05442e-12
23.62103356212419	3.70991e-11
23.641397207797173	6.02212e-11
23.661760910283551	9.30282e-11
23.682124636277155	-1.72091e-11
23.702488321250797	3.6616e-12
23.722851940926763	-5.72702e-12
23.743215467303472	-1.06704e-12
23.76357890781405	-1.61204e-13
23.783942303927983	9.11427e-13
23.804305693568754	3.52054e-12
23.824669145037038	5.55076e-12
23.845032677024168	1.71129e-13
23.86539630690309	3.98177e-12
23.885760004833365	4.31444e-11
23.906123740626054	-1.1406e-12
23.926487447230215	-1.89783e-11
23.946851076301261	-9.24333e-12
23.967214620869765	-1.89462e-11
23.987578078687442	6.58814e-12
24.007941474296214	-6.22125e-12
24.028304869266204	-1.02387e-12
24.048668298354464	-1.79527e-11
24.069031799320179	-5.77369e-12
24.089395403838481	4.44427e-12
24.109759093951048	5.33649e-13
24.130122817491152	4.99687e-14
24.150486536959775	3.0756e-11
24.170850209303936	3.00593e-12
24.191213782934252	-3.65655e-11
24.211577260378977	9.41505e-12
24.231940667272966	3.30366e-12
24.252304030937584	1.60576e-11
24.27266742773709	1.12897e-12
24.29303088959303	-1.01024e-11
24.313394460327938	6.79359e-12
24.333758126194521	-3.44097e-13
24.354121850063009	3.7143e-11
24.374485586972728	8.77954e-13
24.394849266520666	-3.06887e-12
24.415212866213007	1.33524e-12
24.435576364518589	-7.4406e-12
24.455939782519607	-4.79111e-11
24.476303145141401	1.1411e-12
24.496666523707098	1.84923e-11
24.517029980765866	9.76792e-12
24.537393530153125	1.53039e-11
24.557757183072273	-6.01414e-12
24.578120913468052	1.06868e-11
24.598484651143629	1.88043e-12
24.618848355032487	2.15882e-11
24.639211984905074	6.52228e-12
24.659575505640507	-9.19644e-12
24.679938933285644	2.40543e-13
24.700302313586253	-1.6834e-12
24.720665679601389	5.30438e-12
24.741029108276663	1.00397e-11
24.761392622853592	8.30606e-13
24.781756249522203	8.39904e-12
24.802119966137091	4.85616e-11
24.822483739195025	-1.74637e-12
24.842847480441502	-2.01881e-11
24.863211130155808	-1.00872e-11
24.883574677830214	-1.50909e-11
24.903938118685954	6.6017e-12
24.924301489587016	-1.05449e-11
24.944664857588347	-2.56727e-12
24.965028257237616	-2.21506e-11
24.985391733923858	-5.95827e-12
25.005755331007084	8.73385e-12
25.026119032656361	-6.33623e-14
25.046482791358319	2.13562e-11
25.066846529128842	-4.43176e-12
25.087210206546306	-6.49992e-12
25.107573787465157	8.63093e-13
25.127937252401914	-8.47109e-12
25.148300628919007	-4.95006e-11
25.168663956002622	6.65888e-12
25.189027313091845	2.92244e-11
25.209390767273558	8.69261e-12
25.229754330779979	-5.72652e-12
25.250118010659651	2.24546e-12
25.270481772583135	5.00392e-11
25.290845570645399	-3.53828e-12
25.311209307111348	2.42452e-12
25.331572949001824	-2.13193e-12
25.35193645723302	-2.7385e-11
25.372299860795703	7.06854e-12
25.392663204515063	-1.01496e-11
25.413026535971451	2.3823e-11
25.433389941821957	7.77244e-13
25.453753449337011	-3.83889e-12
25.474117088525951	2.28522e-12
25.494480833022898	4.83252e-11
25.514844645433637	-6.21851e-12
25.535208425378862	-2.58106e-11
25.555572098340242	-1.15061e-11
25.575935651126475	-1.23934e-11
25.596299076349741	5.21186e-12
25.616662413782411	-1.82447e-11
25.637025744395114	-4.79909e-14
25.657389107638647	-1.38334e-11
25.677752556723014	1.03749e-12
25.698116145452584	4.08412e-12
25.718479857862278	4.2595e-11
25.738843666344923	-3.57683e-12
25.759207478527276	-1.08694e-11
25.779571202936921	-7.58287e-12
25.799934813981277	5.9312e-13
25.820298285132495	-6.7134e-12
25.840661646552995	-5.02284e-11
25.861024940033911	2.71647e-12
25.881388256413263	1.92007e-11
25.901751672720469	-1.1373e-11
25.92211520757122	1.75564e-11
25.942478876291563	-1.44449e-11
25.962842649415744	-9.29395e-12
25.983206446696908	3.35067e-11
26.003570207336136	7.41648e-11
26.023933877493128	1.97923e-13
26.044297405037394	2.3859e-12
26.064660806841896	-3.46886e-11
26.085024112324486	1.086e-11
26.105387408624846	1.9153e-11
26.125750778628653	1.87509e-11
26.146114253525365	8.44195e-13
26.166477873326201	2.75037e-12
26.186841613372415	4.35223e-11
26.207205438158997	-3.91171e-12
26.227569247303006	5.8164e-12
26.247932986897357	-8.52987e-12
26.268296585461627	-3.22747e-11
26.288660043674508	-5.36877e-11
26.309023399778891	-9.96053e-11
26.329386700808669	2.65202e-11
26.349750033870851	-1.40587e-11
26.370113443801682	5.96459e-12
26.390476994578464	1.12207e-12
26.41084067647148	3.14061e-11
26.431204469883731	-3.80548e-12
26.451568291574503	-3.01591e-12
26.471932043805786	-5.73767e-12
26.492295694091176	1.17906e-12
26.512659203631063	-5.97852e-12
26.533022595620114	-4.60909e-11
26.553385904383227	3.74509e-12
26.573749213967687	-6.34935e-12
26.594112569758529	8.66129e-12
26.614476053178155	3.02116e-11
26.634839677702924	5.22397e-11
26.655203412734359	9.7192e-11
26.675567220104927	-2.60357e-11
26.695931000218383	1.48782e-11
26.716294706606046	-3.58171e-12
26.736658280016631	-1.50672e-11
26.757021728910257	-4.45619e-11
26.777385072563092	-7.81814e-11
26.797748386361878	-1.07566e-10
26.818111744614686	4.63357e-12
26.838475183490907	-3.81708e-12
26.858838739847492	7.73544e-12
26.879202426747749	3.65384e-12
26.899566208214292	1.07256e-11
26.919930002722523	-7.71271e-12
26.940293752598766	-2.81079e-11
26.960657385135985	-2.89048e-11
26.981020895167685	-4.97586e-11
27.001384287142127	-8.16382e-11
27.021747617257077	-1.13441e-10
27.04211096220418	9.05729e-12
27.06247435828827	1.03526e-10
27.082837851078175	-1.04843e-11
27.10320147657767	2.69626e-11
27.123565210290774	-9.91061e-12
27.143928992399459	-1.05633e-11
27.164292735452808	-1.5814e-11
27.184656402444293	-1.67057e-11
27.205019961888436	1.38228e-11
27.225383406562791	-6.31493e-12
27.245746770410019	-3.46432e-11
27.266110123283976	4.26726e-12
27.286473498208132	4.26467e-11
27.306836968559203	5.31011e-11
27.327200544708514	7.31083e-11
27.347564231651692	9.66989e-11
27.367927990529147	1.1978e-10
27.38829174498094	-1.86772e-11
27.408655447189744	-1.27909e-10
27.429019058382128	3.07e-11
27.449382552002394	-1.38502e-11
27.469745952134183	3.83698e-11
27.490109314386856	-2.4992e-12
27.510472677147	-5.09796e-11
27.530836085484637	-5.33075e-11
27.551199603956618	-2.99739e-11
27.571563236453809	1.38035e-11
27.591926953986086	4.6255e-11
27.612290699546254	-4.81056e-12
27.632654421144462	-2.81322e-11
27.653018073273753	1.51377e-11
27.67338161540232	-1.63377e-11
27.693745060200381	-5.13247e-11
27.714108447554931	-7.85692e-11
27.734471840596786	1.51056e-12
27.754835264038594	6.13185e-11
27.775198755595191	6.591e-13
27.795562348963127	2.27721e-11
27.815926028744183	3.90089e-11
27.83628975410431	4.546e-12
27.856653481061898	-3.11625e-12
27.877017158745478	-4.41135e-13
27.897380737335737	-1.08515e-11
27.917744219770221	-1.33809e-11
27.938107633615708	-3.42941e-12
27.958471013704628	1.35126e-11
27.978834420132504	1.86274e-12
27.999197878429207	4.38359e-12
28.019561430360074	3.22558e-11
28.039925068820654	7.02957e-11
28.060288767770952	-2.01674e-11
28.080652492707582	-8.03375e-11
28.101016190553946	2.4426e-11
28.121379803878	1.24297e-10
28.141743323350173	-2.57796e-11
28.162106769211185	3.10774e-11
28.182470167988441	-8.50256e-12
28.202833580034152	1.43467e-11
28.22319702465478	3.92823e-11
28.243560548692106	5.50754e-11
28.263924152526943	6.58651e-11
28.284287823138722	-7.45928e-12
28.304651531360612	-5.12374e-11
28.325015236491904	5.22828e-12
28.345378872169842	6.17068e-11
28.365742419934922	-8.41271e-12
28.386105892711281	1.00382e-11
28.406469310055357	2.22751e-11
28.426832725349826	-5.3337e-12
28.447196163690268	-1.77085e-11
28.467559667076646	-9.98255e-12
28.487923241463257	1.44195e-11
28.508286884228458	6.43131e-11
28.52865057136481	9.22411e-11
28.549014255414662	-2.89075e-12
28.569377901311537	3.05888e-12
28.589741472758817	-9.60036e-13
28.610104973442933	-3.86121e-11
28.630468414975208	-7.7954e-11
28.650831841443363	2.19975e-11
28.671195283069771	1.31277e-10
28.691558775316711	-4.23319e-11
28.711922336875094	2.79946e-11
28.732285958221283	7.12299e-11
28.752649626491959	-3.90671e-11
28.773013301906989	-7.69334e-11
28.793376956075367	3.36118e-11
28.813740544348455	-1.32016e-11
28.834104066309635	-6.82613e-11
28.854467528001887	-9.78448e-11
28.874830965600147	-1.05909e-10
28.89519442357825	-1.13721e-10
28.915557917384977	-9.71895e-11
28.935921461593946	-4.87497e-11
28.956285066803535	2.70183e-11
28.976648718541544	-1.42105e-12
28.997012383669599	-6.73232e-12
29.017376038550044	-9.17497e-12
29.037739639119238	-2.9465e-12
29.058103178594443	-1.17283e-11
29.078466658507747	-2.67325e-11
29.098830107921408	-4.71273e-11
29.119193567962011	-7.73121e-11
29.139557059330077	-8.45575e-11
29.159920594161147	-5.43617e-11
29.180284185977783	8.62798e-12
29.20064782351831	6.13942e-11
29.221011478393862	-8.18959e-13
29.24137512884765	9.10924e-12
29.261738737321714	1.90429e-11
29.282102290075006	2.24512e-12
29.302465785014309	-3.12182e-11
29.322829245157468	-7.19767e-11
29.343192708440025	5.29772e-12
29.363556195247764	7.93544e-11
29.383919724283253	-2.02406e-11
29.404283307946592	8.99806e-13
29.424646937097258	-2.8616e-11
29.445010586913412	-2.90739e-11
29.465374224328926	1.29289e-11
29.485737833779044	5.06838e-11
29.506101395538654	5.51496e-11
29.526464905293693	1.13611e-11
29.546828377876057	-3.53557e-11
29.567191847266141	2.87704e-12
29.587555333550434	5.64868e-11
29.607918867257876	-3.71275e-12
29.628282447367621	-4.46697e-11
29.648646072700814	1.56678e-11
29.66900972085234	-1.37515e-11
29.689373359816113	-1.84918e-11
29.709736973667368	-9.48637e-12
29.73010054461821	-1.13512e-11
29.750464063320806	-3.77645e-11
29.770827542514006	-6.05461e-11
29.791191012942136	4.10689e-13
29.811554494649901	-1.95409e-12
29.831918019413379	-5.42664e-12
29.852281590609927	9.35532e-12
29.87264520875712	3.69767e-11
29.89300885430772	7.33107e-11
29.913372495213348	1.13208e-10
29.933736114591522	1.26554e-10
29.954099693238337	-2.19876e-12
29.974463220840743	1.59489e-12
29.994826707695101	-1.67326e-11
30.015190181571576	-1.81051e-12
30.035553661185784	2.71183e-11
30.055917179699463	4.40063e-11
30.076280743646912	5.58082e-11
30.096644354761622	7.58509e-11
30.117007997950033	8.61132e-11
30.137371641594168	9.98007e-11
30.157735267420321	1.01523e-10
30.178098855891079	6.79461e-11
30.198462392699231	5.60698e-12
30.218825890426725	-6.76034e-11
30.239189364361248	-1.3046e-10
30.25955283640474	2.04185e-11
30.279916343344524	-8.8273e-12
30.300279901474731	3.31614e-11
30.320643505871359	5.25015e-11
30.341007144795867	3.51568e-11
30.361370787860917	-1.71966e-11
30.38173441640977	1.22956e-11
30.402098002055496	4.71581e-11
30.422461542382091	6.16017e-11
30.442825038809239	5.30305e-11
30.463188507629678	1.68419e-11
30.483551982196627	-3.91779e-11
30.503915479960785	-1.19639e-12
30.524279019671781	-3.35568e-12
30.544642614129003	1.31967e-11
30.565006251276188	1.90545e-11
30.585369897179056	1.09102e-11
30.605733532385997	-8.52502e-12
30.626097126908075	-1.78736e-11
30.646460676326459	-1.9235e-11
30.666824183007936	-3.59722e-11
30.68718765791288	-5.69546e-11
30.70755112813757	3.64052e-12
30.727914612778346	7.06337e-11
30.74827813405777	-1.04026e-11
30.768641712684627	-4.93205e-12
30.789005337506143	-1.19891e-11
30.809368982382612	5.33673e-12
30.829732621913394	1.67776e-11
30.85009622315296	1.37097e-11
30.870459774979732	2.22676e-12
30.89082328426715	-1.55309e-11
30.911186762143487	-2.76471e-11
30.931550227926319	-5.24301e-11
30.951913700647534	-6.57338e-11
30.972277216292159	-5.75214e-11
30.99264078078324	-2.69448e-11
31.013004398024645	1.28406e-11
31.033368049325158	5.46411e-11
31.053731686881758	6.13506e-12
31.074095294915224	4.4479e-12
31.094458854078141	-3.98608e-12
31.114822368233284	-2.15706e-11
31.135185846461376	-4.25422e-11
31.155549313645068	-7.17675e-11
31.175912791862725	1.18689e-11
31.196276296315418	1.07729e-10
31.216639844086959	-3.65787e-11
31.237003445110048	1.49109e-11
31.257367086949198	-3.83994e-11
31.277730729327711	1.32863e-11
31.298094345589757	4.33303e-11
31.31845791233382	4.36044e-11
31.338821430963677	3.26032e-11
31.359184908245393	2.2669e-11
31.379548373595291	4.7972e-12
31.399911846107827	-5.49758e-13
31.42027533663024	3.0658e-12
31.440638864969024	-1.86157e-11
31.461002448072534	1.44092e-11
31.481366076926601	4.54541e-11
31.501729727028618	6.24625e-12
31.522093357567218	-1.8136e-12
31.54245693915508	-4.5757e-12
31.562820469756151	-1.73174e-11
31.583183953157157	-2.48641e-11
31.603547416865229	-3.44547e-11
31.623910892771228	-9.35411e-12
31.644274376916581	1.52379e-12
31.664637901141017	1.75287e-11
31.685001468901451	2.93067e-11
31.705365082454122	3.50105e-11
31.725728724496872	5.21308e-11
31.746092355299915	3.17151e-14
31.766455945489476	-7.07559e-11
31.78681948414529	2.4801e-11
31.807182976042906	-4.58987e-13
31.827546438685353	2.74983e-11
31.847909908332529	-1.74253e-11
31.868273388992424	-4.58656e-11
31.888636902195078	-4.27969e-11
31.909000453982117	-3.19825e-11
31.929364050449163	-2.49915e-11
31.949727681493954	-4.35203e-12
31.970091319836328	7.04957e-12
31.99045492777417	5.24232e-12
32.010818480590061	-8.39782e-12
32.031181983267793	-1.65253e-11
32.051545447767268	-1.64759e-11
32.071908910466945	-8.43336e-12
32.092272393226914	2.11615e-11
32.112635899908689	6.96736e-11
32.132999446517466	1.09992e-10
32.153363029990324	1.21667e-10
32.173726647004273	1.0291e-10
32.194090277245749	-9.98331e-12
32.214453898162198	2.1093e-11
32.234817463349977	4.04252e-11
32.255180974268661	5.83123e-11
32.275544439263712	8.53372e-11
32.29590789308488	8.66393e-11
32.316271372615553	1.00568e-11
32.336634879166908	-1.21144e-11
32.356998418754273	-1.6998e-11
32.377361991437226	1.59599e-11
32.397725596571597	8.19733e-12
32.418089219122585	6.64867e-12
32.438452845142351	5.15837e-12
32.458816429063369	-9.82875e-12
32.479179956321005	-1.77086e-11
32.499543430979493	-9.53356e-12
32.519906884382515	-1.76229e-11
32.54027035472555	-1.49463e-11
32.560633859650864	9.03919e-12
32.580997396171533	-2.27856e-12
32.601360961253675	5.82526e-12
32.621724556019672	4.87069e-12
32.642088169671162	7.802e-12
32.662451781608709	2.04811e-11
32.682815376931032	3.15208e-11
32.703178917021681	3.65371e-11
32.723542407112411	-7.43547e-12
32.743905864163892	-4.21142e-11
32.764269327846783	-8.86549e-12
32.784632818593217	5.67671e-13
32.804996355353701	-7.42412e-13
32.825359916838835	1.32472e-11
32.84572350506587	1.18e-11
32.866087112154659	1.68495e-11
32.886450719673952	9.82557e-12
32.906814317370291	-2.54679e-12
32.927177873310406	-3.06815e-11
32.947541376043965	-4.17359e-11
32.967904837004795	-2.71091e-11
32.988268294506561	-5.08863e-12
33.008631770540099	4.88429e-12
33.028995298909599	1.57233e-11
33.049358863031472	2.47909e-11
33.069722448457128	1.53404e-11
33.090086050100041	-1.26522e-11
33.110449652861313	9.82198e-12
33.130813246995004	1.73866e-11
33.151176816866048	-1.05825e-11
33.1715403311781	-2.78501e-11
33.191903797107386	-1.03013e-11
33.212267249861625	-1.76609e-12
33.232630726931269	-1.52729e-11
33.252994243121272	-4.10575e-12
33.273357805020318	-2.28325e-12
33.293721390941002	3.20172e-11
33.314084991809864	3.17722e-11
33.334448593570443	4.34197e-11
33.354812186461636	6.23198e-11
33.375175756630952	7.99439e-12
33.395539289482258	-8.50099e-11
33.415902768628726	2.23668e-11
33.436266224090033	1.32875e-10
33.456629693813483	-2.90144e-11
33.476993195667212	7.9191e-12
33.497356752782458	-4.14025e-11
33.51772034047346	-3.09807e-11
33.538083942457092	-1.40199e-11
33.558447544074106	1.3682e-11
33.578811130218412	4.86237e-11
33.599174696168021	7.14325e-11
33.619538239230614	-4.63773e-12
33.639901733357902	3.4072e-12
33.660265192902465	-1.93805e-11
33.680628657404057	-1.81159e-12
33.700992146093988	2.81496e-11
33.72135568862511	7.21334e-11
33.74171927992208	9.20363e-11
33.7620828869075	6.56812e-11
33.782446493696057	4.68557e-11
33.802810083714384	5.74481e-11
33.823173651242627	6.51454e-11
33.843537193214573	6.45059e-11
33.863900701786868	-4.75632e-13
33.88426416850367	-3.99048e-11
33.904627630249685	-6.6423e-11
33.924991121397497	-9.72611e-12
33.945354652701489	7.37206e-11
33.965718235514359	2.31898e-12
33.986081843508423	1.22261e-11
34.006445452401067	-6.89312e-12
34.026809043929454	-4.53173e-12
34.047172611331931	-1.33194e-12
34.067536149540302	1.39883e-11
34.087899665707049	1.30962e-12
34.10826313855793	8.58759e-12
34.128626597975774	2.51787e-12
34.148990079543786	-2.62357e-11
34.169353596538116	-1.03913e-11
34.189717163630704	3.70861e-12
34.210080778737996	-3.80637e-12
34.230444397737827	-2.63012e-11
34.250807999429156	1.01174e-11
34.271171574687841	1.66268e-11
34.29153511645152	-1.73978e-11
34.31189863138227	-1.71103e-11
34.332262125094203	-4.90116e-11
34.352625592125648	-4.12098e-11
34.372989070406817	-9.1807e-12
34.393352575710423	4.08072e-11
34.413716126078214	7.60833e-11
34.434079729690765	1.01719e-10
34.454443350227919	1.3417e-10
34.474806957928791	1.29072e-10
34.495170539215401	-1.05135e-11
34.515534083500555	-1.65316e-10
34.535897598551124	5.73056e-11
34.556261096180513	-4.37559e-11
34.576624566461938	2.9298e-11
34.596988041795022	-1.54523e-11
34.617351539110338	-3.08513e-11
34.637715085658932	-1.52125e-11
34.658078681241221	1.69062e-11
34.678442308605106	2.17445e-11
34.69880592771046	-1.69487e-11
34.719169514695707	9.52178e-12
34.739533064183682	1.57337e-11
34.759896577899568	-1.67175e-11
34.780260068573625	-3.21372e-11
34.800623542514778	5.80031e-12
34.820987014581092	2.91224e-11
34.841350515775083	-8.19756e-12
34.861714054611078	-1.23588e-11
34.882077640448017	-1.35175e-11
34.902441267104379	-2.33245e-11
34.922804902211027	1.31159e-11
34.94316850432503	3.03007e-12
34.963532065900964	-2.47162e-11
34.983895584634411	2.08533e-12
35.004259072060215	-4.63219e-12
35.02462254540486	9.81248e-12
35.044986017078479	2.34407e-12
35.065349511987897	-3.87472e-11
35.085713040643611	-6.06808e-11
35.106076614982129	-1.58438e-12
35.126440233414669	9.06026e-11
35.146803869453208	-6.65139e-12
35.167167481325087	2.02621e-11
35.187531052949829	-7.6882e-12
35.207894576650915	-5.40807e-11
35.228258068502647	6.38332e-12
35.248621546065884	3.42232e-11
35.268985021138135	1.42293e-11
35.289348513815987	-1.37025e-11
35.309712036308703	-1.41597e-11
35.330075607047611	1.92054e-11
35.350439217894547	7.68513e-11
35.370802853456993	1.04105e-10
35.391166479728177	6.89303e-11
35.411530060186379	4.89029e-12
35.431893592280744	2.43618e-12
35.452257084131752	-1.50189e-12
35.47262055304229	-2.24879e-11
35.492984021819126	7.59526e-12
35.513347508534899	3.59157e-11
35.53371103257733	2.74154e-11
35.55407459683267	1.28744e-11
35.574438204215589	-1.96498e-11
35.594801839739958	-2.37016e-11
35.615165472341694	2.26908e-11
35.635529066311634	4.6429e-11
35.655892609933865	3.25049e-11
35.676256105997041	2.43104e-11
35.696619570751963	-4.9193e-12
35.716983040221614	4.74387e-12
35.737346526475989	3.70685e-11
35.757710046027732	3.24196e-11
35.778073604352002	1.76225e-11
35.798437206570007	-2.43364e-12
35.81880084046086	1.87271e-11
35.839164489832989	1.0762e-11
35.859528107419642	1.05371e-11
35.879891665365115	1.11838e-11
35.900255169455832	-3.00895e-11
35.920618630882949	1.0982e-12
35.940982086134355	1.75341e-11
35.961345571781791	-4.14002e-12
35.981709084330461	-1.95539e-11
36.002072634526399	-1.22105e-12
36.022436231349886	-4.1624e-12
36.042799863448479	-1.51169e-11
36.063163504300277	6.50192e-14
36.083527134911925	-3.77647e-13
36.103890707192313	3.33712e-12
36.124254221581594	3.56172e-12
36.144617692144003	5.36576e-12
36.164981140560805	5.43774e-12
36.185344609215498	4.78305e-13
36.20570811116314	6.16165e-12
36.226071649617353	-7.91494e-12
36.246435239003283	3.41011e-12
36.266798865258181	-4.15811e-12
36.287162509928223	2.09357e-11
36.307526152197248	-2.27053e-15
36.327889747986866	1.12018e-12
36.348253282069756	-1.99486e-11
36.368616761375705	1.60583e-12
36.388980206306293	2.59199e-11
36.409343660700138	-2.52118e-12
36.429707147066502	6.15579e-12
36.450070684030443	6.35591e-12
36.470434266754282	9.81581e-12
36.490797891344471	-3.96967e-12
36.511161540865992	8.05779e-12
36.531525181842007	-3.50763e-12
36.551888798397322	-1.03506e-11
36.572252354131649	-3.86627e-11
36.592615845278075	-6.38773e-11
36.612979300691073	-9.28516e-11
36.633342745953762	-9.39939e-11
36.653706211548062	-3.63171e-11
36.674069735386873	6.55458e-12
36.694433311896418	-2.6314e-11
36.714796931708364	-3.285e-12
36.735160582717171	8.9198e-12
36.75552423112093	1.55842e-12
36.775887858460599	-4.93733e-13
36.796251427490006	-1.43211e-13
36.8166149305654	-1.91171e-11
36.836978386245477	2.86891e-12
36.85734181950388	3.2118e-11
36.877705279267722	-8.16737e-12
36.89806878547396	-3.62541e-11
36.918432345507107	-4.63632e-12
36.938795959685564	6.11095e-11
36.959159605498314	-9.34604e-12
36.979523261145246	-4.22214e-11
36.999886902290946	1.23638e-11
37.020250493667774	4.6261e-11
37.040614015258235	-7.98392e-12
37.060977479800421	9.75792e-12
37.081340908739513	9.93883e-14
37.101704353691936	1.64761e-12
37.122067838536019	-2.26156e-12
37.142431394698129	-6.0927e-12
37.162795003753445	1.2676e-11
37.183158652050295	-1.20404e-12
37.203522317659854	-2.29139e-11
37.223885960705992	1.98533e-12
37.244249565245298	1.48322e-11
37.264613110358312	-1.76273e-11
37.284976584134675	-5.9728e-11
37.305340021557363	4.27425e-12
37.325703451437533	2.60493e-11
37.346066908207156	-1.02182e-12
37.366430436986001	-7.45729e-12
37.386794034518587	5.59532e-12
37.407157677576095	4.82711e-11
37.427521347724095	-1.64839e-11
37.447885003217067	4.88713e-13
37.468248624069652	-1.66873e-11
37.488612182599766	-1.82314e-11
37.508975672224445	-1.59939e-11
37.529339112058913	1.99009e-12
37.549702530583744	1.90109e-11
37.570065982862587	-3.02327e-12
37.590429489502668	2.01932e-11
37.610793075522921	-2.24015e-12
37.631156715777415	1.32823e-11
37.651520393957995	-4.39581e-14
37.671884067595357	1.20356e-11
37.692247698360276	-8.50192e-12
37.712611275591613	-4.33142e-11
37.732974788574467	1.29573e-11
37.75333823780614	1.35095e-12
37.773701650449041	2.22449e-13
37.79406508332508	2.6985e-12
37.814428561735717	-1.01631e-12
37.834792121806323	-1.76987e-12
37.855155752642602	1.9793e-11
37.8755194222977	-1.47902e-12
37.895883104310194	1.89566e-12
37.916246752470073	-2.0063e-12
37.936610350320557	-6.50678e-12
37.956973883091102	1.11216e-13
37.977337346994616	-2.96672e-11
37.99770077295517	-8.4509e-11
38.018064192920335	-1.08412e-10
38.038427644010547	2.67844e-12
38.058791174351285	1.11687e-10
38.079154787874671	-1.40333e-11
38.099518453396939	-7.56378e-11
38.119882143939066	9.70118e-12
38.140245809304602	-2.07968e-11
38.160609428410574	1.48992e-12
38.180972973914336	-8.49482e-13
38.201336454673687	-2.03826e-11
38.221699883051336	1.75512e-12
38.242063289404307	-1.55013e-12
38.262426733590786	2.23082e-12
38.282790237013465	3.52471e-11
38.303153826396304	1.28543e-12
38.323517486824095	1.32608e-11
38.343881186093626	1.99601e-11
38.36424487333597	3.69444e-11
38.38460850633993	-3.16129e-12
38.404972074930832	-5.18891e-11
38.425335572599344	6.53412e-12
38.445699012472097	-6.9015e-12
38.466062413919701	1.74145e-12
38.486425838036261	4.77232e-12
38.506789311466626	7.41337e-13
38.527152872607985	-1.18101e-12
38.547516515274758	2.99943e-11
38.567880216151998	-1.17496e-12
38.58824391882041	-1.81007e-12
38.608607574849806	-4.05574e-12
38.628971168172299	-1.68829e-11
38.649334685653564	7.5014e-12
38.669698137187552	1.44308e-12
38.690061538461677	-4.1874e-13
38.710424945088178	-1.24278e-11
38.73078840926852	8.2916e-12
38.751151944648186	3.93699e-11
38.77151556338918	-1.04656e-11
38.791879248503875	1.57141e-12
38.812242955058323	8.2262e-13
38.832606627933359	-1.69251e-13
38.852970244933687	1.3539e-12
38.873333779498601	-1.5619e-13
38.893697243112555	-3.57802e-11
38.914060650638397	1.85555e-12
38.934424045550308	8.41168e-12
38.954787485416233	-3.84273e-11
38.975150990315939	-5.18227e-11
38.995514580159778	4.02549e-14
39.015878251342912	-9.04347e-12
39.036241968124166	-3.15842e-12
39.05660566493308	6.92897e-12
39.076969297762268	-6.99979e-12
39.09733285748483	-2.9349e-11
39.117696339893982	3.94562e-12
39.138059769897254	-2.09846e-12
39.158423168275519	2.9902e-12
39.178786593294895	1.03224e-12
39.199150071306121	-2.92441e-13
39.219513639615137	5.16595e-14
39.239877290134309	3.50888e-11
39.260241007262657	-1.51767e-12
39.280604720499305	-8.17016e-12
39.300968377535071	3.75069e-11
39.321331962909277	4.97999e-11
39.34169546503513	-1.17035e-12
39.362058899498166	9.51229e-12
39.382422295032171	3.50206e-12
39.402785699674283	3.5333e-12
39.423149144502062	1.32657e-12
39.443512677864739	-1.18002e-13
39.463876298338178	3.06334e-11
39.484239998019646	-1.52993e-12
39.504603722191803	1.18803e-12
39.524967403267901	-5.25807e-12
39.545331019390375	4.90418e-12
39.565694546320877	-1.50913e-13
39.586057998308355	-3.75531e-11
39.606421398078297	8.77266e-13
39.62678479495117	8.90973e-12
39.647148240119847	-3.60722e-11
39.667511752455489	-4.82989e-11
39.687875350300459	1.82038e-12
39.708239026923472	-9.65066e-12
39.728602753043887	-3.45437e-12
39.748966452469645	-4.04062e-12
39.769330096373778	-1.45126e-12
39.789693648428269	-3.41403e-13
39.810057116799662	-3.2148e-11
39.830420518232081	1.82014e-12
39.850783907296531	6.13822e-13
39.87114732915753	5.19681e-12
39.89151080872518	1.46095e-11
39.911874371598927	-5.27785e-12
39.932238024797002	-4.65821e-13
39.952601742349358	5.14224e-12
39.972965460072196	1.90966e-11
39.993329115595046	-1.23306e-11
40.013692694523591	-4.52477e-11
