0.012	1.332e-10
0.0264	2.54738e-10
0.04368	6.88738e-11
0.0642855	2.98322e-10
0.0881494	4.40206e-10
0.115209	5.5814e-10
0.145412	6.39042e-10
0.176419	6.16542e-10
0.206965	5.29205e-10
0.237206	4.62996e-10
0.267275	4.22291e-10
0.297172	3.85589e-10
0.326767	3.24141e-10
0.356065	2.95658e-10
0.385065	3.34483e-10
0.413802	4.91472e-10
0.442322	2.23768e-10
0.470609	3.88019e-10
0.498713	2.20486e-10
0.526637	4.38518e-10
0.554397	3.93643e-10
0.582024	4.07813e-10
0.609503	3.64817e-10
0.636859	2.56905e-10
0.664022	2.02013e-10
0.691016	2.83214e-10
0.71784	3.27599e-10
0.74451	3.45445e-10
0.771029	3.20639e-10
0.797406	2.882e-10
0.823649	2.58879e-10
0.849761	2.32762e-10
0.875753	2.12472e-10
0.901624	1.93242e-10
0.927388	1.76877e-10
0.95304	1.66105e-10
0.978595	1.61911e-10
1.00405	1.67283e-10
1.02941	1.76267e-10
1.05468	1.87545e-10
1.07985	1.88876e-10
1.10493	1.87265e-10
1.12991	1.85095e-10
1.1548	1.81682e-10
1.17961	1.74286e-10
1.20432	1.69666e-10
1.22896	1.53841e-10
1.25352	1.40552e-10
1.27799	1.19807e-10
1.3024	1.00953e-10
1.32673	8.32535e-11
1.35098	6.99286e-11
1.37517	3.08675e-10
1.3993	2.3516e-10
1.42335	2.03695e-10
1.44735	1.8966e-10
1.47128	1.7817e-10
1.49515	1.68206e-10
1.51897	1.61733e-10
1.54273	1.52786e-10
1.56643	1.47612e-10
1.59007	1.43832e-10
1.61366	1.42178e-10
1.63718	1.39158e-10
1.66065	1.42069e-10
1.68407	1.36674e-10
1.70743	1.34885e-10
1.73074	1.34166e-10
1.754	1.32965e-10
1.7772	1.35834e-10
1.80036	1.34324e-10
1.82347	1.35684e-10
1.84653	1.36905e-10
1.86954	1.40207e-10
1.89251	1.43189e-10
1.91543	1.48006e-10
1.93832	1.55926e-10
1.96115	1.60438e-10
1.98395	1.66056e-10
2.006708	1.7138e-10
2.029425	1.76774e-10
2.052103	1.80434e-10
2.074742	1.81389e-10
2.097341	1.82359e-10
2.119901	1.81314e-10
2.142422	1.80663e-10
2.164905	1.80938e-10
2.187351	1.86949e-10
2.209761	1.95873e-10
2.232135	2.13315e-10
2.254474	2.6873e-10
2.276778	2.82642e-10
2.299048	2.82195e-10
2.321285	2.35617e-10
2.34349	1.85249e-10
2.365662	1.26287e-10
2.387802	9.80118e-11
2.409911	8.98179e-11
2.431987	7.51547e-11
2.454033	7.08329e-11
2.476048	6.54143e-11
2.498033	6.13794e-11
2.519988	5.87018e-11
2.541915	5.87251e-11
2.563812	5.85785e-11
2.585681	5.88007e-11
2.607523	6.04072e-11
2.629337	6.20768e-11
2.651124	6.40194e-11
2.672885	6.70907e-11
2.69462	7.14234e-11
2.716329	2.62194e-10
2.738012	2.46856e-10
2.759671	2.27075e-10
2.781305	2.08825e-10
2.802915	1.83589e-10
2.824501	1.55785e-10
2.846063	1.30041e-10
2.867602	1.1395e-10
2.889118	8.91982e-11
2.910612	6.93613e-11
2.932084	5.73796e-11
2.953533	5.90847e-11
2.974961	6.72254e-11
2.996368	2.05985e-10
3.017753	1.46984e-10
3.039118	1.28549e-10
3.060463	1.74111e-10
3.081787	2.27241e-10
3.103092	6.89735e-11
3.124376	2.54128e-10
3.145642	2.12351e-10
3.166888	1.70705e-10
3.188116	1.58189e-10
3.209325	1.87576e-10
3.230516	2.33603e-10
3.251689	1.00888e-10
3.272844	9.81224e-11
3.293982	8.92714e-11
3.315102	7.79473e-11
3.336206	6.95381e-11
3.357293	6.41023e-11
3.378364	6.28724e-11
3.399419	6.06021e-11
3.420458	6.16079e-11
3.441481	5.95539e-11
3.46249	5.94517e-11
3.483483	2.52857e-10
3.504463	2.38674e-10
3.525427	2.23499e-10
3.546378	2.10923e-10
3.567315	2.02921e-10
3.588238	1.94893e-10
3.609148	1.9512e-10
3.630044	1.96458e-10
3.650927	2.01351e-10
3.671797	2.04278e-10
3.692654	2.08429e-10
3.713499	2.05943e-10
3.734332	2.10066e-10
3.755152	2.11521e-10
3.77596	2.21958e-10
3.796755	2.29701e-10
3.817539	2.44211e-10
3.838311	5.98029e-11
3.859071	6.14926e-11
3.879818	6.39346e-11
3.900554	6.44409e-11
3.921278	6.41355e-11
3.94199	6.92081e-11
3.96269	7.20424e-11
3.983378	7.30574e-11
4.0040539	6.69476e-11
4.0247181	2.38951e-10
4.0453707	2.10615e-10
4.0660121	1.53644e-10
4.0866425	1.28902e-10
4.1072621	1.38182e-10
4.1278713	1.42823e-10
4.1484705	1.14996e-10
4.1690599	9.28467e-11
4.1896399	1.03857e-10
4.2102109	1.05884e-10
4.2307729	1.13797e-10
4.2513263	1.20506e-10
4.2718713	1.25259e-10
4.2924084	1.31556e-10
4.3129377	1.29693e-10
4.3334596	1.33426e-10
4.3539744	1.29768e-10
4.3744824	1.31843e-10
4.3949838	1.27818e-10
4.4154788	1.28452e-10
4.4359678	1.24803e-10
4.456451	1.24045e-10
4.4769286	1.19881e-10
4.4974008	1.18527e-10
4.5178679	1.16013e-10
4.5383301	1.12337e-10
4.5587876	1.10353e-10
4.5792406	1.05624e-10
4.5996894	1.03705e-10
4.6201341	9.34799e-11
4.640575	9.85695e-11
4.6610122	9.40998e-11
4.6814459	9.08725e-11
4.7018763	8.84884e-11
4.7223035	8.46278e-11
4.7427278	8.20009e-11
4.7631493	7.91035e-11
4.783568	7.71748e-11
4.8039842	7.44012e-11
4.8243979	7.25976e-11
4.8448093	7.01256e-11
4.8652185	2.37605e-10
4.8856256	2.10936e-10
4.9060306	2.20896e-10
4.9264337	2.11001e-10
4.946835	2.05003e-10
4.9672345	1.99184e-10
4.9876323	1.95394e-10
5.0080286	1.87988e-10
5.0284233	1.82648e-10
5.0488167	1.75749e-10
5.0692087	1.70666e-10
5.0895993	1.65126e-10
5.1099888	1.60136e-10
5.1303771	1.55178e-10
5.1507643	1.4996e-10
5.1711504	1.45426e-10
5.1915355	1.40259e-10
5.2119197	1.36188e-10
5.2323029	1.3161e-10
5.2526853	1.2695e-10
5.2730668	1.21868e-10
5.2934476	1.17538e-10
5.3138275	1.12544e-10
5.3342068	1.09153e-10
5.3545854	1.03691e-10
5.3749633	2.38491e-10
5.3953406	1.2737e-10
5.4157173	1.52157e-10
5.4360934	1.10165e-10
5.456469	1.55207e-10
5.4768441	1.03133e-10
5.4972187	1.3845e-10
5.5175928	2.33692e-10
5.5379665	2.04454e-10
5.5583397	1.84174e-10
5.5787126	1.78267e-10
5.599085	1.71478e-10
5.6194571	1.63547e-10
5.6398288	1.55943e-10
5.6602002	1.49398e-10
5.6805713	1.39546e-10
5.700942	1.34547e-10
5.7213125	1.28386e-10
5.7416826	1.21958e-10
5.7620525	1.18754e-10
5.7824221	1.11266e-10
5.8027915	1.22286e-10
5.8231607	1.15816e-10
5.8435296	1.04721e-10
5.8638983	9.27784e-11
5.8842667	9.32651e-11
5.904635	8.40119e-11
5.9250031	4.29949e-11
5.945371	2.06582e-10
5.9657387	2.39339e-10
5.9861063	2.21926e-10
6.00647367	6.63742e-11
6.02684089	9.22828e-11
6.04720797	2.13733e-10
6.0675749	1.15856e-10
6.08794169	1.96432e-10
6.10830834	1.93722e-10
6.12867487	1.96411e-10
6.14904127	1.73613e-10
6.16940756	8.37407e-11
6.18977373	1.43854e-10
6.21013979	1.62722e-10
6.23050575	1.28429e-10
6.25087161	1.13614e-10
6.27123737	1.65652e-10
6.29160303	1.16357e-10
6.31196861	1.61603e-10
6.33233411	1.29081e-10
6.35269952	1.48484e-10
6.37306485	1.70431e-10
6.3934301	1.8589e-10
6.41379529	1.70556e-10
6.4341604	1.97975e-10
6.45452545	1.88595e-10
6.47489043	2.18548e-10
6.49525535	2.02155e-10
6.51562022	2.08978e-10
6.53598502	1.8635e-10
6.55634978	2.19173e-10
6.57671448	7.76571e-11
6.59707913	7.403e-11
6.61744374	9.4174e-11
6.63780831	9.04034e-11
6.65817283	5.80501e-11
6.67853732	9.75763e-11
6.69890177	6.17424e-11
6.71926618	7.95245e-11
6.73963056	6.09493e-11
6.75999491	6.56905e-11
6.78035922	6.0957e-11
6.8007235	6.20727e-11
6.82108775	5.78587e-11
6.84145197	7.15992e-11
6.86181617	6.94804e-11
6.88218034	6.98957e-11
6.90254448	7.96255e-11
6.9229086	6.13191e-11
6.94327269	7.6042e-11
6.96363677	6.57256e-11
6.98400082	7.10019e-11
7.00436485	6.72023e-11
7.02472885	6.8063e-11
7.04509285	6.21727e-11
7.06545682	6.70269e-11
7.08582077	5.69608e-11
7.10618471	6.66277e-11
7.12654863	5.27435e-11
7.14691254	6.75282e-11
7.16727643	5.11937e-11
7.18764031	6.47274e-11
7.20800417	4.65701e-11
7.22836802	5.965e-11
7.24873186	4.22135e-11
7.26909569	5.16553e-11
7.2894595	3.5049e-11
7.30982331	3.90916e-11
7.33018711	3.1121e-11
7.35055089	3.23412e-11
7.37091466	2.23001e-11
7.39127843	2.19237e-11
7.41164219	1.90887e-11
7.43200593	1.71571e-11
7.45236967	1.688e-11
7.4727334	1.54537e-11
7.49309713	1.7972e-11
7.51346084	1.988e-11
7.53382455	1.9927e-11
7.55418826	2.06241e-11
7.57455196	2.1225e-11
7.59491565	2.06146e-11
7.61527934	2.14757e-11
7.63564302	2.36935e-11
7.6560067	2.55118e-11
7.67637037	2.69092e-11
7.69673403	2.66051e-11
7.71709769	2.3613e-11
7.73746135	2.07455e-11
7.757825	1.90624e-11
7.77818864	1.94636e-11
7.79855229	2.18422e-11
7.81891593	2.56996e-11
7.83927957	3.02873e-11
7.8596432	3.45512e-11
7.88000684	3.71573e-11
7.90037046	3.79642e-11
7.92073409	3.78359e-11
7.94109771	3.69021e-11
7.96146133	3.46833e-11
7.98182494	3.08722e-11
8.002188551	2.57902e-11
8.02255216	1.96842e-11
8.042915766	1.3604e-11
8.06327937	9.79871e-12
8.083642972	9.10709e-12
8.104006571	9.46978e-12
8.124370169	1.17073e-11
8.144733765	1.80546e-11
8.16509736	2.75013e-11
8.185460954	3.77804e-11
8.205824548	4.67482e-11
8.22618814	5.25008e-11
8.246551731	5.33648e-11
8.266915321	4.83467e-11
8.287278908	3.7552e-11
8.307642492	2.25987e-11
8.328006072	1.68089e-11
8.348369649	2.60488e-11
8.368733224	3.46144e-11
8.389096797	4.19428e-11
8.40946037	4.35961e-11
8.429823944	3.71903e-11
8.450187521	2.42682e-11
8.470551101	2.94264e-11
8.490914683	4.59209e-11
8.511278265	6.32217e-11
8.531641845	8.16524e-11
8.55200542	9.38903e-11
8.57236899	9.277e-11
8.592732554	7.66782e-11
8.613096113	4.79113e-11
8.633459668	3.58329e-11
8.653823225	5.73434e-11
8.674186786	8.48162e-11
8.694550353	1.15104e-10
8.71491393	1.29414e-10
8.735277513	1.21619e-10
8.755641099	9.13154e-11
8.776004682	5.30455e-11
8.796368257	7.04327e-11
8.81673182	1.09118e-10
8.837095369	1.60011e-10
8.857458906	1.97971e-10
8.877822438	2.05784e-10
8.898185973	1.77913e-10
8.918549517	1.20149e-10
8.938913079	8.91977e-11
8.95927666	1.24605e-10
8.97964026	1.80724e-10
9.000003871	1.05204e-10
9.020367481	2.13709e-10
9.040731076	1.09043e-10
9.061094641	1.08843e-10
9.081458172	5.25511e-11
9.101821671	1.09652e-10
9.122185152	1.23905e-10
9.142548634	2.06893e-10
9.162912138	1.22581e-10
9.18327568	2.3409e-10
9.203639268	1.41653e-10
9.224002903	1.29707e-10
9.24436657	4.65022e-11
9.264730246	1.36845e-10
9.285093899	8.89002e-11
9.305457494	2.00308e-10
9.325821017	3.73848e-11
9.346184486	2.20551e-10
9.36654792	2.60742e-11
9.386911349	5.39674e-11
9.407274824	1.89067e-10
9.42763836	3.94325e-11
9.448001951	1.79524e-10
9.468365589	1.92289e-10
9.488729255	5.80301e-11
9.509092905	1.85884e-10
9.529456522	6.24766e-11
9.549820088	3.63344e-11
9.570183592	1.73096e-10
9.590547057	2.28673e-10
9.610910505	1.86657e-10
9.631273966	4.97885e-11
9.65163748	2.08514e-10
9.672001057	5.75619e-11
9.692364678	2.3572e-10
9.712728325	2.90386e-11
9.733091976	6.08672e-11
9.753455593	8.91148e-11
9.773819162	1.2019e-10
9.794182684	1.62141e-10
9.814546158	2.14215e-10
9.834909615	2.18547e-10
9.855273074	1.83001e-10
9.875636563	7.90653e-11
9.896000112	2.11203e-10
9.916363724	1.51918e-10
9.936727369	1.42785e-10
9.957091022	3.50341e-11
9.977454658	7.72792e-11
9.9978182462	1.93303e-10
10.018181781	2.03293e-10
10.038545276	2.08895e-10
10.05890874	2.31297e-10
10.079272183	2.32327e-10
10.099635651	1.40585e-10
10.119999168	2.15429e-10
10.140362738	8.32094e-11
10.160726361	1.14557e-10
10.181090022	4.7662e-11
10.201453664	1.48122e-10
10.221817265	2.12367e-10
10.24218082	2.02158e-10
10.262544327	4.98855e-11
10.282907811	4.10825e-11
10.303271285	1.60348e-10
10.323634756	2.37498e-10
10.343998258	7.64634e-11
10.364361803	4.60882e-11
10.384725393	2.20583e-10
10.40508902	2.22996e-10
10.425452668	2.88933e-11
10.445816282	1.96684e-10
10.466179847	3.72479e-11
10.486543366	4.58205e-11
10.506906848	1.95092e-10
10.527270312	2.36361e-11
10.547633798	1.3123e-10
10.567997312	1.96043e-10
10.588360855	1.58512e-10
10.608724435	1.74351e-10
10.629088049	6.87341e-11
10.649451675	1.93149e-10
10.669815299	1.05027e-10
10.690178877	1.23278e-10
10.710542403	2.17499e-10
10.730905881	7.14812e-11
10.751269345	2.41746e-10
10.771632829	1.69205e-11
10.791996345	2.41621e-10
10.81235989	2.88926e-11
10.832723468	4.81208e-11
10.853087073	1.49454e-10
10.873450685	2.33072e-10
10.893814294	1.97699e-10
10.914177883	2.2059e-10
10.93454142	2.10583e-10
10.954904909	1.19667e-10
10.975268378	2.09356e-10
10.995631848	2.38026e-10
11.015995343	8.4455e-11
11.036358894	8.19172e-11
11.056722479	2.24506e-10
11.077086092	5.81745e-11
11.097449711	4.1738e-11
11.117813316	1.92235e-10
11.138176899	2.14242e-10
11.15854045	2.38825e-10
11.178903941	2.29288e-10
11.199267399	1.24575e-10
11.219630861	1.83429e-10
11.239994345	1.67823e-10
11.260357876	2.20704e-10
11.280721466	2.32529e-10
11.301085084	1.82472e-10
11.321448707	1.94101e-10
11.34181232	1.49778e-10
11.362175907	6.44786e-11
11.382539455	1.69041e-10
11.402902966	9.36773e-11
11.423266432	6.52685e-11
11.443629877	4.13922e-11
11.463993347	2.08761e-10
11.484356861	2.04065e-10
11.504720438	2.22234e-10
11.525084064	2.02034e-10
11.545447707	2.14307e-10
11.565811333	2.28648e-10
11.586174929	2.14001e-10
11.606538478	2.03249e-10
11.626901984	1.69026e-10
11.647265457	2.06886e-10
11.667628898	1.76645e-10
11.687992337	2.27881e-10
11.708355824	1.52992e-10
11.728719379	1.956e-10
11.749082996	1.57478e-10
11.769446651	1.74542e-10
11.789810294	2.1085e-10
11.810173907	1.97909e-10
11.830537468	1.99874e-10
11.850900978	1.58838e-10
11.871264447	1.86235e-10
11.891627892	1.16013e-10
11.911991341	1.92209e-10
11.932354817	1.6008e-10
11.952718344	1.90758e-10
11.973081939	2.10118e-10
11.99344559434	2.05203e-10
12.01380925529	4.38917e-11
12.03417289179	2.01352e-10
12.05453648076	4.65006e-11
12.07490000782	2.12897e-10
12.09526348889	3.43779e-11
12.11562694407	3.81316e-11
12.13599037609	2.13068e-10
12.15635383144	2.40411e-10
12.17671733008	2.14396e-10
12.19708089675	2.07593e-10
12.21744452651	1.55069e-10
12.23780820658	1.86095e-10
12.25817186695	1.0958e-10
12.27853547415	1.62724e-10
12.29889902237	1.20929e-10
12.31926251112	1.65248e-10
12.33962596611	2.17717e-10
12.35998940793	1.90336e-10
12.38035284084	2.10573e-10
12.40071631628	1.41383e-10
12.42107985784	1.98829e-10
12.44144346227	1.76948e-10
12.46180712183	2.10339e-10
12.48217079302	2.37979e-10
12.50253443125	2.02245e-10
12.52289800715	1.8583e-10
12.54326151994	1.59632e-10
12.56362497754	2.28826e-10
12.58398841843	1.72944e-10
12.60435187275	2.76856e-11
12.62471534467	2.07929e-10
12.64507885982	4.15709e-11
12.665442439	3.14085e-11
12.68580607513	1.86269e-10
12.7061697389	2.32595e-10
12.72653339076	2.14685e-10
12.74689698692	2.02494e-10
12.76726052176	1.45413e-10
12.78762399747	1.99407e-10
12.80798744572	1.43243e-10
12.82835090632	4.02158e-11
12.84871437559	1.97738e-10
12.86907787691	4.8596e-11
12.88944143612	2.93305e-11
12.90980505083	1.91874e-10
12.93016869997	3.00739e-11
12.95053235982	2.28807e-10
12.97089597196	2.22849e-10
12.9912595269	1.63402e-10
13.01162302148	2.0894e-10
13.03198648033	1.19245e-10
13.05234994077	2.10004e-10
13.07271341256	1.72901e-10
13.09307690579	1.842e-10
13.11344044901	2.30478e-10
13.13380404338	2.27428e-10
13.15416767578	3.61307e-11
13.17453132941	3.16953e-11
13.19489495271	2.22068e-10
13.21525852353	1.79721e-10
13.23562203445	2.16363e-10
13.25598550384	1.46336e-10
13.27634896623	6.45947e-11
13.29671244231	1.99874e-10
13.31707593321	7.20041e-11
13.33743946613	6.05249e-11
13.35780304472	5.49259e-11
13.37816666195	1.41709e-10
13.39853029428	2.22329e-10
13.41889392135	1.74675e-10
13.43925750265	1.75267e-10
13.45962102575	2.20612e-10
13.47998450311	1.88888e-10
13.5003479667	4.34763e-11
13.52071143701	1.67618e-10
13.54107493074	5.29282e-11
13.56143845968	3.74972e-11
13.58180202889	2.28173e-10
13.60216563541	1.82669e-10
13.62252925954	4.2639e-11
13.64289288686	2.18445e-10
13.6632564835	4.05998e-11
13.68362002358	2.72257e-11
13.70398351206	2.0041e-10
13.72434697794	3.3719e-11
13.74471044149	1.45722e-10
13.76507393006	2.32493e-10
13.7854374548	1.35687e-10
13.80580101807	1.82311e-10
13.82616461551	1.50937e-10
13.8465282397	1.75426e-10
13.86689186547	2.35795e-10
13.88725547992	1.92762e-10
13.90761903678	1.78562e-10
13.92798253824	1.85806e-10
13.94834600806	3.92644e-11
13.96870946542	1.29003e-10
13.98907293789	2.16112e-10
14.0094364577312	1.26975e-10
14.0298000130973	1.90272e-10
14.0501636013946	1.45548e-10
14.0705272175708	1.76558e-10
14.0908908398268	5.28192e-11
14.1112544558006	2.2882e-10
14.131618032832	2.18882e-10
14.1519815536864	2.073e-10
14.1723450349716	1.35245e-10
14.1927085077246	2.19242e-10
14.2130719896849	1.93049e-10
14.2334355040105	1.84307e-10
14.2537990549689	1.88915e-10
14.2741626356452	1.90743e-10
14.2945262384683	4.2036e-11
14.31488985414	1.70569e-10
14.3352534688751	2.27669e-11
14.3556170600466	1.52221e-10
14.3759805997988	2.6092e-11
14.3963440939232	2.82107e-11
14.4167075575528	2.09649e-10
14.4370710296378	5.13648e-11
14.4574345273653	2.17183e-10
14.4777980714691	2.15461e-10
14.4981616426774	1.90142e-10
14.5185252369021	1.90244e-10
14.5388888459439	2.09224e-10
14.5592524577909	2.17116e-11
14.5796160513772	1.66701e-10
14.5999796099103	3.36816e-11
14.6203431219358	2.02426e-10
14.6407065980394	3.58401e-11
14.661070072973	3.27344e-11
14.6814335632932	2.10992e-10
14.7017970968586	2.38243e-10
14.7221606625634	2.14164e-10
14.7425242495702	2.28508e-10
14.7628878511626	2.01395e-10
14.7832514573138	2.10334e-10
14.8036150489136	1.01572e-10
14.8239786175551	1.96042e-10
14.8443421450529	1.5393e-10
14.864705633971	2.17416e-10
14.8850691134089	5.47652e-11
14.9054325990543	2.7155e-11
14.9257961207536	1.21509e-10
14.946159684211	2.39734e-10
14.9665232657805	1.92753e-10
14.9868868609564	2.29404e-10
15.0072504552867	6.29564e-11
15.0276140424889	6.46359e-11
15.0479776114859	3.06929e-11
15.0683411540567	2.21785e-10
15.0887046650757	2.39782e-10
15.1090681553673	2.02164e-10
15.1294316430273	2.26201e-10
15.1497951588092	1.19081e-10
15.1701587138572	2.07883e-10
15.1905222925003	1.46692e-10
15.2108858824712	1.98606e-10
15.2312494716142	4.40144e-11
15.2516130543978	2.35224e-10
15.2719766214649	4.09875e-11
15.2923401732238	2.34724e-11
15.3127036979845	2.25834e-10
15.3330672000747	2.35449e-10
15.3534306944438	2.19372e-11
15.3737942095462	2.06692e-10
15.3941577577945	5.13942e-11
15.4145213355139	3.23148e-11
15.4348849216765	2.12104e-10
15.45524850525	3.357e-11
15.4756120814072	2.21021e-10
15.495975642631	1.43773e-10
15.5163391908779	2.32279e-10
15.5367027230994	1.88403e-10
15.5570662339046	1.87374e-10
15.5774297450285	3.7369e-11
15.5977932655151	1.91033e-10
15.6181568125271	2.21666e-10
15.6385203870374	1.80292e-10
15.6588839749237	2.1025e-10
15.6792475573766	1.43149e-10
15.6996111267042	5.33737e-11
15.7199746823757	3.24074e-11
15.7403382259043	4.74931e-11
15.7607017621585	1.42488e-10
15.7810652801503	2.09979e-10
15.8014287964864	2.86854e-11
15.821792319031	2.04562e-10
15.8421558642616	1.00543e-10
15.8625194337963	2.02983e-10
15.882883019138	1.70551e-10
15.9032465996451	1.90443e-10
15.9236101656193	4.64485e-11
15.9439737165965	2.09837e-10
15.9643372553651	2.36047e-10
15.9847007880873	1.99476e-10
16.005064314530316	2.38487e-10
16.025427839609687	1.62448e-10
16.04579137674909	5.97328e-11
16.066154928540364	1.97914e-10
16.086518499374051	8.57298e-11
16.10688208618156	1.94782e-10
16.127245666527617	1.36704e-10
16.147609230362654	1.59913e-10
16.167972775362568	3.03144e-11
16.188336305943039	3.12166e-11
16.208699829769682	2.23931e-10
16.229063362225954	2.31323e-10
16.249426892833952	2.17199e-10
16.26979043628527	4.3023e-11
16.290153994274586	4.04024e-11
16.310517569997717	3.19523e-11
16.330881159280445	1.63455e-10
16.351244750972302	2.26149e-11
16.371608318197907	1.33727e-10
16.39197185989423	2.56118e-11
16.412335382109532	1.8681e-10
16.432698893389571	2.30356e-11
16.453062413546668	1.59613e-10
16.473425948927133	2.96044e-11
16.493789494909741	2.33557e-10
16.514153057483711	3.68025e-11
16.534516639141877	2.10876e-10
16.554880230238282	4.01927e-11
16.575243823183683	3.34339e-11
16.595607394502302	1.99837e-11
16.615970935547551	2.30985e-10
16.636334451774388	2.21798e-10
16.656697958581017	2.96626e-11
16.677061467975005	2.2915e-11
16.697425000215073	2.27853e-10
16.717788545713017	2.11356e-10
16.738152114435053	2.49473e-11
16.7585157023994	1.53459e-10
16.778879305258897	1.65049e-11
16.799242907282778	1.07818e-10
16.819606488282375	1.9188e-10
16.839970036551211	1.57764e-10
16.860333552418282	2.0848e-10
16.880697050888323	1.04288e-10
16.901060555309918	2.2157e-10
16.921424077232807	1.69696e-10
16.941787618659045	2.17366e-10
16.962151186926544	4.04162e-11
16.982514777911007	2.36517e-10
17.002878382193554	2.24481e-11
17.023241989741933	2.41464e-10
17.04360558048392	1.75476e-11
17.063969136288385	2.40279e-10
17.084332654687227	2.8272e-11
17.104696146418927	1.96572e-11
17.125059636619341	2.43452e-11
17.14542313992623	1.33899e-10
17.165786670837196	2.25672e-10
17.186150233136328	1.39644e-10
17.206513824231038	2.3719e-10
17.226877433842162	1.88082e-10
17.247241051135862	2.09872e-10
17.267604653008632	1.05326e-10
17.287968219559257	2.2282e-10
17.308331745606385	2.1793e-10
17.328695236693456	2.39652e-10
17.349058718163192	2.84877e-11
17.369422207417781	1.57181e-11
17.389785734480775	2.31042e-10
17.410149294179377	2.08578e-10
17.430512887223482	3.82568e-11
17.450876503864535	2.28272e-10
17.471240124672097	3.94045e-11
17.49160373716294	1.6165e-10
17.511967326855	3.03318e-11
17.532330865303908	1.45521e-10
17.552694362811767	2.9932e-11
17.573057836411969	2.22702e-10
17.593421307358419	3.05223e-11
17.613784812519363	2.12097e-10
17.634148365895022	4.02884e-11
17.65451195338137	3.78301e-11
17.674875570982135	2.52505e-11
17.695239199312432	2.81504e-11
17.715602823160292	2.42101e-10
17.735966415826166	2.41097e-10
17.756329966833551	2.11274e-10
17.776693468844488	2.22405e-11
17.797056936834789	2.1087e-10
17.817420405019448	2.29795e-11
17.837783892424273	2.30204e-10
17.858147429748726	2.23953e-10
17.878511009679787	1.58535e-10
17.898874626701371	2.29604e-10
17.919238263361208	1.14165e-10
17.939601891934981	3.17134e-11
17.959965498946893	1.71423e-10
17.980329070417046	3.13359e-11
18.000692586686572	1.20311e-11
18.021056058558223	2.10412e-10
18.041419518504881	9.33053e-11
18.061783002703194	2.36678e-10
18.082146524728248	2.03764e-10
18.102510096680152	2.3736e-10
18.122873709516856	3.43041e-11
18.143237348939454	1.30232e-11
18.163600986634325	2.84124e-11
18.183964606603347	2.37592e-10
18.204328182843785	2.41084e-10
18.224691711820988	1.7812e-10
18.245055187587646	2.36789e-10
18.265418638606299	1.20218e-10
18.285782104381052	3.69194e-11
18.306145602653789	1.76257e-10
18.326509152774403	3.31827e-11
18.346872758864571	1.56361e-11
18.367236400991022	2.28332e-10
18.38760005104929	1.1501e-10
18.407963677795411	3.10395e-11
18.428327269705346	1.73423e-10
18.448690815872759	3.07514e-11
18.469054308111442	1.13094e-11
18.489417761853009	2.17803e-10
18.509781217426724	2.32159e-11
18.530144696567966	1.38664e-11
18.550508234382271	1.59074e-11
18.570871830881437	1.51213e-10
18.591235471593642	1.91682e-11
18.611599130648568	8.77235e-11
18.631962773106508	2.38449e-10
18.65232638325195	2.10059e-10
18.672689945657726	1.2972e-11
18.693053451693164	1.79158e-10
18.713416916117637	5.51555e-11
18.733780362846996	2.05938e-10
18.754143820792596	4.13077e-11
18.774507333772565	4.49428e-11
18.79487090765868	2.80388e-11
18.815234536183535	1.27226e-11
18.835598194881722	2.2077e-10
18.855961847689553	2.42365e-11
18.876325475301879	1.56642e-11
18.896689048415144	1.64393e-11
18.917052568656807	1.56293e-10
18.937416033383958	1.81946e-11
18.957779471345752	9.17214e-11
18.978142926667076	2.23085e-11
18.998506419082386	1.48363e-10
19.018869969709424	2.45686e-11
19.039233588982782	1.10323e-11
19.059597249947831	2.31516e-10
19.079960915854745	1.2293e-10
19.100324550297486	3.01506e-11
19.12068814081254	1.61416e-10
19.141051676253102	3.63663e-11
19.161415159825257	1.44548e-11
19.181778602308832	2.35898e-10
19.202142048347902	2.4918e-11
19.222505521441327	1.42494e-11
19.242869059343374	1.61341e-11
19.263232662128292	1.52819e-10
19.283596321755777	1.97298e-11
19.303959998235012	8.90454e-11
19.324323650957361	2.40476e-10
19.344687262713553	2.18626e-10
19.365050816989946	1.19922e-11
19.385414310316893	3.62159e-11
19.405777756082614	2.34075e-10
19.426141190358308	1.00788e-10
19.446504657601846	2.41059e-10
19.466868173575662	2.14273e-10
19.487231753884561	1.37389e-11
19.507595396759108	3.76025e-11
19.527959073033518	2.39508e-10
19.548322737534924	1.64422e-11
19.568686368770202	2.3446e-10
19.589049935808166	1.58128e-11
19.609413441892517	1.57181e-10
19.629776895323829	1.26957e-11
19.650140324085889	1.08073e-10
19.670503774254556	2.65044e-11
19.690867266152907	1.70812e-10
19.711230821323472	2.92958e-11
19.73159444925788	9.82308e-12
19.751958129550523	2.4006e-10
19.772321811423804	1.35169e-10
19.792685453987765	3.03201e-11
19.813049044105917	1.71521e-10
19.833412570544095	3.8176e-11
19.853776041146514	1.60699e-11
19.874139476399382	2.42559e-10
19.894502917532012	2.60626e-11
19.914866389010324	1.6074e-10
19.935229917975168	1.52157e-11
19.955593524848609	1.03418e-10
19.975957187774572	3.21007e-11
19.996320874733271	1.76443e-10
20.016684550120743	1.19339e-11
20.037048167043981	1.09643e-10
20.057411710621192	1.93036e-11
20.077775192388618	1.88182e-10
20.098138628917507	2.47237e-11
20.118502059399074	1.4038e-11
20.138865508986495	1.18369e-11
20.159229023465087	1.7112e-11
20.179592607100602	2.42248e-10
20.199956255604565	2.66311e-11
20.220319945486132	1.1729e-11
20.240683620766543	2.19355e-11
20.261047257663286	1.51118e-10
20.281410832167804	1.24866e-11
20.301774331879244	9.06439e-11
20.322137783429373	2.27973e-10
20.342501213903304	1.90059e-10
20.362864648280748	2.4223e-11
20.383228138828642	1.41972e-10
20.403591704894403	2.31777e-10
20.423955336667486	1.90986e-10
20.444319020110335	3.79088e-11
20.464682706780074	3.90871e-11
20.4850463639211	1.5118e-11
20.505409951332151	2.23253e-11
20.525773468251913	1.37496e-11
20.546136926719758	1.56114e-11
20.566500353084983	2.27522e-10
20.58686379300913	2.38116e-11
20.60722726687111	1.37412e-10
20.627590801128761	1.40974e-11
20.64795441391718	8.65273e-11
20.668318080979176	2.3714e-10
20.688681773855972	1.90966e-10
20.709045453473365	2.98137e-11
20.729409068646017	3.07463e-11
20.749772611419541	2.31943e-10
20.770136084134176	3.35308e-11
20.790499510875151	2.37767e-10
20.810862941363315	3.40357e-11
20.831226395769434	1.40876e-10
20.851589903591321	2.488e-11
20.871953493155498	1.02709e-10
20.892317147946429	5.00335e-11
20.91268084099665	2.90663e-11
20.933044522143433	2.94139e-11
20.953408158996417	1.59123e-10
20.973771726877139	1.58661e-11
20.994135216182315	1.30175e-11
21.014498647231765	2.41285e-10
21.034862066938341	1.25912e-10
21.055225523493107	3.01942e-11
21.075589028270947	1.63888e-10
21.09595260010617	3.27807e-11
21.11631624217042	1.34104e-11
21.13667993192826	2.41913e-10
21.157043622219458	2.29663e-11
21.177407283408883	1.57391e-10
21.197770879675883	1.27071e-11
21.218134389519353	1.02487e-10
21.238497836775693	3.26799e-11
21.258861251796009	1.66161e-11
21.279224689518124	2.3992e-11
21.299588170345064	1.53528e-10
21.319951714716868	1.4699e-11
21.340315336185814	1.40629e-11
21.360679016026531	2.38029e-10
21.381042711383849	1.23893e-10
21.401406374446395	2.94548e-11
21.421769982472028	1.6876e-10
21.442133515127527	3.02157e-11
21.462496976693785	1.30517e-11
21.482860393048234	2.36643e-10
21.503223817820857	2.19709e-11
21.523587279345897	1.52567e-10
21.543950801098713	1.20082e-11
21.564314404308888	1.00117e-10
21.584678068102271	3.34568e-11
21.60504176411683	1.61803e-10
21.625405459474745	1.24388e-11
21.645769099746477	1.19758e-11
21.666132665713675	1.58405e-11
21.686496148420083	1.34248e-11
21.706859570535677	2.29621e-10
21.727222982663253	2.61098e-11
21.747586416941004	1.42672e-10
21.767949909192897	1.12431e-11
21.788313486009717	8.83551e-11
21.808677133241211	2.31458e-10
21.82904082416303	3.4147e-11
21.84940450995434	1.81824e-11
21.869768163850789	1.56169e-10
21.890131757987671	2.48236e-11
21.910495265390686	1.20356e-10
21.930858711015972	3.19774e-11
21.951222125836654	1.76248e-10
21.971585546894623	1.8056e-11
21.991949032552363	2.11018e-11
22.012312594521671	1.82267e-11
22.032676231675797	1.53558e-11
22.053039921498861	2.34448e-10
22.073403617439212	2.58289e-11
22.093767290316517	1.44301e-10
22.11413090833793	1.09195e-11
22.134494442141261	9.0219e-11
22.154857900803545	2.24603e-10
22.175221313392186	1.81623e-10
22.195584715794094	3.71254e-11
22.215948170867208	3.46334e-11
22.236311697438328	1.36653e-11
22.256675313076805	1.78699e-11
22.277038993220245	2.3575e-10
22.297402693861933	2.69462e-11
22.317766383220821	1.43221e-10
22.338130025571573	1.07608e-11
22.358493582187311	9.37879e-11
22.378857061052425	2.40008e-10
22.399220481773654	3.55862e-11
22.419583895858359	1.92236e-11
22.439947335198902	1.63701e-10
22.460310834521337	2.79651e-11
22.480674424477382	1.3113e-10
22.501038087444623	2.92409e-11
22.521401788752353	1.95414e-10
22.541765492376552	1.75781e-11
22.562129139950628	2.65987e-11
22.582492716432704	1.91855e-11
22.602856210030499	1.7311e-11
22.623219640807665	1.00688e-11
22.643583051397837	2.51035e-11
22.663946473054299	1.45526e-10
22.684309943929183	1.35036e-11
22.704673505427493	8.84983e-11
22.725037149903759	2.27407e-10
22.745400850564987	3.23737e-11
22.765764552275609	2.22305e-11
22.786128222006329	1.584e-10
22.806491828034719	2.07448e-11
22.826855346473121	1.17174e-10
22.847218799590618	2.70082e-11
22.867582217501894	1.65912e-10
22.887945634097271	1.19413e-11
22.908309106293434	1.92863e-11
22.92867264901551	1.78291e-11
22.949036275302998	1.60068e-11
22.969399965008808	2.41448e-10
22.989763671657332	2.77727e-11
23.010127361297862	1.51571e-10
23.030490993522683	1.16394e-11
23.050854533067184	9.71536e-11
23.071217994148828	2.42904e-10
23.091581405819909	1.85285e-10
23.111944803823064	4.04764e-11
23.132308252160367	4.22839e-11
23.152671765690044	1.38237e-11
23.173035367031051	2.14e-11
23.193399040358599	8.58174e-12
23.213762745133188	2.35477e-11
23.234126447919824	1.48636e-10
23.25449010954231	1.39483e-11
23.274853677613862	8.89681e-11
23.295217156919623	2.34172e-10
23.315580573516542	3.07035e-11
23.335943981323261	2.28517e-11
23.356307414132171	1.60592e-10
23.37667090907922	2.07355e-11
23.397034492955648	1.1644e-10
23.417398150314526	2.14706e-11
23.437761852332706	1.67987e-10
23.458125564408579	8.81797e-12
23.478489225051852	1.86115e-11
23.498852815992024	1.84675e-11
23.519216312847252	1.77453e-11
23.539579735056286	1.09789e-11
23.559943132218134	2.31341e-11
23.580306540359711	1.51642e-10
23.600670001421321	1.68744e-11
23.62103356212419	8.96441e-11
23.641397207797173	2.38488e-10
23.661760910283551	1.90603e-10
23.682124636277155	4.21724e-11
23.702488321250797	4.04549e-11
23.722851940926763	1.51176e-11
23.743215467303472	1.67405e-11
23.76357890781405	9.76924e-12
23.783942303927983	2.2522e-11
23.804305693568754	1.3599e-11
23.824669145037038	1.8399e-11
23.845032677024168	1.5909e-11
23.86539630690309	1.63419e-11
23.885760004833365	1.65257e-10
23.906123740626054	2.03929e-11
23.926487447230215	9.45508e-11
23.946851076301261	1.19974e-11
23.967214620869765	1.73411e-10
23.987578078687442	2.19912e-11
24.007941474296214	9.05353e-11
24.028304869266204	2.04043e-11
24.048668298354464	1.67505e-10
24.069031799320179	1.45892e-11
24.089395403838481	1.91051e-11
24.109759093951048	1.39566e-11
24.130122817491152	2.13789e-11
24.150486536959775	1.54487e-10
24.170850209303936	1.74103e-11
24.191213782934252	9.17608e-11
24.211577260378977	2.65982e-11
24.231940667272966	1.62732e-10
24.252304030937584	2.39303e-11
24.27266742773709	1.91269e-11
24.29303088959303	1.49663e-11
24.313394460327938	9.84207e-11
24.333758126194521	2.17492e-11
24.354121850063009	1.75507e-10
24.374485586972728	1.63503e-11
24.394849266520666	1.05547e-11
24.415212866213007	1.88611e-11
24.435576364518589	1.43227e-11
24.455939782519607	1.76073e-10
24.476303145141401	2.59777e-11
24.496666523707098	1.06524e-10
24.517029980765866	1.34657e-11
24.537393530153125	1.92291e-10
24.557757183072273	2.12473e-11
24.578120913468052	1.14855e-10
24.598484651143629	2.06611e-11
24.618848355032487	1.84373e-10
24.639211984905074	1.44667e-11
24.659575505640507	1.85948e-11
24.679938933285644	2.0528e-11
24.700302313586253	1.84138e-11
24.720665679601389	1.76888e-11
24.741029108276663	2.03116e-11
24.761392622853592	1.81294e-11
24.781756249522203	1.47536e-11
24.802119966137091	1.73356e-10
24.822483739195025	2.71942e-11
24.842847480441502	1.00537e-10
24.863211130155808	1.25657e-11
24.883574677830214	1.88424e-10
24.903938118685954	2.17016e-11
24.924301489587016	1.08244e-10
24.944664857588347	2.08429e-11
24.965028257237616	1.80342e-10
24.985391733923858	1.49096e-11
25.005755331007084	2.24545e-11
25.026119032656361	2.02091e-11
25.046482791358319	9.81567e-11
25.066846529128842	2.76606e-11
25.087210206546306	1.60076e-10
25.107573787465157	2.00831e-11
25.127937252401914	1.56035e-11
25.148300628919007	1.75678e-10
25.168663956002622	2.96825e-11
25.189027313091845	1.01553e-10
25.209390767273558	1.50785e-11
25.229754330779979	1.55694e-11
25.250118010659651	2.19737e-11
25.270481772583135	1.56775e-10
25.290845570645399	2.99246e-11
25.311209307111348	1.14354e-11
25.331572949001824	1.62669e-11
25.35193645723302	1.02873e-10
25.372299860795703	2.91549e-11
25.392663204515063	1.78401e-10
25.413026535971451	3.37819e-11
25.433389941821957	1.15666e-11
25.453753449337011	1.15277e-11
25.474117088525951	2.06452e-11
25.494480833022898	1.6135e-10
25.514844645433637	3.48153e-11
25.535208425378862	8.64804e-11
25.555572098340242	1.79042e-11
25.575935651126475	1.70617e-10
25.596299076349741	2.31341e-11
25.616662413782411	8.65629e-11
25.637025744395114	2.80772e-11
25.657389107638647	1.49422e-10
25.677752556723014	2.38071e-11
25.698116145452584	1.94843e-11
25.718479857862278	1.64079e-10
25.738843666344923	3.14917e-11
25.759207478527276	8.77731e-11
25.779571202936921	1.64175e-11
25.799934813981277	1.72579e-11
25.820298285132495	1.49222e-11
25.840661646552995	1.70121e-10
25.861024940033911	3.26203e-11
25.881388256413263	9.95243e-11
25.901751672720469	2.36293e-10
25.92211520757122	2.00672e-11
25.942478876291563	3.73012e-11
25.962842649415744	8.811e-11
25.983206446696908	2.41745e-10
26.003570207336136	2.18684e-10
26.023933877493128	2.21474e-11
26.044297405037394	3.03193e-11
26.064660806841896	1.72328e-10
26.085024112324486	3.48967e-11
26.105387408624846	1.00864e-10
26.125750778628653	3.40195e-11
26.146114253525365	1.86673e-11
26.166477873326201	1.66797e-11
26.186841613372415	1.54812e-10
26.207205438158997	3.15363e-11
26.227569247303006	1.41277e-11
26.247932986897357	1.74065e-11
26.268296585461627	1.07172e-10
26.288660043674508	2.37049e-10
26.309023399778891	2.077e-10
26.329386700808669	5.91874e-11
26.349750033870851	5.08969e-11
26.370113443801682	2.38641e-11
26.390476994578464	2.07542e-11
26.41084067647148	1.59952e-10
26.431204469883731	2.75896e-11
26.451568291574503	8.55771e-11
26.471932043805786	1.80466e-11
26.492295694091176	1.47208e-11
26.512659203631063	1.43629e-11
26.533022595620114	1.56805e-10
26.553385904383227	3.23294e-11
26.573749213967687	1.41483e-11
26.594112569758529	1.90353e-11
26.614476053178155	1.0316e-10
26.634839677702924	2.18206e-10
26.655203412734359	1.99403e-10
26.675567220104927	5.76375e-11
26.695931000218383	4.92618e-11
26.716294706606046	2.34343e-11
26.736658280016631	2.29307e-10
26.757021728910257	1.80952e-10
26.777385072563092	2.33368e-10
26.797748386361878	1.7881e-10
26.818111744614686	5.75386e-11
26.838475183490907	4.22204e-11
26.858838739847492	3.13144e-11
26.879202426747749	2.29273e-11
26.899566208214292	2.3712e-10
26.919930002722523	2.36519e-11
26.940293752598766	2.3272e-10
26.960657385135985	2.41076e-10
26.981020895167685	1.9939e-10
27.001384287142127	2.31788e-10
27.021747617257077	1.69171e-10
27.04211096220418	6.817e-11
27.06247435828827	2.36271e-10
27.082837851078175	7.92386e-11
27.10320147657767	4.67234e-11
27.123565210290774	2.61474e-11
27.143928992399459	1.02192e-10
27.164292735452808	2.37596e-11
27.184656402444293	1.7606e-10
27.205019961888436	2.53552e-11
27.225383406562791	1.55653e-11
27.245746770410019	2.03857e-10
27.266110123283976	3.36405e-11
27.286473498208132	2.27208e-10
27.306836968559203	2.35229e-10
27.327200544708514	2.03381e-10
27.347564231651692	2.39736e-10
27.367927990529147	1.64462e-10
27.38829174498094	7.33075e-11
27.408655447189744	2.08706e-10
27.429019058382128	9.88879e-11
27.449382552002394	5.75406e-11
27.469745952134183	4.47164e-11
27.490109314386856	2.04002e-11
27.510472677147	1.51133e-10
27.530836085484637	2.40438e-10
27.551199603956618	1.32639e-10
27.571563236453809	2.13011e-10
27.591926953986086	2.31791e-10
27.612290699546254	3.77073e-11
27.632654421144462	1.55722e-10
27.653018073273753	2.99811e-11
27.67338161540232	2.3152e-11
27.693745060200381	2.09729e-10
27.714108447554931	1.68533e-10
27.734471840596786	5.22414e-11
27.754835264038594	2.06462e-10
27.775198755595191	5.04763e-11
27.795562348963127	3.03718e-11
27.815926028744183	2.30387e-10
27.83628975410431	2.97523e-11
27.856653481061898	1.74484e-10
27.877017158745478	1.71984e-11
27.897380737335737	1.65477e-10
27.917744219770221	3.60274e-11
27.938107633615708	2.0984e-11
27.958471013704628	2.14596e-10
27.978834420132504	2.27535e-10
27.999197878429207	2.1313e-10
28.019561430360074	2.30297e-10
28.039925068820654	1.92591e-10
28.060288767770952	6.06277e-11
28.080652492707582	1.34068e-10
28.101016190553946	5.89545e-11
28.121379803878	1.50925e-10
28.141743323350173	9.36484e-11
28.162106769211185	1.06298e-10
28.182470167988441	2.88589e-11
28.202833580034152	3.16351e-11
28.22319702465478	1.88944e-10
28.243560548692106	1.93246e-10
28.263924152526943	1.77251e-10
28.284287823138722	4.43723e-11
28.304651531360612	1.48661e-10
28.325015236491904	4.43821e-11
28.345378872169842	1.86001e-10
28.365742419934922	2.45713e-11
28.386105892711281	3.38972e-11
28.406469310055357	1.86902e-10
28.426832725349826	2.35187e-10
28.447196163690268	2.04647e-10
28.467559667076646	2.06313e-10
28.487923241463257	1.68163e-10
28.508286884228458	2.26165e-10
28.52865057136481	2.20096e-10
28.549014255414662	4.80076e-11
28.569377901311537	4.71052e-11
28.589741472758817	2.41384e-10
28.610104973442933	2.16079e-10
28.630468414975208	2.0419e-10
28.650831841443363	6.50788e-11
28.671195283069771	2.33701e-10
28.691558775316711	8.16215e-11
28.711922336875094	8.86908e-11
28.732285958221283	2.31687e-10
28.752649626491959	4.20648e-11
28.773013301906989	2.3366e-10
28.793376956075367	3.58609e-11
28.813740544348455	4.48577e-11
28.834104066309635	1.30459e-10
28.854467528001887	2.00251e-10
28.874830965600147	1.42301e-10
28.89519442357825	2.37172e-10
28.915557917384977	1.97068e-10
28.935921461593946	2.05084e-10
28.956285066803535	2.36065e-10
28.976648718541544	4.18305e-11
28.997012383669599	1.98587e-10
29.017376038550044	1.98323e-10
29.037739639119238	1.97192e-10
29.058103178594443	1.67169e-10
29.078466658507747	1.82639e-10
29.098830107921408	1.12369e-10
29.119193567962011	2.13346e-10
29.139557059330077	1.95494e-10
29.159920594161147	1.97125e-10
29.180284185977783	1.97079e-10
29.20064782351831	2.11874e-10
29.221011478393862	4.77579e-11
29.24137512884765	4.1754e-11
29.261738737321714	2.32717e-10
29.282102290075006	2.21892e-10
29.302465785014309	1.99226e-10
29.322829245157468	1.26045e-10
29.343192708440025	6.85221e-11
29.363556195247764	1.94943e-10
29.383919724283253	8.65609e-11
29.404283307946592	2.79539e-11
29.424646937097258	4.90114e-11
29.445010586913412	1.02311e-10
29.465374224328926	1.9919e-10
29.485737833779044	1.88679e-10
29.506101395538654	2.07936e-10
29.526464905293693	1.79565e-10
29.546828377876057	1.89996e-10
29.567191847266141	3.49436e-11
29.587555333550434	2.41643e-10
29.607918867257876	3.64473e-11
29.628282447367621	2.0822e-10
29.648646072700814	3.67636e-11
29.66900972085234	4.3281e-11
29.689373359816113	1.76772e-10
29.709736973667368	1.42584e-10
29.73010054461821	1.56086e-10
29.750464063320806	2.11103e-10
29.770827542514006	1.94204e-10
29.791191012942136	3.79684e-11
29.811554494649901	2.75908e-11
29.831918019413379	2.18227e-10
29.852281590609927	2.17109e-10
29.87264520875712	2.22521e-10
29.89300885430772	1.32202e-10
29.913372495213348	2.34896e-10
29.933736114591522	2.34837e-10
29.954099693238337	3.50517e-11
29.974463220840743	6.27253e-11
29.994826707695101	3.75454e-11
30.015190181571576	3.15424e-11
30.035553661185784	2.22829e-10
30.055917179699463	2.33199e-10
30.076280743646912	1.80603e-10
30.096644354761622	2.28494e-10
30.117007997950033	2.02479e-10
30.137371641594168	2.2817e-10
30.157735267420321	1.79712e-10
30.178098855891079	1.97192e-10
30.198462392699231	6.91669e-11
30.218825890426725	2.14106e-10
30.239189364361248	2.41123e-10
30.25955283640474	6.49404e-11
30.279916343344524	6.67197e-11
30.300279901474731	4.05889e-11
30.320643505871359	1.78366e-10
30.341007144795867	2.42326e-10
30.361370787860917	2.86977e-11
30.38173441640977	3.44982e-11
30.402098002055496	2.16168e-10
30.422461542382091	2.04341e-10
30.442825038809239	2.24331e-10
30.463188507629678	1.13853e-10
30.483551982196627	2.37886e-10
30.503915479960785	4.05602e-11
30.524279019671781	4.52326e-11
30.544642614129003	2.4906e-11
30.565006251276188	2.17437e-10
30.585369897179056	2.58664e-11
30.605733532385997	2.38843e-10
30.626097126908075	2.37713e-10
30.646460676326459	1.85063e-10
30.666824183007936	2.20447e-10
30.68718765791288	1.99529e-10
30.70755112813757	3.93653e-11
30.727914612778346	1.89028e-10
30.74827813405777	8.25352e-11
30.768641712684627	5.09371e-11
30.789005337506143	2.4091e-11
30.809368982382612	1.58126e-10
30.829732621913394	2.32902e-10
30.85009622315296	1.33599e-10
30.870459774979732	1.7208e-10
30.89082328426715	1.22506e-10
30.911186762143487	1.72258e-10
30.931550227926319	2.37683e-10
30.951913700647534	2.176e-10
30.972277216292159	2.25241e-10
30.99264078078324	1.46975e-10
31.013004398024645	1.79953e-10
31.033368049325158	1.25395e-10
31.053731686881758	4.25928e-11
31.074095294915224	3.77405e-11
31.094458854078141	2.31949e-10
31.114822368233284	2.13746e-10
31.135185846461376	2.23739e-10
31.155549313645068	1.20637e-10
31.175912791862725	6.83357e-11
31.196276296315418	2.03106e-10
31.216639844086959	9.8589e-11
31.237003445110048	9.74703e-11
31.257367086949198	4.51971e-11
31.277730729327711	2.64977e-11
31.298094345589757	2.05257e-10
31.31845791233382	2.33968e-10
31.338821430963677	1.80429e-10
31.359184908245393	1.88966e-10
31.379548373595291	1.28351e-10
31.399911846107827	3.13228e-11
31.42027533663024	1.57644e-10
31.440638864969024	3.59484e-11
31.461002448072534	2.72396e-11
31.481366076926601	2.05914e-10
31.501729727028618	4.37183e-11
31.522093357567218	3.43113e-11
31.54245693915508	3.01635e-11
31.562820469756151	1.67315e-10
31.583183953157157	2.15669e-10
31.603547416865229	1.0815e-10
31.623910892771228	2.91902e-11
31.644274376916581	2.81899e-11
31.664637901141017	2.24111e-10
31.685001468901451	1.84053e-10
31.705365082454122	2.09817e-10
31.725728724496872	1.07484e-10
31.746092355299915	5.80154e-11
31.766455945489476	1.88267e-10
31.78681948414529	7.92406e-11
31.807182976042906	5.56603e-11
31.827546438685353	5.8423e-11
31.847909908332529	2.53998e-11
31.868273388992424	2.13344e-10
31.888636902195078	2.38386e-10
31.909000453982117	1.70133e-10
31.929364050449163	1.87468e-10
31.949727681493954	1.21722e-10
31.970091319836328	3.62615e-11
31.99045492777417	3.14675e-11
32.010818480590061	2.35527e-10
32.031181983267793	1.73227e-10
32.051545447767268	1.86309e-10
32.071908910466945	4.4705e-11
32.092272393226914	2.39747e-10
32.112635899908689	1.44582e-10
32.132999446517466	2.16043e-10
32.153363029990324	1.99159e-10
32.173726647004273	2.31893e-10
32.194090277245749	4.0109e-11
32.214453898162198	6.30431e-11
32.234817463349977	2.11299e-10
32.255180974268661	1.69344e-10
32.275544439263712	2.29422e-10
32.29590789308488	1.55918e-10
32.316271372615553	5.92612e-11
32.336634879166908	6.66554e-11
32.356998418754273	3.76741e-11
32.377361991437226	1.86987e-10
32.397725596571597	3.71526e-11
32.418089219122585	2.34033e-10
32.438452845142351	2.2583e-10
32.458816429063369	2.12438e-10
32.479179956321005	1.59046e-10
32.499543430979493	1.99148e-10
32.519906884382515	1.04493e-10
32.54027035472555	4.12761e-11
32.560633859650864	2.86278e-11
32.580997396171533	3.69081e-11
32.601360961253675	1.57037e-10
32.621724556019672	2.05845e-10
32.642088169671162	1.0869e-10
32.662451781608709	2.42696e-10
32.682815376931032	2.31902e-10
32.703178917021681	2.29899e-10
32.723542407112411	2.1622e-10
32.743905864163892	2.06817e-10
32.764269327846783	3.42662e-11
32.784632818593217	2.84045e-11
32.804996355353701	2.82992e-11
32.825359916838835	1.50753e-10
32.84572350506587	2.14447e-10
32.866087112154659	1.21933e-10
32.886450719673952	2.55501e-11
32.906814317370291	2.35102e-11
32.927177873310406	2.35597e-10
32.947541376043965	1.88455e-10
32.967904837004795	2.06398e-10
32.988268294506561	4.63264e-11
33.008631770540099	4.20628e-11
33.028995298909599	1.33594e-10
33.049358863031472	2.34307e-10
33.069722448457128	1.55021e-10
33.090086050100041	1.83323e-10
33.110449652861313	3.45827e-11
33.130813246995004	2.27229e-10
33.151176816866048	2.18085e-10
33.1715403311781	1.49461e-10
33.191903797107386	1.89985e-10
33.212267249861625	1.0718e-10
33.232630726931269	3.00396e-11
33.252994243121272	1.39854e-10
33.273357805020318	1.6237e-11
33.293721390941002	2.37255e-10
33.314084991809864	2.36104e-10
33.334448593570443	2.37736e-10
33.354812186461636	2.20454e-10
33.375175756630952	4.60562e-11
33.395539289482258	1.92556e-10
33.415902768628726	8.59785e-11
33.436266224090033	2.27616e-10
33.456629693813483	1.02244e-10
33.476993195667212	7.91568e-11
33.497356752782458	5.60117e-11
33.51772034047346	1.56072e-10
33.538083942457092	2.08866e-10
33.558447544074106	1.03249e-10
33.578811130218412	2.16184e-10
33.599174696168021	2.3058e-10
33.619538239230614	3.69078e-11
33.639901733357902	4.68725e-11
33.660265192902465	2.56034e-11
33.680628657404057	2.0877e-11
33.700992146093988	2.06573e-10
33.72135568862511	2.31433e-10
33.74171927992208	1.9384e-10
33.7620828869075	2.18682e-10
33.782446493696057	1.19566e-10
33.802810083714384	2.37843e-10
33.823173651242627	2.37603e-10
33.843537193214573	2.3005e-10
33.863900701786868	2.33889e-10
33.88426416850367	2.00493e-10
33.904627630249685	1.47594e-10
33.924991121397497	4.62681e-11
33.945354652701489	2.36991e-10
33.965718235514359	5.29789e-11
33.986081843508423	3.18153e-11
34.006445452401067	2.39175e-10
34.026809043929454	2.6292e-11
34.047172611331931	2.24168e-11
34.067536149540302	2.77294e-11
34.087899665707049	1.3951e-10
34.10826313855793	2.10725e-10
34.128626597975774	1.10978e-10
34.148990079543786	2.41978e-10
34.169353596538116	2.29064e-11
34.189717163630704	2.52402e-11
34.210080778737996	3.17093e-11
34.230444397737827	2.2162e-10
34.250807999429156	2.13586e-11
34.271171574687841	2.17761e-10
34.29153511645152	2.27337e-10
34.31189863138227	1.98104e-10
34.332262125094203	2.31653e-10
34.352625592125648	1.86553e-10
34.372989070406817	2.95528e-11
34.393352575710423	1.3542e-10
34.413716126078214	2.22615e-10
34.434079729690765	1.47013e-10
34.454443350227919	2.40715e-10
34.474806957928791	1.93721e-10
34.495170539215401	3.48339e-11
34.515534083500555	1.80904e-10
34.535897598551124	1.36222e-10
34.556261096180513	1.27631e-10
34.576624566461938	4.8894e-11
34.596988041795022	2.59567e-11
34.617351539110338	2.16862e-10
34.637715085658932	1.24905e-10
34.658078681241221	2.28232e-10
34.678442308605106	1.76629e-10
34.69880592771046	1.99722e-10
34.719169514695707	2.64324e-11
34.739533064183682	2.01052e-10
34.759896577899568	2.4116e-10
34.780260068573625	1.87591e-10
34.800623542514778	2.21216e-10
34.820987014581092	1.22779e-10
34.841350515775083	2.58472e-11
34.861714054611078	1.49445e-10
34.882077640448017	2.36575e-10
34.902441267104379	2.96624e-11
34.922804902211027	2.69331e-11
34.94316850432503	3.1279e-11
34.963532065900964	2.25512e-10
34.983895584634411	3.12335e-11
35.004259072060215	1.48054e-10
35.02462254540486	2.35185e-10
35.044986017078479	1.08219e-10
35.065349511987897	2.03189e-10
35.085713040643611	2.34498e-10
35.106076614982129	3.21814e-11
35.126440233414669	2.16578e-10
35.146803869453208	6.6734e-11
35.167167481325087	4.83718e-11
35.187531052949829	2.36125e-10
35.207894576650915	1.51424e-10
35.228258068502647	6.57014e-11
35.248621546065884	2.35798e-10
35.268985021138135	7.9418e-11
35.289348513815987	3.85946e-11
35.309712036308703	3.79524e-11
35.330075607047611	1.31453e-10
35.350439217894547	2.42947e-10
35.370802853456993	1.92962e-10
35.391166479728177	2.29018e-10
35.411530060186379	3.63523e-11
35.431893592280744	3.44824e-11
35.452257084131752	2.28563e-11
35.47262055304229	1.5576e-10
35.492984021819126	1.62911e-11
35.513347508534899	1.23909e-10
35.53371103257733	2.16085e-10
35.55407459683267	1.8654e-10
35.574438204215589	2.08053e-10
35.594801839739958	9.02728e-11
35.615165472341694	2.19456e-10
35.635529066311634	1.91953e-10
35.655892609933865	2.37041e-10
35.676256105997041	3.43483e-11
35.696619570751963	1.90791e-11
35.716983040221614	3.13133e-11
35.737346526475989	2.35163e-10
35.757710046027732	2.3682e-10
35.778073604352002	2.03499e-10
35.798437206570007	2.34246e-11
35.81880084046086	1.26506e-10
35.839164489832989	2.36357e-10
35.859528107419642	1.36976e-10
35.879891665365115	1.69595e-11
35.900255169455832	1.77641e-10
35.920618630882949	2.25757e-11
35.940982086134355	1.35694e-10
35.961345571781791	2.03376e-11
35.981709084330461	2.40656e-10
36.002072634526399	2.46859e-11
36.022436231349886	3.49686e-11
36.042799863448479	2.21333e-10
36.063163504300277	1.46841e-11
36.083527134911925	1.23041e-11
36.103890707192313	2.40072e-10
36.124254221581594	2.27261e-10
36.144617692144003	2.49872e-11
36.164981140560805	2.33065e-10
36.185344609215498	2.46523e-11
36.20570811116314	1.48546e-10
36.226071649617353	2.49574e-11
36.246435239003283	1.25421e-10
36.266798865258181	3.21891e-11
36.287162509928223	1.99919e-10
36.307526152197248	2.60552e-11
36.327889747986866	1.84094e-11
36.348253282069756	2.30424e-10
36.368616761375705	2.88629e-11
36.388980206306293	2.36264e-10
36.409343660700138	1.78331e-11
36.429707147066502	2.40327e-10
36.450070684030443	2.41548e-10
36.470434266754282	2.21998e-10
36.490797891344471	2.527e-11
36.511161540865992	1.57564e-11
36.531525181842007	2.35105e-11
36.551888798397322	1.38704e-10
36.572252354131649	2.3618e-10
36.592615845278075	1.39971e-10
36.612979300691073	2.37565e-10
36.633342745953762	1.73987e-10
36.653706211548062	2.32703e-10
36.674069735386873	1.5377e-10
36.694433311896418	2.96943e-11
36.714796931708364	1.55226e-10
36.735160582717171	2.65014e-11
36.75552423112093	2.52521e-11
36.775887858460599	1.76023e-11
36.796251427490006	1.56926e-11
36.8166149305654	2.15844e-10
36.836978386245477	3.02061e-11
36.85734181950388	2.32581e-10
36.877705279267722	2.29405e-10
36.89806878547396	1.67252e-10
36.918432345507107	1.14543e-11
36.938795959685564	1.41421e-10
36.959159605498314	4.78833e-11
36.979523261145246	1.74689e-10
36.999886902290946	3.73241e-11
37.020250493667774	1.51419e-10
37.040614015258235	2.84944e-11
37.060977479800421	4.201e-11
37.081340908739513	1.56474e-11
37.101704353691936	2.49149e-11
37.122067838536019	1.71159e-11
37.142431394698129	1.45858e-11
37.162795003753445	2.1833e-10
37.183158652050295	2.73952e-11
37.203522317659854	2.38663e-10
37.223885960705992	1.1787e-11
37.244249565245298	1.5839e-10
37.264613110358312	2.40387e-10
37.284976584134675	1.26072e-10
37.305340021557363	4.1574e-11
37.325703451437533	1.52283e-10
37.346066908207156	2.63498e-11
37.366430436986001	9.4222e-11
37.386794034518587	2.15426e-11
37.407157677576095	1.84357e-10
37.427521347724095	2.60995e-11
37.447885003217067	1.11506e-11
37.468248624069652	2.37226e-10
37.488612182599766	2.41288e-10
37.508975672224445	2.18604e-10
37.529339112058913	2.24402e-11
37.549702530583744	2.30593e-10
37.570065982862587	1.78064e-11
37.590429489502668	2.42552e-10
37.610793075522921	2.01252e-11
37.631156715777415	1.69155e-10
37.651520393957995	1.53775e-11
37.671884067595357	1.33267e-10
37.692247698360276	3.1121e-11
37.712611275591613	2.03105e-10
37.732974788574467	4.22454e-11
37.75333823780614	2.42807e-11
37.773701650449041	1.07682e-11
37.79406508332508	2.20497e-11
37.814428561735717	1.76737e-11
37.834792121806323	1.41902e-11
37.855155752642602	2.24795e-10
37.8755194222977	2.96645e-11
37.895883104310194	1.38169e-11
37.916246752470073	2.15755e-11
37.936610350320557	1.50727e-10
37.956973883091102	1.68719e-11
37.977337346994616	9.22961e-11
37.99770077295517	2.3632e-10
38.018064192920335	2.00158e-10
38.038427644010547	2.38302e-11
38.058791174351285	1.74132e-10
38.079154787874671	6.29072e-11
38.099518453396939	2.23395e-10
38.119882143939066	3.42063e-11
38.140245809304602	5.48072e-11
38.160609428410574	2.89569e-11
38.180972973914336	1.13797e-11
38.201336454673687	2.2736e-10
38.221699883051336	2.8311e-11
38.242063289404307	1.37907e-11
38.262426733590786	2.11453e-11
38.282790237013465	2.39214e-10
38.303153826396304	1.95156e-11
38.323517486824095	1.4236e-10
38.343881186093626	2.28092e-10
38.36424487333597	1.06521e-10
38.38460850633993	3.10259e-11
38.404972074930832	1.75008e-10
38.425335572599344	4.13476e-11
38.445699012472097	1.51971e-11
38.466062413919701	1.44151e-11
38.486425838036261	1.9839e-11
38.506789311466626	1.62522e-11
38.527152872607985	1.38137e-11
38.547516515274758	1.6099e-10
38.567880216151998	1.83536e-11
38.58824391882041	9.35745e-11
38.608607574849806	1.61552e-11
38.628971168172299	1.57435e-10
38.649334685653564	2.268e-11
38.669698137187552	1.17698e-11
38.690061538461677	2.37447e-10
38.710424945088178	1.12275e-10
38.73078840926852	2.39761e-11
38.751151944648186	1.62221e-10
38.77151556338918	3.29763e-11
38.791879248503875	1.21569e-11
38.812242955058323	2.38579e-10
38.832606627933359	1.97179e-11
38.852970244933687	1.32939e-11
38.873333779498601	1.38525e-11
38.893697243112555	1.55434e-10
38.914060650638397	2.21459e-11
38.934424045550308	9.0287e-11
38.954787485416233	2.38782e-10
38.975150990315939	2.339e-10
38.995514580159778	1.26503e-11
39.015878251342912	3.72102e-11
39.036241968124166	1.1101e-11
39.05660566493308	8.89619e-11
39.076969297762268	2.31245e-11
39.09733285748483	1.77399e-10
39.117696339893982	2.39985e-11
39.138059769897254	1.29856e-11
39.158423168275519	2.35927e-10
39.178786593294895	1.78982e-11
39.199150071306121	1.26484e-11
39.219513639615137	1.35925e-11
39.239877290134309	1.5598e-10
39.260241007262657	2.11557e-11
39.280604720499305	8.98587e-11
39.300968377535071	2.40185e-10
39.321331962909277	2.36463e-10
39.34169546503513	1.226e-11
39.362058899498166	3.76304e-11
39.382422295032171	1.05849e-11
39.402785699674283	2.23537e-11
39.423149144502062	1.28762e-11
39.443512677864739	1.36836e-11
39.463876298338178	1.57389e-10
39.484239998019646	2.09453e-11
39.504603722191803	9.07799e-11
39.524967403267901	1.98321e-11
39.545331019390375	1.92952e-11
39.565694546320877	1.39102e-11
39.586057998308355	1.59402e-10
39.606421398078297	2.10773e-11
39.62678479495117	9.71689e-11
39.647148240119847	2.40015e-10
39.667511752455489	2.35308e-10
39.687875350300459	1.25678e-11
39.708239026923472	3.68498e-11
39.728602753043887	1.11643e-11
39.748966452469645	2.19699e-11
39.769330096373778	1.28244e-11
39.789693648428269	1.35363e-11
39.810057116799662	1.56844e-10
39.830420518232081	2.17969e-11
39.850783907296531	9.20529e-11
39.87114732915753	1.90051e-11
39.89151080872518	1.53008e-10
39.911874371598927	2.13434e-11
39.932238024797002	1.26991e-11
39.952601742349358	2.40913e-10
39.972965460072196	1.23536e-10
39.993329115595046	2.87401e-11
40.013692694523591	1.73518e-10
