	0.012
0.012	0.0144
0.0264	0.01728
0.04368	0.0206055
0.0642855	0.0238639
0.0881494	0.0270596
0.115209	0.0302032
0.145412	0.0310069
0.176419	0.0305456
0.206965	0.030241
0.237206	0.0300691
0.267275	0.0298967
0.297172	0.0295959
0.326767	0.029298
0.356065	0.0289998
0.385065	0.0287371
0.413802	0.0285197
0.442322	0.0282865
0.470609	0.0281049
0.498713	0.0279234
0.526637	0.0277601
0.554397	0.0276269
0.582024	0.0274797
0.609503	0.0273554
0.636859	0.0271628
0.664022	0.0269942
0.691016	0.0268245
0.71784	0.0266695
0.74451	0.0265193
0.771029	0.0263768
0.797406	0.026243
0.823649	0.0261118
0.849761	0.0259921
0.875753	0.0258713
0.901624	0.0257635
0.927388	0.0256523
0.95304	0.0255548
0.978595	0.0254524
1.00405	0.0253638
1.02941	0.0252696
1.05468	0.0251729
1.07985	0.0250761
1.10493	0.0249815
1.12991	0.0248918
1.1548	0.0248025
1.17961	0.0247193
1.20432	0.0246347
1.22896	0.024557
1.25352	0.0244772
1.27799	0.0244032
1.3024	0.0243291
1.32673	0.0242585
1.35098	0.0241897
1.37517	0.0241222
1.3993	0.0240583
1.42335	0.0239936
1.44735	0.0239331
1.47128	0.0238723
1.49515	0.0238142
1.51897	0.0237576
1.54273	0.0237018
1.56643	0.0236449
1.59007	0.0235848
1.61366	0.0235271
1.63718	0.0234706
1.66065	0.0234149
1.68407	0.0233613
1.70743	0.023308
1.73074	0.0232563
1.754	0.023206
1.7772	0.0231561
1.80036	0.0231081
1.82347	0.0230606
1.84653	0.0230142
1.86954	0.0229694
1.89251	0.0229246
1.91543	0.0228813
1.93832	0.0228389
1.96115	0.0227971
1.98395	0.0227568
2.006708	0.0227167
2.029425	0.0226777
2.052103	0.0226393
2.074742	0.0225991
2.097341	0.0225597
2.119901	0.0225213
2.142422	0.0224832
2.164905	0.0224461
2.187351	0.0224097
2.209761	0.0223738
2.232135	0.0223387
2.254474	0.0223042
2.276778	0.0222703
2.299048	0.0222372
2.321285	0.0222044
2.34349	0.0221723
2.365662	0.0221404
2.387802	0.0221083
2.409911	0.0220767
2.431987	0.0220456
2.454033	0.022015
2.476048	0.0219849
2.498033	0.0219553
2.519988	0.0219262
2.541915	0.0218975
2.563812	0.0218693
2.585681	0.0218415
2.607523	0.0218142
2.629337	0.0217873
2.651124	0.0217607
2.672885	0.0217346
2.69462	0.0217089
2.716329	0.0216836
2.738012	0.0216586
2.759671	0.021634
2.781305	0.0216098
2.802915	0.0215859
2.824501	0.0215623
2.846063	0.0215391
2.867602	0.0215163
2.889118	0.0214937
2.910612	0.0214715
2.932084	0.0214496
2.953533	0.021428
2.974961	0.0214067
2.996368	0.0213856
3.017753	0.0213649
3.039118	0.0213445
3.060463	0.0213243
3.081787	0.0213044
3.103092	0.0212848
3.124376	0.0212655
3.145642	0.0212464
3.166888	0.0212276
3.188116	0.0212091
3.209325	0.0211909
3.230516	0.0211729
3.251689	0.0211552
3.272844	0.0211377
3.293982	0.0211206
3.315102	0.0211037
3.336206	0.0210871
3.357293	0.0210708
3.378364	0.0210548
3.399419	0.0210391
3.420458	0.0210236
3.441481	0.0210085
3.46249	0.0209937
3.483483	0.0209791
3.504463	0.0209649
3.525427	0.0209509
3.546378	0.0209369
3.567315	0.0209231
3.588238	0.0209095
3.609148	0.0208962
3.630044	0.020883
3.650927	0.0208701
3.671797	0.0208574
3.692654	0.0208448
3.713499	0.0208324
3.734332	0.0208201
3.755152	0.0208079
3.77596	0.0207958
3.796755	0.0207837
3.817539	0.0207717
3.838311	0.0207597
3.859071	0.0207478
3.879818	0.0207359
3.900554	0.020724
3.921278	0.020712
3.94199	0.0206999
3.96269	0.0206878
3.983378	0.0206759
4.0040539	0.0206642
4.0247181	0.0206527
4.0453707	0.0206414
4.0660121	0.0206304
4.0866425	0.0206196
4.1072621	0.0206092
4.1278713	0.0205991
4.1484705	0.0205894
4.1690599	0.02058
4.1896399	0.020571
4.2102109	0.020562
4.2307729	0.0205534
4.2513263	0.020545
4.2718713	0.020537
4.2924084	0.0205293
4.3129377	0.0205219
4.3334596	0.0205148
4.3539744	0.020508
4.3744824	0.0205014
4.3949838	0.0204951
4.4154788	0.020489
4.4359678	0.0204832
4.456451	0.0204776
4.4769286	0.0204722
4.4974008	0.0204671
4.5178679	0.0204622
4.5383301	0.0204575
4.5587876	0.020453
4.5792406	0.0204488
4.5996894	0.0204447
4.6201341	0.0204409
4.640575	0.0204372
4.6610122	0.0204337
4.6814459	0.0204304
4.7018763	0.0204273
4.7223035	0.0204243
4.7427278	0.0204214
4.7631493	0.0204187
4.783568	0.0204162
4.8039842	0.0204137
4.8243979	0.0204114
4.8448093	0.0204092
4.8652185	0.0204071
4.8856256	0.020405
4.9060306	0.0204031
4.9264337	0.0204013
4.946835	0.0203995
4.9672345	0.0203978
4.9876323	0.0203963
5.0080286	0.0203948
5.0284233	0.0203933
5.0488167	0.020392
5.0692087	0.0203907
5.0895993	0.0203895
5.1099888	0.0203883
5.1303771	0.0203872
5.1507643	0.0203861
5.1711504	0.0203851
5.1915355	0.0203842
5.2119197	0.0203832
5.2323029	0.0203824
5.2526853	0.0203815
5.2730668	0.0203807
5.2934476	0.02038
5.3138275	0.0203793
5.3342068	0.0203786
5.3545854	0.0203779
5.3749633	0.0203773
5.3953406	0.0203767
5.4157173	0.0203761
5.4360934	0.0203756
5.456469	0.0203751
5.4768441	0.0203746
5.4972187	0.0203741
5.5175928	0.0203737
5.5379665	0.0203733
5.5583397	0.0203728
5.5787126	0.0203725
5.599085	0.0203721
5.6194571	0.0203717
5.6398288	0.0203714
5.6602002	0.0203711
5.6805713	0.0203707
5.700942	0.0203704
5.7213125	0.0203702
5.7416826	0.0203699
5.7620525	0.0203696
5.7824221	0.0203694
5.8027915	0.0203691
5.8231607	0.0203689
5.8435296	0.0203687
5.8638983	0.0203685
5.8842667	0.0203683
5.904635	0.0203681
5.9250031	0.0203679
5.945371	0.0203677
5.9657387	0.0203675
5.9861063	0.0203674
6.00647367	0.0203672
6.02684089	0.0203671
6.04720797	0.0203669
6.0675749	0.0203668
6.08794169	0.0203667
6.10830834	0.0203665
6.12867487	0.0203664
6.14904127	0.0203663
6.16940756	0.0203662
6.18977373	0.0203661
6.21013979	0.020366
6.23050575	0.0203659
6.25087161	0.0203658
6.27123737	0.0203657
6.29160303	0.0203656
6.31196861	0.0203655
6.33233411	0.0203654
6.35269952	0.0203653
6.37306485	0.0203653
6.3934301	0.0203652
6.41379529	0.0203651
6.4341604	0.020365
6.45452545	0.020365
6.47489043	0.0203649
6.49525535	0.0203649
6.51562022	0.0203648
6.53598502	0.0203648
6.55634978	0.0203647
6.57671448	0.0203647
6.59707913	0.0203646
6.61744374	0.0203646
6.63780831	0.0203645
6.65817283	0.0203645
6.67853732	0.0203644
6.69890177	0.0203644
6.71926618	0.0203644
6.73963056	0.0203643
6.75999491	0.0203643
6.78035922	0.0203643
6.8007235	0.0203643
6.82108775	0.0203642
6.84145197	0.0203642
6.86181617	0.0203642
6.88218034	0.0203641
6.90254448	0.0203641
6.9229086	0.0203641
6.94327269	0.0203641
6.96363677	0.0203641
6.98400082	0.020364
7.00436485	0.020364
7.02472885	0.020364
7.04509285	0.020364
7.06545682	0.020364
7.08582077	0.0203639
7.10618471	0.0203639
7.12654863	0.0203639
7.14691254	0.0203639
7.16727643	0.0203639
7.18764031	0.0203639
7.20800417	0.0203639
7.22836802	0.0203638
7.24873186	0.0203638
7.26909569	0.0203638
7.2894595	0.0203638
7.30982331	0.0203638
7.33018711	0.0203638
7.35055089	0.0203638
7.37091466	0.0203638
7.39127843	0.0203638
7.41164219	0.0203637
7.43200593	0.0203637
7.45236967	0.0203637
7.4727334	0.0203637
7.49309713	0.0203637
7.51346084	0.0203637
7.53382455	0.0203637
7.55418826	0.0203637
7.57455196	0.0203637
7.59491565	0.0203637
7.61527934	0.0203637
7.63564302	0.0203637
7.6560067	0.0203637
7.67637037	0.0203637
7.69673403	0.0203637
7.71709769	0.0203637
7.73746135	0.0203637
7.757825	0.0203636
7.77818864	0.0203636
7.79855229	0.0203636
7.81891593	0.0203636
7.83927957	0.0203636
7.8596432	0.0203636
7.88000684	0.0203636
7.90037046	0.0203636
7.92073409	0.0203636
7.94109771	0.0203636
7.96146133	0.0203636
7.98182494	0.0203636
8.002188551	0.0203636
8.02255216	0.0203636
8.042915766	0.0203636
8.06327937	0.0203636
8.083642972	0.0203636
8.104006571	0.0203636
8.124370169	0.0203636
8.144733765	0.0203636
8.16509736	0.0203636
8.185460954	0.0203636
8.205824548	0.0203636
8.22618814	0.0203636
8.246551731	0.0203636
8.266915321	0.0203636
8.287278908	0.0203636
8.307642492	0.0203636
8.328006072	0.0203636
8.348369649	0.0203636
8.368733224	0.0203636
8.389096797	0.0203636
8.40946037	0.0203636
8.429823944	0.0203636
8.450187521	0.0203636
8.470551101	0.0203636
8.490914683	0.0203636
8.511278265	0.0203636
8.531641845	0.0203636
8.55200542	0.0203636
8.57236899	0.0203636
8.592732554	0.0203636
8.613096113	0.0203636
8.633459668	0.0203636
8.653823225	0.0203636
8.674186786	0.0203636
8.694550353	0.0203636
8.71491393	0.0203636
8.735277513	0.0203636
8.755641099	0.0203636
8.776004682	0.0203636
8.796368257	0.0203636
8.81673182	0.0203635
8.837095369	0.0203635
8.857458906	0.0203635
8.877822438	0.0203635
8.898185973	0.0203635
8.918549517	0.0203636
8.938913079	0.0203636
8.95927666	0.0203636
8.97964026	0.0203636
9.000003871	0.0203636
9.020367481	0.0203636
9.040731076	0.0203636
9.061094641	0.0203635
9.081458172	0.0203635
9.101821671	0.0203635
9.122185152	0.0203635
9.142548634	0.0203635
9.162912138	0.0203635
9.18327568	0.0203636
9.203639268	0.0203636
9.224002903	0.0203637
9.24436657	0.0203637
9.264730246	0.0203637
9.285093899	0.0203636
9.305457494	0.0203635
9.325821017	0.0203635
9.346184486	0.0203634
9.36654792	0.0203634
9.386911349	0.0203635
9.407274824	0.0203635
9.42763836	0.0203636
9.448001951	0.0203636
9.468365589	0.0203637
9.488729255	0.0203637
9.509092905	0.0203636
9.529456522	0.0203636
9.549820088	0.0203635
9.570183592	0.0203635
9.590547057	0.0203634
9.610910505	0.0203635
9.631273966	0.0203635
9.65163748	0.0203636
9.672001057	0.0203636
9.692364678	0.0203636
9.712728325	0.0203637
9.733091976	0.0203636
9.753455593	0.0203636
9.773819162	0.0203635
9.794182684	0.0203635
9.814546158	0.0203635
9.834909615	0.0203635
9.855273074	0.0203635
9.875636563	0.0203635
9.896000112	0.0203636
9.916363724	0.0203636
9.936727369	0.0203637
9.957091022	0.0203636
9.977454658	0.0203636
9.9978182462	0.0203635
10.018181781	0.0203635
10.038545276	0.0203635
10.05890874	0.0203634
10.079272183	0.0203635
10.099635651	0.0203635
10.119999168	0.0203636
10.140362738	0.0203636
10.160726361	0.0203637
10.181090022	0.0203636
10.201453664	0.0203636
10.221817265	0.0203636
10.24218082	0.0203635
10.262544327	0.0203635
10.282907811	0.0203635
10.303271285	0.0203635
10.323634756	0.0203635
10.343998258	0.0203635
10.364361803	0.0203636
10.384725393	0.0203636
10.40508902	0.0203636
10.425452668	0.0203636
10.445816282	0.0203636
10.466179847	0.0203635
10.486543366	0.0203635
10.506906848	0.0203635
10.527270312	0.0203635
10.547633798	0.0203635
10.567997312	0.0203635
10.588360855	0.0203636
10.608724435	0.0203636
10.629088049	0.0203636
10.649451675	0.0203636
10.669815299	0.0203636
10.690178877	0.0203635
10.710542403	0.0203635
10.730905881	0.0203635
10.751269345	0.0203635
10.771632829	0.0203635
10.791996345	0.0203635
10.81235989	0.0203636
10.832723468	0.0203636
10.853087073	0.0203636
10.873450685	0.0203636
10.893814294	0.0203636
10.914177883	0.0203635
10.93454142	0.0203635
10.954904909	0.0203635
10.975268378	0.0203635
10.995631848	0.0203635
11.015995343	0.0203636
11.036358894	0.0203636
11.056722479	0.0203636
11.077086092	0.0203636
11.097449711	0.0203636
11.117813316	0.0203636
11.138176899	0.0203636
11.15854045	0.0203635
11.178903941	0.0203635
11.199267399	0.0203635
11.219630861	0.0203635
11.239994345	0.0203635
11.260357876	0.0203636
11.280721466	0.0203636
11.301085084	0.0203636
11.321448707	0.0203636
11.34181232	0.0203636
11.362175907	0.0203635
11.382539455	0.0203635
11.402902966	0.0203635
11.423266432	0.0203634
11.443629877	0.0203635
11.463993347	0.0203635
11.484356861	0.0203636
11.504720438	0.0203636
11.525084064	0.0203636
11.545447707	0.0203636
11.565811333	0.0203636
11.586174929	0.0203635
11.606538478	0.0203635
11.626901984	0.0203635
11.647265457	0.0203634
11.667628898	0.0203634
11.687992337	0.0203635
11.708355824	0.0203636
11.728719379	0.0203636
11.749082996	0.0203637
11.769446651	0.0203636
11.789810294	0.0203636
11.810173907	0.0203636
11.830537468	0.0203635
11.850900978	0.0203635
11.871264447	0.0203634
11.891627892	0.0203634
11.911991341	0.0203635
11.932354817	0.0203635
11.952718344	0.0203636
11.973081939	0.0203637
11.99344559434	0.0203637
12.01380925529	0.0203636
12.03417289179	0.0203636
12.05453648076	0.0203635
12.07490000782	0.0203635
12.09526348889	0.0203635
12.11562694407	0.0203634
12.13599037609	0.0203635
12.15635383144	0.0203635
12.17671733008	0.0203636
12.19708089675	0.0203636
12.21744452651	0.0203637
12.23780820658	0.0203637
12.25817186695	0.0203636
12.27853547415	0.0203635
12.29889902237	0.0203635
12.31926251112	0.0203635
12.33962596611	0.0203634
12.35998940793	0.0203634
12.38035284084	0.0203635
12.40071631628	0.0203635
12.42107985784	0.0203636
12.44144346227	0.0203637
12.46180712183	0.0203637
12.48217079302	0.0203636
12.50253443125	0.0203636
12.52289800715	0.0203635
12.54326151994	0.0203635
12.56362497754	0.0203634
12.58398841843	0.0203635
12.60435187275	0.0203635
12.62471534467	0.0203635
12.64507885982	0.0203636
12.665442439	0.0203636
12.68580607513	0.0203637
12.7061697389	0.0203637
12.72653339076	0.0203636
12.74689698692	0.0203635
12.76726052176	0.0203635
12.78762399747	0.0203634
12.80798744572	0.0203635
12.82835090632	0.0203635
12.84871437559	0.0203635
12.86907787691	0.0203636
12.88944143612	0.0203636
12.90980505083	0.0203636
12.93016869997	0.0203637
12.95053235982	0.0203636
12.97089597196	0.0203636
12.9912595269	0.0203635
13.01162302148	0.0203635
13.03198648033	0.0203635
13.05234994077	0.0203635
13.07271341256	0.0203635
13.09307690579	0.0203635
13.11344044901	0.0203636
13.13380404338	0.0203636
13.15416767578	0.0203637
13.17453132941	0.0203636
13.19489495271	0.0203636
13.21525852353	0.0203635
13.23562203445	0.0203635
13.25598550384	0.0203635
13.27634896623	0.0203635
13.29671244231	0.0203635
13.31707593321	0.0203635
13.33743946613	0.0203636
13.35780304472	0.0203636
13.37816666195	0.0203636
13.39853029428	0.0203636
13.41889392135	0.0203636
13.43925750265	0.0203635
13.45962102575	0.0203635
13.47998450311	0.0203635
13.5003479667	0.0203635
13.52071143701	0.0203635
13.54107493074	0.0203635
13.56143845968	0.0203636
13.58180202889	0.0203636
13.60216563541	0.0203636
13.62252925954	0.0203636
13.64289288686	0.0203636
13.6632564835	0.0203635
13.68362002358	0.0203635
13.70398351206	0.0203635
13.72434697794	0.0203635
13.74471044149	0.0203635
13.76507393006	0.0203635
13.7854374548	0.0203636
13.80580101807	0.0203636
13.82616461551	0.0203636
13.8465282397	0.0203636
13.86689186547	0.0203636
13.88725547992	0.0203636
13.90761903678	0.0203635
13.92798253824	0.0203635
13.94834600806	0.0203635
13.96870946542	0.0203635
13.98907293789	0.0203635
14.0094364577312	0.0203636
14.0298000130973	0.0203636
14.0501636013946	0.0203636
14.0705272175708	0.0203636
14.0908908398268	0.0203636
14.1112544558006	0.0203636
14.131618032832	0.0203635
14.1519815536864	0.0203635
14.1723450349716	0.0203635
14.1927085077246	0.0203635
14.2130719896849	0.0203635
14.2334355040105	0.0203636
14.2537990549689	0.0203636
14.2741626356452	0.0203636
14.2945262384683	0.0203636
14.31488985414	0.0203636
14.3352534688751	0.0203636
14.3556170600466	0.0203635
14.3759805997988	0.0203635
14.3963440939232	0.0203635
14.4167075575528	0.0203635
14.4370710296378	0.0203635
14.4574345273653	0.0203635
14.4777980714691	0.0203636
14.4981616426774	0.0203636
14.5185252369021	0.0203636
14.5388888459439	0.0203636
14.5592524577909	0.0203636
14.5796160513772	0.0203636
14.5999796099103	0.0203635
14.6203431219358	0.0203635
14.6407065980394	0.0203635
14.661070072973	0.0203635
14.6814335632932	0.0203635
14.7017970968586	0.0203636
14.7221606625634	0.0203636
14.7425242495702	0.0203636
14.7628878511626	0.0203636
14.7832514573138	0.0203636
14.8036150489136	0.0203636
14.8239786175551	0.0203635
14.8443421450529	0.0203635
14.864705633971	0.0203635
14.8850691134089	0.0203635
14.9054325990543	0.0203635
14.9257961207536	0.0203636
14.946159684211	0.0203636
14.9665232657805	0.0203636
14.9868868609564	0.0203636
15.0072504552867	0.0203636
15.0276140424889	0.0203636
15.0479776114859	0.0203635
15.0683411540567	0.0203635
15.0887046650757	0.0203635
15.1090681553673	0.0203635
15.1294316430273	0.0203635
15.1497951588092	0.0203636
15.1701587138572	0.0203636
15.1905222925003	0.0203636
15.2108858824712	0.0203636
15.2312494716142	0.0203636
15.2516130543978	0.0203636
15.2719766214649	0.0203636
15.2923401732238	0.0203635
15.3127036979845	0.0203635
15.3330672000747	0.0203635
15.3534306944438	0.0203635
15.3737942095462	0.0203635
15.3941577577945	0.0203636
15.4145213355139	0.0203636
15.4348849216765	0.0203636
15.45524850525	0.0203636
15.4756120814072	0.0203636
15.495975642631	0.0203635
15.5163391908779	0.0203635
15.5367027230994	0.0203635
15.5570662339046	0.0203635
15.5774297450285	0.0203635
15.5977932655151	0.0203635
15.6181568125271	0.0203636
15.6385203870374	0.0203636
15.6588839749237	0.0203636
15.6792475573766	0.0203636
15.6996111267042	0.0203636
15.7199746823757	0.0203635
15.7403382259043	0.0203635
15.7607017621585	0.0203635
15.7810652801503	0.0203635
15.8014287964864	0.0203635
15.821792319031	0.0203635
15.8421558642616	0.0203636
15.8625194337963	0.0203636
15.882883019138	0.0203636
15.9032465996451	0.0203636
15.9236101656193	0.0203636
15.9439737165965	0.0203635
15.9643372553651	0.0203635
15.9847007880873	0.0203635
16.005064314530316	0.0203635
16.025427839609687	0.0203635
16.04579137674909	0.0203636
16.066154928540364	0.0203636
16.086518499374051	0.0203636
16.10688208618156	0.0203636
16.127245666527617	0.0203636
16.147609230362654	0.0203635
16.167972775362568	0.0203635
16.188336305943039	0.0203635
16.208699829769682	0.0203635
16.229063362225954	0.0203635
16.249426892833952	0.0203635
16.26979043628527	0.0203636
16.290153994274586	0.0203636
16.310517569997717	0.0203636
16.330881159280445	0.0203636
16.351244750972302	0.0203636
16.371608318197907	0.0203635
16.39197185989423	0.0203635
16.412335382109532	0.0203635
16.432698893389571	0.0203635
16.453062413546668	0.0203635
16.473425948927133	0.0203635
16.493789494909741	0.0203636
16.514153057483711	0.0203636
16.534516639141877	0.0203636
16.554880230238282	0.0203636
16.575243823183683	0.0203636
16.595607394502302	0.0203635
16.615970935547551	0.0203635
16.636334451774388	0.0203635
16.656697958581017	0.0203635
16.677061467975005	0.0203635
16.697425000215073	0.0203635
16.717788545713017	0.0203636
16.738152114435053	0.0203636
16.7585157023994	0.0203636
16.778879305258897	0.0203636
16.799242907282778	0.0203636
16.819606488282375	0.0203635
16.839970036551211	0.0203635
16.860333552418282	0.0203635
16.880697050888323	0.0203635
16.901060555309918	0.0203635
16.921424077232807	0.0203635
16.941787618659045	0.0203636
16.962151186926544	0.0203636
16.982514777911007	0.0203636
17.002878382193554	0.0203636
17.023241989741933	0.0203636
17.04360558048392	0.0203636
17.063969136288385	0.0203635
17.084332654687227	0.0203635
17.104696146418927	0.0203635
17.125059636619341	0.0203635
17.14542313992623	0.0203635
17.165786670837196	0.0203636
17.186150233136328	0.0203636
17.206513824231038	0.0203636
17.226877433842162	0.0203636
17.247241051135862	0.0203636
17.267604653008632	0.0203636
17.287968219559257	0.0203635
17.308331745606385	0.0203635
17.328695236693456	0.0203635
17.349058718163192	0.0203635
17.369422207417781	0.0203635
17.389785734480775	0.0203636
17.410149294179377	0.0203636
17.430512887223482	0.0203636
17.450876503864535	0.0203636
17.471240124672097	0.0203636
17.49160373716294	0.0203636
17.511967326855	0.0203635
17.532330865303908	0.0203635
17.552694362811767	0.0203635
17.573057836411969	0.0203635
17.593421307358419	0.0203635
17.613784812519363	0.0203636
17.634148365895022	0.0203636
17.65451195338137	0.0203636
17.674875570982135	0.0203636
17.695239199312432	0.0203636
17.715602823160292	0.0203636
17.735966415826166	0.0203636
17.756329966833551	0.0203635
17.776693468844488	0.0203635
17.797056936834789	0.0203635
17.817420405019448	0.0203635
17.837783892424273	0.0203635
17.858147429748726	0.0203636
17.878511009679787	0.0203636
17.898874626701371	0.0203636
17.919238263361208	0.0203636
17.939601891934981	0.0203636
17.959965498946893	0.0203636
17.980329070417046	0.0203635
18.000692586686572	0.0203635
18.021056058558223	0.0203635
18.041419518504881	0.0203635
18.061783002703194	0.0203635
18.082146524728248	0.0203636
18.102510096680152	0.0203636
18.122873709516856	0.0203636
18.143237348939454	0.0203636
18.163600986634325	0.0203636
18.183964606603347	0.0203636
18.204328182843785	0.0203635
18.224691711820988	0.0203635
18.245055187587646	0.0203635
18.265418638606299	0.0203635
18.285782104381052	0.0203635
18.306145602653789	0.0203636
18.326509152774403	0.0203636
18.346872758864571	0.0203636
18.367236400991022	0.0203637
18.38760005104929	0.0203636
18.407963677795411	0.0203636
18.428327269705346	0.0203635
18.448690815872759	0.0203635
18.469054308111442	0.0203635
18.489417761853009	0.0203635
18.509781217426724	0.0203635
18.530144696567966	0.0203635
18.550508234382271	0.0203636
18.570871830881437	0.0203636
18.591235471593642	0.0203637
18.611599130648568	0.0203636
18.631962773106508	0.0203636
18.65232638325195	0.0203636
18.672689945657726	0.0203635
18.693053451693164	0.0203635
18.713416916117637	0.0203634
18.733780362846996	0.0203635
18.754143820792596	0.0203635
18.774507333772565	0.0203636
18.79487090765868	0.0203636
18.815234536183535	0.0203637
18.835598194881722	0.0203637
18.855961847689553	0.0203636
18.876325475301879	0.0203636
18.896689048415144	0.0203635
18.917052568656807	0.0203635
18.937416033383958	0.0203634
18.957779471345752	0.0203635
18.978142926667076	0.0203635
18.998506419082386	0.0203636
19.018869969709424	0.0203636
19.039233588982782	0.0203637
19.059597249947831	0.0203637
19.079960915854745	0.0203636
19.100324550297486	0.0203636
19.12068814081254	0.0203635
19.141051676253102	0.0203635
19.161415159825257	0.0203634
19.181778602308832	0.0203634
19.202142048347902	0.0203635
19.222505521441327	0.0203635
19.242869059343374	0.0203636
19.263232662128292	0.0203637
19.283596321755777	0.0203637
19.303959998235012	0.0203637
19.324323650957361	0.0203636
19.344687262713553	0.0203636
19.365050816989946	0.0203635
19.385414310316893	0.0203634
19.405777756082614	0.0203634
19.426141190358308	0.0203635
19.446504657601846	0.0203635
19.466868173575662	0.0203636
19.487231753884561	0.0203636
19.507595396759108	0.0203637
19.527959073033518	0.0203637
19.548322737534924	0.0203636
19.568686368770202	0.0203636
19.589049935808166	0.0203635
19.609413441892517	0.0203635
19.629776895323829	0.0203634
19.650140324085889	0.0203635
19.670503774254556	0.0203635
19.690867266152907	0.0203636
19.711230821323472	0.0203636
19.73159444925788	0.0203637
19.751958129550523	0.0203637
19.772321811423804	0.0203636
19.792685453987765	0.0203636
19.813049044105917	0.0203635
19.833412570544095	0.0203635
19.853776041146514	0.0203634
19.874139476399382	0.0203634
19.894502917532012	0.0203635
19.914866389010324	0.0203635
19.935229917975168	0.0203636
19.955593524848609	0.0203637
19.975957187774572	0.0203637
19.996320874733271	0.0203637
20.016684550120743	0.0203636
20.037048167043981	0.0203635
20.057411710621192	0.0203635
20.077775192388618	0.0203634
20.098138628917507	0.0203634
20.118502059399074	0.0203634
20.138865508986495	0.0203635
20.159229023465087	0.0203636
20.179592607100602	0.0203636
20.199956255604565	0.0203637
20.220319945486132	0.0203637
20.240683620766543	0.0203636
20.261047257663286	0.0203636
20.281410832167804	0.0203635
20.301774331879244	0.0203635
20.322137783429373	0.0203634
20.342501213903304	0.0203634
20.362864648280748	0.0203635
20.383228138828642	0.0203636
20.403591704894403	0.0203636
20.423955336667486	0.0203637
20.444319020110335	0.0203637
20.464682706780074	0.0203637
20.4850463639211	0.0203636
20.505409951332151	0.0203635
20.525773468251913	0.0203635
20.546136926719758	0.0203634
20.566500353084983	0.0203634
20.58686379300913	0.0203635
20.60722726687111	0.0203635
20.627590801128761	0.0203636
20.64795441391718	0.0203637
20.668318080979176	0.0203637
20.688681773855972	0.0203637
20.709045453473365	0.0203636
20.729409068646017	0.0203635
20.749772611419541	0.0203635
20.770136084134176	0.0203634
20.790499510875151	0.0203634
20.810862941363315	0.0203635
20.831226395769434	0.0203635
20.851589903591321	0.0203636
20.871953493155498	0.0203637
20.892317147946429	0.0203637
20.91268084099665	0.0203637
20.933044522143433	0.0203636
20.953408158996417	0.0203636
20.973771726877139	0.0203635
20.994135216182315	0.0203634
21.014498647231765	0.0203634
21.034862066938341	0.0203635
21.055225523493107	0.0203635
21.075589028270947	0.0203636
21.09595260010617	0.0203636
21.11631624217042	0.0203637
21.13667993192826	0.0203637
21.157043622219458	0.0203637
21.177407283408883	0.0203636
21.197770879675883	0.0203635
21.218134389519353	0.0203634
21.238497836775693	0.0203634
21.258861251796009	0.0203634
21.279224689518124	0.0203635
21.299588170345064	0.0203635
21.319951714716868	0.0203636
21.340315336185814	0.0203637
21.360679016026531	0.0203637
21.381042711383849	0.0203637
21.401406374446395	0.0203636
21.421769982472028	0.0203635
21.442133515127527	0.0203635
21.462496976693785	0.0203634
21.482860393048234	0.0203634
21.503223817820857	0.0203635
21.523587279345897	0.0203635
21.543950801098713	0.0203636
21.564314404308888	0.0203637
21.584678068102271	0.0203637
21.60504176411683	0.0203637
21.625405459474745	0.0203636
21.645769099746477	0.0203636
21.666132665713675	0.0203635
21.686496148420083	0.0203634
21.706859570535677	0.0203634
21.727222982663253	0.0203634
21.747586416941004	0.0203635
21.767949909192897	0.0203636
21.788313486009717	0.0203636
21.808677133241211	0.0203637
21.82904082416303	0.0203637
21.84940450995434	0.0203637
21.869768163850789	0.0203636
21.890131757987671	0.0203635
21.910495265390686	0.0203634
21.930858711015972	0.0203634
21.951222125836654	0.0203634
21.971585546894623	0.0203635
21.991949032552363	0.0203636
22.012312594521671	0.0203636
22.032676231675797	0.0203637
22.053039921498861	0.0203637
22.073403617439212	0.0203637
22.093767290316517	0.0203636
22.11413090833793	0.0203635
22.134494442141261	0.0203635
22.154857900803545	0.0203634
22.175221313392186	0.0203634
22.195584715794094	0.0203635
22.215948170867208	0.0203635
22.236311697438328	0.0203636
22.256675313076805	0.0203637
22.277038993220245	0.0203637
22.297402693861933	0.0203637
22.317766383220821	0.0203636
22.338130025571573	0.0203636
22.358493582187311	0.0203635
22.378857061052425	0.0203634
22.399220481773654	0.0203634
22.419583895858359	0.0203634
22.439947335198902	0.0203635
22.460310834521337	0.0203636
22.480674424477382	0.0203637
22.501038087444623	0.0203637
22.521401788752353	0.0203637
22.541765492376552	0.0203636
22.562129139950628	0.0203636
22.582492716432704	0.0203635
22.602856210030499	0.0203634
22.623219640807665	0.0203634
22.643583051397837	0.0203634
22.663946473054299	0.0203635
22.684309943929183	0.0203636
22.704673505427493	0.0203636
22.725037149903759	0.0203637
22.745400850564987	0.0203637
22.765764552275609	0.0203637
22.786128222006329	0.0203636
22.806491828034719	0.0203635
22.826855346473121	0.0203635
22.847218799590618	0.0203634
22.867582217501894	0.0203634
22.887945634097271	0.0203635
22.908309106293434	0.0203635
22.92867264901551	0.0203636
22.949036275302998	0.0203637
22.969399965008808	0.0203637
22.989763671657332	0.0203637
23.010127361297862	0.0203636
23.030490993522683	0.0203635
23.050854533067184	0.0203635
23.071217994148828	0.0203634
23.091581405819909	0.0203634
23.111944803823064	0.0203634
23.132308252160367	0.0203635
23.152671765690044	0.0203636
23.173035367031051	0.0203637
23.193399040358599	0.0203637
23.213762745133188	0.0203637
23.234126447919824	0.0203637
23.25449010954231	0.0203636
23.274853677613862	0.0203635
23.295217156919623	0.0203634
23.315580573516542	0.0203634
23.335943981323261	0.0203634
23.356307414132171	0.0203635
23.37667090907922	0.0203636
23.397034492955648	0.0203637
23.417398150314526	0.0203637
23.437761852332706	0.0203637
23.458125564408579	0.0203637
23.478489225051852	0.0203636
23.498852815992024	0.0203635
23.519216312847252	0.0203634
23.539579735056286	0.0203634
23.559943132218134	0.0203634
23.580306540359711	0.0203635
23.600670001421321	0.0203636
23.62103356212419	0.0203636
23.641397207797173	0.0203637
23.661760910283551	0.0203637
23.682124636277155	0.0203637
23.702488321250797	0.0203636
23.722851940926763	0.0203635
23.743215467303472	0.0203634
23.76357890781405	0.0203634
23.783942303927983	0.0203634
23.804305693568754	0.0203635
23.824669145037038	0.0203635
23.845032677024168	0.0203636
23.86539630690309	0.0203637
23.885760004833365	0.0203637
23.906123740626054	0.0203637
23.926487447230215	0.0203636
23.946851076301261	0.0203635
23.967214620869765	0.0203635
23.987578078687442	0.0203634
24.007941474296214	0.0203634
24.028304869266204	0.0203634
24.048668298354464	0.0203635
24.069031799320179	0.0203636
24.089395403838481	0.0203637
24.109759093951048	0.0203637
24.130122817491152	0.0203637
24.150486536959775	0.0203637
24.170850209303936	0.0203636
24.191213782934252	0.0203635
24.211577260378977	0.0203634
24.231940667272966	0.0203634
24.252304030937584	0.0203634
24.27266742773709	0.0203635
24.29303088959303	0.0203636
24.313394460327938	0.0203637
24.333758126194521	0.0203637
24.354121850063009	0.0203637
24.374485586972728	0.0203637
24.394849266520666	0.0203636
24.415212866213007	0.0203635
24.435576364518589	0.0203634
24.455939782519607	0.0203634
24.476303145141401	0.0203634
24.496666523707098	0.0203635
24.517029980765866	0.0203635
24.537393530153125	0.0203637
24.557757183072273	0.0203637
24.578120913468052	0.0203637
24.598484651143629	0.0203637
24.618848355032487	0.0203636
24.639211984905074	0.0203635
24.659575505640507	0.0203634
24.679938933285644	0.0203634
24.700302313586253	0.0203634
24.720665679601389	0.0203634
24.741029108276663	0.0203635
24.761392622853592	0.0203636
24.781756249522203	0.0203637
24.802119966137091	0.0203638
24.822483739195025	0.0203637
24.842847480441502	0.0203636
24.863211130155808	0.0203635
24.883574677830214	0.0203634
24.903938118685954	0.0203634
24.924301489587016	0.0203634
24.944664857588347	0.0203634
24.965028257237616	0.0203635
24.985391733923858	0.0203636
25.005755331007084	0.0203637
25.026119032656361	0.0203638
25.046482791358319	0.0203637
25.066846529128842	0.0203637
25.087210206546306	0.0203636
25.107573787465157	0.0203635
25.127937252401914	0.0203634
25.148300628919007	0.0203633
25.168663956002622	0.0203634
25.189027313091845	0.0203635
25.209390767273558	0.0203636
25.229754330779979	0.0203637
25.250118010659651	0.0203638
25.270481772583135	0.0203638
25.290845570645399	0.0203637
25.311209307111348	0.0203636
25.331572949001824	0.0203635
25.35193645723302	0.0203634
25.372299860795703	0.0203633
25.392663204515063	0.0203633
25.413026535971451	0.0203634
25.433389941821957	0.0203635
25.453753449337011	0.0203636
25.474117088525951	0.0203637
25.494480833022898	0.0203638
25.514844645433637	0.0203638
25.535208425378862	0.0203637
25.555572098340242	0.0203636
25.575935651126475	0.0203634
25.596299076349741	0.0203633
25.616662413782411	0.0203633
25.637025744395114	0.0203634
25.657389107638647	0.0203634
25.677752556723014	0.0203636
25.698116145452584	0.0203637
25.718479857862278	0.0203638
25.738843666344923	0.0203638
25.759207478527276	0.0203637
25.779571202936921	0.0203636
25.799934813981277	0.0203635
25.820298285132495	0.0203634
25.840661646552995	0.0203633
25.861024940033911	0.0203633
25.881388256413263	0.0203634
25.901751672720469	0.0203635
25.92211520757122	0.0203637
25.942478876291563	0.0203638
25.962842649415744	0.0203638
25.983206446696908	0.0203638
26.003570207336136	0.0203637
26.023933877493128	0.0203635
26.044297405037394	0.0203634
26.064660806841896	0.0203633
26.085024112324486	0.0203633
26.105387408624846	0.0203634
26.125750778628653	0.0203635
26.146114253525365	0.0203636
26.166477873326201	0.0203637
26.186841613372415	0.0203638
26.207205438158997	0.0203638
26.227569247303006	0.0203637
26.247932986897357	0.0203636
26.268296585461627	0.0203635
26.288660043674508	0.0203634
26.309023399778891	0.0203633
26.329386700808669	0.0203633
26.349750033870851	0.0203634
26.370113443801682	0.0203636
26.390476994578464	0.0203637
26.41084067647148	0.0203638
26.431204469883731	0.0203638
26.451568291574503	0.0203638
26.471932043805786	0.0203637
26.492295694091176	0.0203635
26.512659203631063	0.0203634
26.533022595620114	0.0203633
26.553385904383227	0.0203633
26.573749213967687	0.0203634
26.594112569758529	0.0203635
26.614476053178155	0.0203636
26.634839677702924	0.0203637
26.655203412734359	0.0203638
26.675567220104927	0.0203638
26.695931000218383	0.0203637
26.716294706606046	0.0203636
26.736658280016631	0.0203634
26.757021728910257	0.0203633
26.777385072563092	0.0203633
26.797748386361878	0.0203634
26.818111744614686	0.0203634
26.838475183490907	0.0203636
26.858838739847492	0.0203637
26.879202426747749	0.0203638
26.899566208214292	0.0203638
26.919930002722523	0.0203637
26.940293752598766	0.0203636
26.960657385135985	0.0203635
26.981020895167685	0.0203634
27.001384287142127	0.0203633
27.021747617257077	0.0203633
27.04211096220418	0.0203634
27.06247435828827	0.0203635
27.082837851078175	0.0203636
27.10320147657767	0.0203637
27.123565210290774	0.0203638
27.143928992399459	0.0203637
27.164292735452808	0.0203637
27.184656402444293	0.0203636
27.205019961888436	0.0203634
27.225383406562791	0.0203634
27.245746770410019	0.0203634
27.266110123283976	0.0203634
27.286473498208132	0.0203635
27.306836968559203	0.0203636
27.327200544708514	0.0203637
27.347564231651692	0.0203638
27.367927990529147	0.0203638
27.38829174498094	0.0203637
27.408655447189744	0.0203636
27.429019058382128	0.0203635
27.449382552002394	0.0203634
27.469745952134183	0.0203634
27.490109314386856	0.0203634
27.510472677147	0.0203634
27.530836085484637	0.0203635
27.551199603956618	0.0203636
27.571563236453809	0.0203637
27.591926953986086	0.0203637
27.612290699546254	0.0203637
27.632654421144462	0.0203637
27.653018073273753	0.0203635
27.67338161540232	0.0203634
27.693745060200381	0.0203634
27.714108447554931	0.0203634
27.734471840596786	0.0203634
27.754835264038594	0.0203635
27.775198755595191	0.0203636
27.795562348963127	0.0203637
27.815926028744183	0.0203637
27.83628975410431	0.0203637
27.856653481061898	0.0203637
27.877017158745478	0.0203636
27.897380737335737	0.0203635
27.917744219770221	0.0203634
27.938107633615708	0.0203634
27.958471013704628	0.0203634
27.978834420132504	0.0203635
27.999197878429207	0.0203636
28.019561430360074	0.0203636
28.039925068820654	0.0203637
28.060288767770952	0.0203637
28.080652492707582	0.0203637
28.101016190553946	0.0203636
28.121379803878	0.0203635
28.141743323350173	0.0203634
28.162106769211185	0.0203634
28.182470167988441	0.0203634
28.202833580034152	0.0203634
28.22319702465478	0.0203635
28.243560548692106	0.0203636
28.263924152526943	0.0203637
28.284287823138722	0.0203637
28.304651531360612	0.0203637
28.325015236491904	0.0203636
28.345378872169842	0.0203635
28.365742419934922	0.0203635
28.386105892711281	0.0203634
28.406469310055357	0.0203634
28.426832725349826	0.0203634
28.447196163690268	0.0203635
28.467559667076646	0.0203636
28.487923241463257	0.0203636
28.508286884228458	0.0203637
28.52865057136481	0.0203637
28.549014255414662	0.0203636
28.569377901311537	0.0203636
28.589741472758817	0.0203635
28.610104973442933	0.0203634
28.630468414975208	0.0203634
28.650831841443363	0.0203634
28.671195283069771	0.0203635
28.691558775316711	0.0203636
28.711922336875094	0.0203636
28.732285958221283	0.0203637
28.752649626491959	0.0203637
28.773013301906989	0.0203637
28.793376956075367	0.0203636
28.813740544348455	0.0203635
28.834104066309635	0.0203635
28.854467528001887	0.0203634
28.874830965600147	0.0203635
28.89519442357825	0.0203635
28.915557917384977	0.0203635
28.935921461593946	0.0203636
28.956285066803535	0.0203637
28.976648718541544	0.0203637
28.997012383669599	0.0203637
29.017376038550044	0.0203636
29.037739639119238	0.0203635
29.058103178594443	0.0203635
29.078466658507747	0.0203634
29.098830107921408	0.0203635
29.119193567962011	0.0203635
29.139557059330077	0.0203635
29.159920594161147	0.0203636
29.180284185977783	0.0203636
29.20064782351831	0.0203637
29.221011478393862	0.0203637
29.24137512884765	0.0203636
29.261738737321714	0.0203636
29.282102290075006	0.0203635
29.302465785014309	0.0203635
29.322829245157468	0.0203635
29.343192708440025	0.0203635
29.363556195247764	0.0203635
29.383919724283253	0.0203636
29.404283307946592	0.0203636
29.424646937097258	0.0203636
29.445010586913412	0.0203636
29.465374224328926	0.0203636
29.485737833779044	0.0203636
29.506101395538654	0.0203635
29.526464905293693	0.0203635
29.546828377876057	0.0203635
29.567191847266141	0.0203635
29.587555333550434	0.0203635
29.607918867257876	0.0203636
29.628282447367621	0.0203636
29.648646072700814	0.0203636
29.66900972085234	0.0203636
29.689373359816113	0.0203636
29.709736973667368	0.0203636
29.73010054461821	0.0203635
29.750464063320806	0.0203635
29.770827542514006	0.0203635
29.791191012942136	0.0203635
29.811554494649901	0.0203635
29.831918019413379	0.0203636
29.852281590609927	0.0203636
29.87264520875712	0.0203636
29.89300885430772	0.0203636
29.913372495213348	0.0203636
29.933736114591522	0.0203636
29.954099693238337	0.0203635
29.974463220840743	0.0203635
29.994826707695101	0.0203635
30.015190181571576	0.0203635
30.035553661185784	0.0203635
30.055917179699463	0.0203636
30.076280743646912	0.0203636
30.096644354761622	0.0203636
30.117007997950033	0.0203636
30.137371641594168	0.0203636
30.157735267420321	0.0203636
30.178098855891079	0.0203635
30.198462392699231	0.0203635
30.218825890426725	0.0203635
30.239189364361248	0.0203635
30.25955283640474	0.0203635
30.279916343344524	0.0203636
30.300279901474731	0.0203636
30.320643505871359	0.0203636
30.341007144795867	0.0203636
30.361370787860917	0.0203636
30.38173441640977	0.0203636
30.402098002055496	0.0203635
30.422461542382091	0.0203635
30.442825038809239	0.0203635
30.463188507629678	0.0203635
30.483551982196627	0.0203635
30.503915479960785	0.0203635
30.524279019671781	0.0203636
30.544642614129003	0.0203636
30.565006251276188	0.0203636
30.585369897179056	0.0203636
30.605733532385997	0.0203636
30.626097126908075	0.0203635
30.646460676326459	0.0203635
30.666824183007936	0.0203635
30.68718765791288	0.0203635
30.70755112813757	0.0203635
30.727914612778346	0.0203635
30.74827813405777	0.0203636
30.768641712684627	0.0203636
30.789005337506143	0.0203636
30.809368982382612	0.0203636
30.829732621913394	0.0203636
30.85009622315296	0.0203636
30.870459774979732	0.0203635
30.89082328426715	0.0203635
30.911186762143487	0.0203635
30.931550227926319	0.0203635
30.951913700647534	0.0203635
30.972277216292159	0.0203636
30.99264078078324	0.0203636
31.013004398024645	0.0203637
31.033368049325158	0.0203636
31.053731686881758	0.0203636
31.074095294915224	0.0203636
31.094458854078141	0.0203635
31.114822368233284	0.0203635
31.135185846461376	0.0203635
31.155549313645068	0.0203635
31.175912791862725	0.0203635
31.196276296315418	0.0203635
31.216639844086959	0.0203636
31.237003445110048	0.0203636
31.257367086949198	0.0203636
31.277730729327711	0.0203636
31.298094345589757	0.0203636
31.31845791233382	0.0203635
31.338821430963677	0.0203635
31.359184908245393	0.0203635
31.379548373595291	0.0203635
31.399911846107827	0.0203635
31.42027533663024	0.0203635
31.440638864969024	0.0203636
31.461002448072534	0.0203636
31.481366076926601	0.0203637
31.501729727028618	0.0203636
31.522093357567218	0.0203636
31.54245693915508	0.0203635
31.562820469756151	0.0203635
31.583183953157157	0.0203635
31.603547416865229	0.0203635
31.623910892771228	0.0203635
31.644274376916581	0.0203635
31.664637901141017	0.0203636
31.685001468901451	0.0203636
31.705365082454122	0.0203636
31.725728724496872	0.0203636
31.746092355299915	0.0203636
31.766455945489476	0.0203635
31.78681948414529	0.0203635
31.807182976042906	0.0203635
31.827546438685353	0.0203635
31.847909908332529	0.0203635
31.868273388992424	0.0203635
31.888636902195078	0.0203636
31.909000453982117	0.0203636
31.929364050449163	0.0203636
31.949727681493954	0.0203636
31.970091319836328	0.0203636
31.99045492777417	0.0203636
32.010818480590061	0.0203635
32.031181983267793	0.0203635
32.051545447767268	0.0203635
32.071908910466945	0.0203635
32.092272393226914	0.0203635
32.112635899908689	0.0203635
32.132999446517466	0.0203636
32.153363029990324	0.0203636
32.173726647004273	0.0203636
32.194090277245749	0.0203636
32.214453898162198	0.0203636
32.234817463349977	0.0203635
32.255180974268661	0.0203635
32.275544439263712	0.0203635
32.29590789308488	0.0203635
32.316271372615553	0.0203635
32.336634879166908	0.0203635
32.356998418754273	0.0203636
32.377361991437226	0.0203636
32.397725596571597	0.0203636
32.418089219122585	0.0203636
32.438452845142351	0.0203636
32.458816429063369	0.0203635
32.479179956321005	0.0203635
32.499543430979493	0.0203635
32.519906884382515	0.0203635
32.54027035472555	0.0203635
32.560633859650864	0.0203635
32.580997396171533	0.0203636
32.601360961253675	0.0203636
32.621724556019672	0.0203636
32.642088169671162	0.0203636
32.662451781608709	0.0203636
32.682815376931032	0.0203635
32.703178917021681	0.0203635
32.723542407112411	0.0203635
32.743905864163892	0.0203635
32.764269327846783	0.0203635
32.784632818593217	0.0203635
32.804996355353701	0.0203636
32.825359916838835	0.0203636
32.84572350506587	0.0203636
32.866087112154659	0.0203636
32.886450719673952	0.0203636
32.906814317370291	0.0203636
32.927177873310406	0.0203635
32.947541376043965	0.0203635
32.967904837004795	0.0203635
32.988268294506561	0.0203635
33.008631770540099	0.0203635
33.028995298909599	0.0203636
33.049358863031472	0.0203636
33.069722448457128	0.0203636
33.090086050100041	0.0203636
33.110449652861313	0.0203636
33.130813246995004	0.0203636
33.151176816866048	0.0203635
33.1715403311781	0.0203635
33.191903797107386	0.0203635
33.212267249861625	0.0203635
33.232630726931269	0.0203635
33.252994243121272	0.0203636
33.273357805020318	0.0203636
33.293721390941002	0.0203636
33.314084991809864	0.0203636
33.334448593570443	0.0203636
33.354812186461636	0.0203636
33.375175756630952	0.0203635
33.395539289482258	0.0203635
33.415902768628726	0.0203635
33.436266224090033	0.0203635
33.456629693813483	0.0203635
33.476993195667212	0.0203636
33.497356752782458	0.0203636
33.51772034047346	0.0203636
33.538083942457092	0.0203636
33.558447544074106	0.0203636
33.578811130218412	0.0203636
33.599174696168021	0.0203635
33.619538239230614	0.0203635
33.639901733357902	0.0203635
33.660265192902465	0.0203635
33.680628657404057	0.0203635
33.700992146093988	0.0203635
33.72135568862511	0.0203636
33.74171927992208	0.0203636
33.7620828869075	0.0203636
33.782446493696057	0.0203636
33.802810083714384	0.0203636
33.823173651242627	0.0203635
33.843537193214573	0.0203635
33.863900701786868	0.0203635
33.88426416850367	0.0203635
33.904627630249685	0.0203635
33.924991121397497	0.0203635
33.945354652701489	0.0203636
33.965718235514359	0.0203636
33.986081843508423	0.0203636
34.006445452401067	0.0203636
34.026809043929454	0.0203636
34.047172611331931	0.0203635
34.067536149540302	0.0203635
34.087899665707049	0.0203635
34.10826313855793	0.0203635
34.128626597975774	0.0203635
34.148990079543786	0.0203635
34.169353596538116	0.0203636
34.189717163630704	0.0203636
34.210080778737996	0.0203636
34.230444397737827	0.0203636
34.250807999429156	0.0203636
34.271171574687841	0.0203635
34.29153511645152	0.0203635
34.31189863138227	0.0203635
34.332262125094203	0.0203635
34.352625592125648	0.0203635
34.372989070406817	0.0203635
34.393352575710423	0.0203636
34.413716126078214	0.0203636
34.434079729690765	0.0203636
34.454443350227919	0.0203636
34.474806957928791	0.0203636
34.495170539215401	0.0203635
34.515534083500555	0.0203635
34.535897598551124	0.0203635
34.556261096180513	0.0203635
34.576624566461938	0.0203635
34.596988041795022	0.0203635
34.617351539110338	0.0203635
34.637715085658932	0.0203636
34.658078681241221	0.0203636
34.678442308605106	0.0203636
34.69880592771046	0.0203636
34.719169514695707	0.0203635
34.739533064183682	0.0203635
34.759896577899568	0.0203635
34.780260068573625	0.0203635
34.800623542514778	0.0203635
34.820987014581092	0.0203635
34.841350515775083	0.0203635
34.861714054611078	0.0203636
34.882077640448017	0.0203636
34.902441267104379	0.0203636
34.922804902211027	0.0203636
34.94316850432503	0.0203636
34.963532065900964	0.0203635
34.983895584634411	0.0203635
35.004259072060215	0.0203635
35.02462254540486	0.0203635
35.044986017078479	0.0203635
35.065349511987897	0.0203635
35.085713040643611	0.0203636
35.106076614982129	0.0203636
35.126440233414669	0.0203636
35.146803869453208	0.0203636
35.167167481325087	0.0203636
35.187531052949829	0.0203635
35.207894576650915	0.0203635
35.228258068502647	0.0203635
35.248621546065884	0.0203635
35.268985021138135	0.0203635
35.289348513815987	0.0203635
35.309712036308703	0.0203636
35.330075607047611	0.0203636
35.350439217894547	0.0203636
35.370802853456993	0.0203636
35.391166479728177	0.0203636
35.411530060186379	0.0203635
35.431893592280744	0.0203635
35.452257084131752	0.0203635
35.47262055304229	0.0203635
35.492984021819126	0.0203635
35.513347508534899	0.0203635
35.53371103257733	0.0203636
35.55407459683267	0.0203636
35.574438204215589	0.0203636
35.594801839739958	0.0203636
35.615165472341694	0.0203636
35.635529066311634	0.0203635
35.655892609933865	0.0203635
35.676256105997041	0.0203635
35.696619570751963	0.0203635
35.716983040221614	0.0203635
35.737346526475989	0.0203635
35.757710046027732	0.0203636
35.778073604352002	0.0203636
35.798437206570007	0.0203636
35.81880084046086	0.0203636
35.839164489832989	0.0203636
35.859528107419642	0.0203636
35.879891665365115	0.0203635
35.900255169455832	0.0203635
35.920618630882949	0.0203635
35.940982086134355	0.0203635
35.961345571781791	0.0203635
35.981709084330461	0.0203636
36.002072634526399	0.0203636
36.022436231349886	0.0203636
36.042799863448479	0.0203636
36.063163504300277	0.0203636
36.083527134911925	0.0203636
36.103890707192313	0.0203635
36.124254221581594	0.0203635
36.144617692144003	0.0203634
36.164981140560805	0.0203635
36.185344609215498	0.0203635
36.20570811116314	0.0203635
36.226071649617353	0.0203636
36.246435239003283	0.0203636
36.266798865258181	0.0203636
36.287162509928223	0.0203636
36.307526152197248	0.0203636
36.327889747986866	0.0203635
36.348253282069756	0.0203635
36.368616761375705	0.0203634
36.388980206306293	0.0203635
36.409343660700138	0.0203635
36.429707147066502	0.0203635
36.450070684030443	0.0203636
36.470434266754282	0.0203636
36.490797891344471	0.0203636
36.511161540865992	0.0203636
36.531525181842007	0.0203636
36.551888798397322	0.0203636
36.572252354131649	0.0203635
36.592615845278075	0.0203635
36.612979300691073	0.0203634
36.633342745953762	0.0203635
36.653706211548062	0.0203635
36.674069735386873	0.0203636
36.694433311896418	0.0203636
36.714796931708364	0.0203637
36.735160582717171	0.0203636
36.75552423112093	0.0203636
36.775887858460599	0.0203636
36.796251427490006	0.0203635
36.8166149305654	0.0203635
36.836978386245477	0.0203634
36.85734181950388	0.0203635
36.877705279267722	0.0203635
36.89806878547396	0.0203636
36.918432345507107	0.0203636
36.938795959685564	0.0203636
36.959159605498314	0.0203637
36.979523261145246	0.0203636
36.999886902290946	0.0203636
37.020250493667774	0.0203635
37.040614015258235	0.0203635
37.060977479800421	0.0203634
37.081340908739513	0.0203634
37.101704353691936	0.0203635
37.122067838536019	0.0203636
37.142431394698129	0.0203636
37.162795003753445	0.0203636
37.183158652050295	0.0203637
37.203522317659854	0.0203636
37.223885960705992	0.0203636
37.244249565245298	0.0203635
37.264613110358312	0.0203635
37.284976584134675	0.0203634
37.305340021557363	0.0203634
37.325703451437533	0.0203635
37.346066908207156	0.0203635
37.366430436986001	0.0203636
37.386794034518587	0.0203636
37.407157677576095	0.0203637
37.427521347724095	0.0203637
37.447885003217067	0.0203636
37.468248624069652	0.0203636
37.488612182599766	0.0203635
37.508975672224445	0.0203634
37.529339112058913	0.0203634
37.549702530583744	0.0203635
37.570065982862587	0.0203635
37.590429489502668	0.0203636
37.610793075522921	0.0203636
37.631156715777415	0.0203637
37.651520393957995	0.0203637
37.671884067595357	0.0203636
37.692247698360276	0.0203636
37.712611275591613	0.0203635
37.732974788574467	0.0203634
37.75333823780614	0.0203634
37.773701650449041	0.0203634
37.79406508332508	0.0203635
37.814428561735717	0.0203636
37.834792121806323	0.0203636
37.855155752642602	0.0203637
37.8755194222977	0.0203637
37.895883104310194	0.0203636
37.916246752470073	0.0203636
37.936610350320557	0.0203635
37.956973883091102	0.0203635
37.977337346994616	0.0203634
37.99770077295517	0.0203634
38.018064192920335	0.0203635
38.038427644010547	0.0203635
38.058791174351285	0.0203636
38.079154787874671	0.0203637
38.099518453396939	0.0203637
38.119882143939066	0.0203637
38.140245809304602	0.0203636
38.160609428410574	0.0203635
38.180972973914336	0.0203635
38.201336454673687	0.0203634
38.221699883051336	0.0203634
38.242063289404307	0.0203634
38.262426733590786	0.0203635
38.282790237013465	0.0203636
38.303153826396304	0.0203637
38.323517486824095	0.0203637
38.343881186093626	0.0203637
38.36424487333597	0.0203636
38.38460850633993	0.0203636
38.404972074930832	0.0203635
38.425335572599344	0.0203634
38.445699012472097	0.0203634
38.466062413919701	0.0203634
38.486425838036261	0.0203635
38.506789311466626	0.0203636
38.527152872607985	0.0203636
38.547516515274758	0.0203637
38.567880216151998	0.0203637
38.58824391882041	0.0203637
38.608607574849806	0.0203636
38.628971168172299	0.0203635
38.649334685653564	0.0203635
38.669698137187552	0.0203634
38.690061538461677	0.0203634
38.710424945088178	0.0203635
38.73078840926852	0.0203635
38.751151944648186	0.0203636
38.77151556338918	0.0203637
38.791879248503875	0.0203637
38.812242955058323	0.0203637
38.832606627933359	0.0203636
38.852970244933687	0.0203635
38.873333779498601	0.0203635
38.893697243112555	0.0203634
38.914060650638397	0.0203634
38.934424045550308	0.0203634
38.954787485416233	0.0203635
38.975150990315939	0.0203636
38.995514580159778	0.0203637
39.015878251342912	0.0203637
39.036241968124166	0.0203637
39.05660566493308	0.0203636
39.076969297762268	0.0203636
39.09733285748483	0.0203635
39.117696339893982	0.0203634
39.138059769897254	0.0203634
39.158423168275519	0.0203634
39.178786593294895	0.0203635
39.199150071306121	0.0203636
39.219513639615137	0.0203637
39.239877290134309	0.0203637
39.260241007262657	0.0203637
39.280604720499305	0.0203637
39.300968377535071	0.0203636
39.321331962909277	0.0203635
39.34169546503513	0.0203634
39.362058899498166	0.0203634
39.382422295032171	0.0203634
39.402785699674283	0.0203634
39.423149144502062	0.0203635
39.443512677864739	0.0203636
39.463876298338178	0.0203637
39.484239998019646	0.0203637
39.504603722191803	0.0203637
39.524967403267901	0.0203636
39.545331019390375	0.0203635
39.565694546320877	0.0203635
39.586057998308355	0.0203634
39.606421398078297	0.0203634
39.62678479495117	0.0203634
39.647148240119847	0.0203635
39.667511752455489	0.0203636
39.687875350300459	0.0203637
39.708239026923472	0.0203637
39.728602753043887	0.0203637
39.748966452469645	0.0203636
39.769330096373778	0.0203636
39.789693648428269	0.0203635
39.810057116799662	0.0203634
39.830420518232081	0.0203634
39.850783907296531	0.0203634
39.87114732915753	0.0203635
39.89151080872518	0.0203636
39.911874371598927	0.0203637
39.932238024797002	0.0203637
39.952601742349358	0.0203637
39.972965460072196	0.0203637
39.993329115595046	0.0203636
