0.012	0.19
0.0264	0.24
0.04368	0.3
0.0642855	0.35
0.0881494	0.39
0.115209	0.45
0.145412	0.51
0.176419	0.56
0.206965	0.61
0.237206	0.66
0.267275	0.72
0.297172	0.77
0.326767	0.82
0.356065	0.87
0.385065	0.92
0.413802	0.97
0.442322	1.03
0.470609	1.09
0.498713	1.14
0.526637	1.18
0.554397	1.24
0.582024	1.29
0.609503	1.34
0.636859	1.39
0.664022	1.43
0.691016	1.49
0.71784	1.57
0.74451	1.63
0.771029	1.67
0.797406	1.73
0.823649	1.77
0.849761	1.82
0.875753	1.87
0.901624	1.92
0.927388	1.98
0.95304	2.02
0.978595	2.07
1.00405	2.12
1.02941	2.17
1.05468	2.22
1.07985	2.26
1.10493	2.31
1.12991	2.37
1.1548	2.42
1.17961	2.47
1.20432	2.52
1.22896	2.57
1.25352	2.62
1.27799	2.67
1.3024	2.71
1.32673	2.77
1.35098	2.81
1.37517	2.86
1.3993	2.9
1.42335	2.95
1.44735	3
1.47128	3.04
1.49515	3.08
1.51897	3.13
1.54273	3.17
1.56643	3.22
1.59007	3.27
1.61366	3.31
1.63718	3.37
1.66065	3.41
1.68407	3.45
1.70743	3.51
1.73074	3.55
1.754	3.6
1.7772	3.65
1.80036	3.69
1.82347	3.74
1.84653	3.78
1.86954	3.82
1.89251	3.87
1.91543	3.92
1.93832	3.96
1.96115	4.01
1.98395	4.05
2.006708	4.17
2.029425	4.21
2.052103	4.27
2.074742	4.31
2.097341	4.36
2.119901	4.41
2.142422	4.45
2.164905	4.5
2.187351	4.55
2.209761	4.59
2.232135	4.64
2.254474	4.69
2.276778	4.73
2.299048	4.78
2.321285	4.82
2.34349	4.86
2.365662	4.91
2.387802	4.96
2.409911	5
2.431987	5.05
2.454033	5.1
2.476048	5.14
2.498033	5.18
2.519988	5.22
2.541915	5.27
2.563812	5.32
2.585681	5.37
2.607523	5.41
2.629337	5.46
2.651124	5.5
2.672885	5.54
2.69462	5.59
2.716329	5.63
2.738012	5.68
2.759671	5.71
2.781305	5.76
2.802915	5.8
2.824501	5.83
2.846063	5.88
2.867602	5.92
2.889118	5.96
2.910612	6
2.932084	6.04
2.953533	6.08
2.974961	6.13
2.996368	6.16
3.017753	6.2
3.039118	6.23
3.060463	6.28
3.081787	6.31
3.103092	6.36
3.124376	6.4
3.145642	6.43
3.166888	6.48
3.188116	6.51
3.209325	6.55
3.230516	6.59
3.251689	6.63
3.272844	6.67
3.293982	6.71
3.315102	6.76
3.336206	6.8
3.357293	6.84
3.378364	6.88
3.399419	6.93
3.420458	6.96
3.441481	7
3.46249	7.05
3.483483	7.08
3.504463	7.13
3.525427	7.16
3.546378	7.2
3.567315	7.24
3.588238	7.27
3.609148	7.32
3.630044	7.36
3.650927	7.39
3.671797	7.44
3.692654	7.47
3.713499	7.51
3.734332	7.54
3.755152	7.58
3.77596	7.63
3.796755	7.66
3.817539	7.7
3.838311	7.74
3.859071	7.79
3.879818	7.83
3.900554	7.87
3.921278	7.92
3.94199	7.96
3.96269	8
3.983378	8.05
4.0040539	8.16
4.0247181	8.21
4.0453707	8.25
4.0660121	8.31
4.0866425	8.35
4.1072621	8.39
4.1278713	8.43
4.1484705	8.47
4.1690599	8.52
4.1896399	8.56
4.2102109	8.59
4.2307729	8.64
4.2513263	8.68
4.2718713	8.71
4.2924084	8.75
4.3129377	8.79
4.3334596	8.83
4.3539744	8.87
4.3744824	8.9
4.3949838	8.95
4.4154788	8.98
4.4359678	9.02
4.456451	9.06
4.4769286	9.09
4.4974008	9.14
4.5178679	9.17
4.5383301	9.21
4.5587876	9.25
4.5792406	9.29
4.5996894	9.32
4.6201341	9.36
4.640575	9.4
4.6610122	9.44
4.6814459	9.48
4.7018763	9.51
4.7223035	9.56
4.7427278	9.59
4.7631493	9.62
4.783568	9.66
4.8039842	9.7
4.8243979	9.74
4.8448093	9.77
4.8652185	9.8
4.8856256	9.84
4.9060306	9.87
4.9264337	9.91
4.946835	9.95
4.9672345	9.98
4.9876323	10.01
5.0080286	10.05
5.0284233	10.08
5.0488167	10.12
5.0692087	10.15
5.0895993	10.18
5.1099888	10.21
5.1303771	10.25
5.1507643	10.28
5.1711504	10.32
5.1915355	10.36
5.2119197	10.39
5.2323029	10.42
5.2526853	10.46
5.2730668	10.49
5.2934476	10.53
5.3138275	10.55
5.3342068	10.59
5.3545854	10.62
5.3749633	10.66
5.3953406	10.69
5.4157173	10.72
5.4360934	10.75
5.456469	10.78
5.4768441	10.82
5.4972187	10.85
5.5175928	10.88
5.5379665	10.91
5.5583397	10.94
5.5787126	10.97
5.599085	11
5.6194571	11.03
5.6398288	11.07
5.6602002	11.09
5.6805713	11.13
5.700942	11.16
5.7213125	11.18
5.7416826	11.23
5.7620525	11.27
5.7824221	11.3
5.8027915	11.34
5.8231607	11.37
5.8435296	11.4
5.8638983	11.43
5.8842667	11.46
5.904635	11.49
5.9250031	11.53
5.945371	11.56
5.9657387	11.59
5.9861063	11.62
6.00647367	11.73
6.02684089	11.76
6.04720797	11.79
6.0675749	11.82
6.08794169	11.85
6.10830834	11.88
6.12867487	11.91
6.14904127	11.94
6.16940756	11.98
6.18977373	12
6.21013979	12.03
6.23050575	12.07
6.25087161	12.09
6.27123737	12.11
6.29160303	12.15
6.31196861	12.17
6.33233411	12.21
6.35269952	12.23
6.37306485	12.26
6.3934301	12.29
6.41379529	12.32
6.4341604	12.35
6.45452545	12.38
6.47489043	12.4
6.49525535	12.43
6.51562022	12.46
6.53598502	12.49
6.55634978	12.52
6.57671448	12.55
6.59707913	12.58
6.61744374	12.61
6.63780831	12.63
6.65817283	12.66
6.67853732	12.69
6.69890177	12.71
6.71926618	12.75
6.73963056	12.77
6.75999491	12.8
6.78035922	12.83
6.8007235	12.86
6.82108775	12.88
6.84145197	12.91
6.86181617	12.94
6.88218034	12.97
6.90254448	12.99
6.9229086	13.02
6.94327269	13.05
6.96363677	13.08
6.98400082	13.11
7.00436485	13.14
7.02472885	13.18
7.04509285	13.2
7.06545682	13.23
7.08582077	13.27
7.10618471	13.29
7.12654863	13.33
7.14691254	13.35
7.16727643	13.38
7.18764031	13.41
7.20800417	13.44
7.22836802	13.47
7.24873186	13.49
7.26909569	13.53
7.2894595	13.56
7.30982331	13.61
7.33018711	13.63
7.35055089	13.67
7.37091466	13.69
7.39127843	13.72
7.41164219	13.75
7.43200593	13.78
7.45236967	13.8
7.4727334	13.82
7.49309713	13.86
7.51346084	13.88
7.53382455	13.91
7.55418826	13.94
7.57455196	13.97
7.59491565	14
7.61527934	14.03
7.63564302	14.06
7.6560067	14.08
7.67637037	14.12
7.69673403	14.14
7.71709769	14.18
7.73746135	14.2
7.757825	14.24
7.77818864	14.26
7.79855229	14.29
7.81891593	14.32
7.83927957	14.34
7.8596432	14.38
7.88000684	14.41
7.90037046	14.43
7.92073409	14.46
7.94109771	14.49
7.96146133	14.52
7.98182494	14.55
8.002188551	14.65
8.02255216	14.68
8.042915766	14.71
8.06327937	14.73
8.083642972	14.76
8.104006571	14.79
8.124370169	14.82
8.144733765	14.84
8.16509736	14.88
8.185460954	14.9
8.205824548	14.93
8.22618814	14.96
8.246551731	14.98
8.266915321	15.02
8.287278908	15.04
8.307642492	15.06
8.328006072	15.1
8.348369649	15.12
8.368733224	15.15
8.389096797	15.17
8.40946037	15.21
8.429823944	15.23
8.450187521	15.25
8.470551101	15.29
8.490914683	15.31
8.511278265	15.34
8.531641845	15.37
8.55200542	15.39
8.57236899	15.42
8.592732554	15.45
8.613096113	15.48
8.633459668	15.5
8.653823225	15.54
8.674186786	15.56
8.694550353	15.58
8.71491393	15.62
8.735277513	15.64
8.755641099	15.66
8.776004682	15.69
8.796368257	15.72
8.81673182	15.75
8.837095369	15.77
8.857458906	15.8
8.877822438	15.82
8.898185973	15.86
8.918549517	15.88
8.938913079	15.91
8.95927666	15.94
8.97964026	15.96
9.000003871	16
9.020367481	16.02
9.040731076	16.05
9.061094641	16.09
9.081458172	16.11
9.101821671	16.15
9.122185152	16.17
9.142548634	16.19
9.162912138	16.23
9.18327568	16.25
9.203639268	16.28
9.224002903	16.32
9.24436657	16.35
9.264730246	16.38
9.285093899	16.41
9.305457494	16.43
9.325821017	16.47
9.346184486	16.5
9.36654792	16.53
9.386911349	16.56
9.407274824	16.59
9.42763836	16.62
9.448001951	16.66
9.468365589	16.68
9.488729255	16.71
9.509092905	16.74
9.529456522	16.77
9.549820088	16.8
9.570183592	16.83
9.590547057	16.86
9.610910505	16.89
9.631273966	16.93
9.65163748	16.95
9.672001057	16.98
9.692364678	17.01
9.712728325	17.04
9.733091976	17.07
9.753455593	17.11
9.773819162	17.13
9.794182684	17.16
9.814546158	17.19
9.834909615	17.21
9.855273074	17.25
9.875636563	17.27
9.896000112	17.31
9.916363724	17.34
9.936727369	17.37
9.957091022	17.4
9.977454658	17.43
9.9978182462	17.54
10.018181781	17.56
10.038545276	17.59
10.05890874	17.62
10.079272183	17.65
10.099635651	17.68
10.119999168	17.71
10.140362738	17.74
10.160726361	17.77
10.181090022	17.81
10.201453664	17.83
10.221817265	17.87
10.24218082	17.9
10.262544327	17.93
10.282907811	17.97
10.303271285	17.99
10.323634756	18.02
10.343998258	18.05
10.364361803	18.08
10.384725393	18.11
10.40508902	18.14
10.425452668	18.17
10.445816282	18.21
10.466179847	18.24
10.486543366	18.27
10.506906848	18.29
10.527270312	18.33
10.547633798	18.36
10.567997312	18.39
10.588360855	18.42
10.608724435	18.45
10.629088049	18.48
10.649451675	18.51
10.669815299	18.54
10.690178877	18.57
10.710542403	18.6
10.730905881	18.64
10.751269345	18.66
10.771632829	18.7
10.791996345	18.72
10.81235989	18.76
10.832723468	18.79
10.853087073	18.82
10.873450685	18.84
10.893814294	18.88
10.914177883	18.9
10.93454142	18.93
10.954904909	18.96
10.975268378	18.99
10.995631848	19.02
11.015995343	19.05
11.036358894	19.09
11.056722479	19.12
11.077086092	19.16
11.097449711	19.2
11.117813316	19.24
11.138176899	19.27
11.15854045	19.31
11.178903941	19.34
11.199267399	19.36
11.219630861	19.4
11.239994345	19.43
11.260357876	19.46
11.280721466	19.5
11.301085084	19.52
11.321448707	19.54
11.34181232	19.58
11.362175907	19.61
11.382539455	19.64
11.402902966	19.67
11.423266432	19.71
11.443629877	19.74
11.463993347	19.76
11.484356861	19.79
11.504720438	19.82
11.525084064	19.85
11.545447707	19.88
11.565811333	19.91
11.586174929	19.94
11.606538478	19.97
11.626901984	19.99
11.647265457	20.02
11.667628898	20.05
11.687992337	20.08
11.708355824	20.11
11.728719379	20.14
11.749082996	20.17
11.769446651	20.19
11.789810294	20.23
11.810173907	20.26
11.830537468	20.28
11.850900978	20.32
11.871264447	20.34
11.891627892	20.37
11.911991341	20.4
11.932354817	20.43
11.952718344	20.46
11.973081939	20.48
11.99344559434	20.6
12.01380925529	20.63
12.03417289179	20.65
12.05453648076	20.69
12.07490000782	20.71
12.09526348889	20.74
12.11562694407	20.78
12.13599037609	20.81
12.15635383144	20.83
12.17671733008	20.87
12.19708089675	20.89
12.21744452651	20.92
12.23780820658	20.95
12.25817186695	20.98
12.27853547415	21.01
12.29889902237	21.04
12.31926251112	21.07
12.33962596611	21.09
12.35998940793	21.13
12.38035284084	21.16
12.40071631628	21.18
12.42107985784	21.21
12.44144346227	21.24
12.46180712183	21.27
12.48217079302	21.29
12.50253443125	21.32
12.52289800715	21.35
12.54326151994	21.38
12.56362497754	21.4
12.58398841843	21.43
12.60435187275	21.47
12.62471534467	21.49
12.64507885982	21.52
12.665442439	21.56
12.68580607513	21.58
12.7061697389	21.62
12.72653339076	21.65
12.74689698692	21.67
12.76726052176	21.71
12.78762399747	21.73
12.80798744572	21.76
12.82835090632	21.79
12.84871437559	21.82
12.86907787691	21.85
12.88944143612	21.88
12.90980505083	21.91
12.93016869997	21.94
12.95053235982	21.99
12.97089597196	22.01
12.9912595269	22.05
13.01162302148	22.07
13.03198648033	22.11
13.05234994077	22.13
13.07271341256	22.17
13.09307690579	22.19
13.11344044901	22.22
13.13380404338	22.25
13.15416767578	22.28
13.17453132941	22.31
13.19489495271	22.34
13.21525852353	22.37
13.23562203445	22.39
13.25598550384	22.43
13.27634896623	22.46
13.29671244231	22.48
13.31707593321	22.52
13.33743946613	22.55
13.35780304472	22.58
13.37816666195	22.62
13.39853029428	22.65
13.41889392135	22.68
13.43925750265	22.7
13.45962102575	22.74
13.47998450311	22.77
13.5003479667	22.79
13.52071143701	22.83
13.54107493074	22.85
13.56143845968	22.89
13.58180202889	22.93
13.60216563541	22.95
13.62252925954	22.98
13.64289288686	23.02
13.6632564835	23.04
13.68362002358	23.08
13.70398351206	23.11
13.72434697794	23.14
13.74471044149	23.17
13.76507393006	23.2
13.7854374548	23.23
13.80580101807	23.25
13.82616461551	23.29
13.8465282397	23.31
13.86689186547	23.34
13.88725547992	23.37
13.90761903678	23.4
13.92798253824	23.43
13.94834600806	23.46
13.96870946542	23.49
13.98907293789	23.52
14.0094364577312	23.62
14.0298000130973	23.65
14.0501636013946	23.68
14.0705272175708	23.7
14.0908908398268	23.74
14.1112544558006	23.77
14.131618032832	23.79
14.1519815536864	23.82
14.1723450349716	23.86
14.1927085077246	23.89
14.2130719896849	23.92
14.2334355040105	23.95
14.2537990549689	23.98
14.2741626356452	24.01
14.2945262384683	24.04
14.31488985414	24.07
14.3352534688751	24.1
14.3556170600466	24.14
14.3759805997988	24.17
14.3963440939232	24.2
14.4167075575528	24.23
14.4370710296378	24.26
14.4574345273653	24.29
14.4777980714691	24.32
14.4981616426774	24.35
14.5185252369021	24.38
14.5388888459439	24.41
14.5592524577909	24.44
14.5796160513772	24.47
14.5999796099103	24.5
14.6203431219358	24.53
14.6407065980394	24.56
14.661070072973	24.59
14.6814335632932	24.63
14.7017970968586	24.66
14.7221606625634	24.68
14.7425242495702	24.71
14.7628878511626	24.74
14.7832514573138	24.77
14.8036150489136	24.8
14.8239786175551	24.83
14.8443421450529	24.86
14.864705633971	24.88
14.8850691134089	24.91
14.9054325990543	24.94
14.9257961207536	24.98
14.946159684211	25
14.9665232657805	25.03
14.9868868609564	25.06
15.0072504552867	25.09
15.0276140424889	25.13
15.0479776114859	25.16
15.0683411540567	25.19
15.0887046650757	25.22
15.1090681553673	25.24
15.1294316430273	25.27
15.1497951588092	25.3
15.1701587138572	25.33
15.1905222925003	25.36
15.2108858824712	25.39
15.2312494716142	25.42
15.2516130543978	25.45
15.2719766214649	25.48
15.2923401732238	25.52
15.3127036979845	25.54
15.3330672000747	25.57
15.3534306944438	25.6
15.3737942095462	25.63
15.3941577577945	25.66
15.4145213355139	25.7
15.4348849216765	25.72
15.45524850525	25.75
15.4756120814072	25.78
15.495975642631	25.81
15.5163391908779	25.84
15.5367027230994	25.87
15.5570662339046	25.89
15.5774297450285	25.92
15.5977932655151	25.96
15.6181568125271	25.99
15.6385203870374	26.02
15.6588839749237	26.04
15.6792475573766	26.08
15.6996111267042	26.11
15.7199746823757	26.14
15.7403382259043	26.17
15.7607017621585	26.2
15.7810652801503	26.23
15.8014287964864	26.26
15.821792319031	26.29
15.8421558642616	26.32
15.8625194337963	26.35
15.882883019138	26.38
15.9032465996451	26.4
15.9236101656193	26.44
15.9439737165965	26.46
15.9643372553651	26.5
15.9847007880873	28.89
16.005064314530316	29.16
16.025427839609687	29.27
16.04579137674909	29.37
16.066154928540364	29.46
16.086518499374051	29.62
16.10688208618156	29.72
16.127245666527617	29.82
16.147609230362654	29.9
16.167972775362568	29.92
16.188336305943039	30.04
16.208699829769682	30.14
16.229063362225954	30.22
16.249426892833952	30.32
16.26979043628527	30.42
16.290153994274586	30.53
16.310517569997717	30.6
16.330881159280445	30.65
16.351244750972302	30.71
16.371608318197907	30.77
16.39197185989423	30.82
16.412335382109532	30.97
16.432698893389571	31.12
16.453062413546668	31.22
16.473425948927133	31.37
16.493789494909741	31.48
16.514153057483711	31.56
16.534516639141877	31.61
16.554880230238282	31.66
16.575243823183683	31.72
16.595607394502302	31.81
16.615970935547551	31.93
16.636334451774388	32.03
16.656697958581017	32.09
16.677061467975005	32.15
16.697425000215073	32.22
16.717788545713017	32.27
16.738152114435053	32.35
16.7585157023994	32.43
16.778879305258897	32.51
16.799242907282778	32.59
16.819606488282375	32.68
16.839970036551211	32.77
16.860333552418282	32.84
16.880697050888323	32.92
16.901060555309918	32.96
16.921424077232807	33
16.941787618659045	33.08
16.962151186926544	33.19
16.982514777911007	33.29
17.002878382193554	33.39
17.023241989741933	33.46
17.04360558048392	33.56
17.063969136288385	33.64
17.084332654687227	33.71
17.104696146418927	33.75
17.125059636619341	33.79
17.14542313992623	33.82
17.165786670837196	33.91
17.186150233136328	33.96
17.206513824231038	34
17.226877433842162	34.04
17.247241051135862	34.08
17.267604653008632	34.13
17.287968219559257	34.18
17.308331745606385	34.21
17.328695236693456	34.25
17.349058718163192	34.28
17.369422207417781	34.31
17.389785734480775	34.35
17.410149294179377	34.38
17.430512887223482	34.42
17.450876503864535	34.46
17.471240124672097	34.49
17.49160373716294	34.52
17.511967326855	34.57
17.532330865303908	34.61
17.552694362811767	34.67
17.573057836411969	34.72
17.593421307358419	34.77
17.613784812519363	34.81
17.634148365895022	34.85
17.65451195338137	34.88
17.674875570982135	34.92
17.695239199312432	34.95
17.715602823160292	34.98
17.735966415826166	35.02
17.756329966833551	35.04
17.776693468844488	35.09
17.797056936834789	35.13
17.817420405019448	35.17
17.837783892424273	35.21
17.858147429748726	35.24
17.878511009679787	35.27
17.898874626701371	35.3
17.919238263361208	35.33
17.939601891934981	35.36
17.959965498946893	35.4
17.980329070417046	35.43
18.000692586686572	35.55
18.021056058558223	35.59
18.041419518504881	35.63
18.061783002703194	35.67
18.082146524728248	35.7
18.102510096680152	35.72
18.122873709516856	35.76
18.143237348939454	35.79
18.163600986634325	35.83
18.183964606603347	35.85
18.204328182843785	35.88
18.224691711820988	35.91
18.245055187587646	35.94
18.265418638606299	35.97
18.285782104381052	36.01
18.306145602653789	36.03
18.326509152774403	36.07
18.346872758864571	36.1
18.367236400991022	36.13
18.38760005104929	36.16
18.407963677795411	36.19
18.428327269705346	36.23
18.448690815872759	36.26
18.469054308111442	36.29
18.489417761853009	36.32
18.509781217426724	36.35
18.530144696567966	36.38
18.550508234382271	36.42
18.570871830881437	36.45
18.591235471593642	36.48
18.611599130648568	36.52
18.631962773106508	36.55
18.65232638325195	36.59
18.672689945657726	36.62
18.693053451693164	36.65
18.713416916117637	36.68
18.733780362846996	36.71
18.754143820792596	36.75
18.774507333772565	36.78
18.79487090765868	36.81
18.815234536183535	36.84
18.835598194881722	36.88
18.855961847689553	36.91
18.876325475301879	36.95
18.896689048415144	36.97
18.917052568656807	37.01
18.937416033383958	37.04
18.957779471345752	37.07
18.978142926667076	37.11
18.998506419082386	37.14
19.018869969709424	37.17
19.039233588982782	37.2
19.059597249947831	37.24
19.079960915854745	37.26
19.100324550297486	37.3
19.12068814081254	37.33
19.141051676253102	37.36
19.161415159825257	37.4
19.181778602308832	37.43
19.202142048347902	34.18
19.222505521441327	34.22
19.242869059343374	34.25
19.263232662128292	34.29
19.283596321755777	34.32
19.303959998235012	34.38
19.324323650957361	34.41
19.344687262713553	34.43
19.365050816989946	34.47
19.385414310316893	34.52
19.405777756082614	34.57
19.426141190358308	34.6
19.446504657601846	34.63
19.466868173575662	34.67
19.487231753884561	34.71
19.507595396759108	34.74
19.527959073033518	34.77
19.548322737534924	34.8
19.568686368770202	34.83
19.589049935808166	34.87
19.609413441892517	34.9
19.629776895323829	34.94
19.650140324085889	34.97
19.670503774254556	35
19.690867266152907	35.03
19.711230821323472	35.07
19.73159444925788	35.09
19.751958129550523	35.13
19.772321811423804	35.15
19.792685453987765	35.2
19.813049044105917	35.23
19.833412570544095	35.25
19.853776041146514	35.29
19.874139476399382	35.32
19.894502917532012	35.35
19.914866389010324	35.39
19.935229917975168	35.42
19.955593524848609	35.45
19.975957187774572	35.48
19.996320874733271	35.6
20.016684550120743	35.64
20.037048167043981	35.67
20.057411710621192	35.71
20.077775192388618	35.74
20.098138628917507	35.78
20.118502059399074	35.81
20.138865508986495	35.84
20.159229023465087	35.87
20.179592607100602	35.9
20.199956255604565	35.94
20.220319945486132	35.97
20.240683620766543	36
20.261047257663286	36.04
20.281410832167804	36.08
20.301774331879244	36.12
20.322137783429373	36.15
20.342501213903304	36.19
20.362864648280748	36.22
20.383228138828642	36.26
20.403591704894403	36.28
20.423955336667486	36.32
20.444319020110335	36.36
20.464682706780074	36.39
20.4850463639211	36.42
20.505409951332151	36.46
20.525773468251913	36.48
20.546136926719758	36.52
20.566500353084983	36.55
20.58686379300913	36.58
20.60722726687111	36.61
20.627590801128761	36.64
20.64795441391718	36.68
20.668318080979176	36.7
20.688681773855972	36.73
20.709045453473365	36.76
20.729409068646017	36.79
20.749772611419541	36.82
20.770136084134176	36.85
20.790499510875151	36.88
20.810862941363315	36.91
20.831226395769434	36.93
20.851589903591321	36.96
20.871953493155498	37
20.892317147946429	37.03
20.91268084099665	37.06
20.933044522143433	37.09
20.953408158996417	37.13
20.973771726877139	37.16
20.994135216182315	37.19
21.014498647231765	37.22
21.034862066938341	37.25
21.055225523493107	37.28
21.075589028270947	37.31
21.09595260010617	37.35
21.11631624217042	37.37
21.13667993192826	37.4
21.157043622219458	37.44
21.177407283408883	37.47
21.197770879675883	37.51
21.218134389519353	37.54
21.238497836775693	37.57
21.258861251796009	37.61
21.279224689518124	37.64
21.299588170345064	37.67
21.319951714716868	37.7
21.340315336185814	37.74
21.360679016026531	37.77
21.381042711383849	37.8
21.401406374446395	37.83
21.421769982472028	37.86
21.442133515127527	37.89
21.462496976693785	37.93
21.482860393048234	37.96
21.503223817820857	38
21.523587279345897	38.03
21.543950801098713	38.07
21.564314404308888	38.11
21.584678068102271	38.14
21.60504176411683	38.17
21.625405459474745	38.21
21.645769099746477	38.25
21.666132665713675	38.28
21.686496148420083	38.31
21.706859570535677	38.35
21.727222982663253	38.39
21.747586416941004	38.43
21.767949909192897	38.47
21.788313486009717	38.5
21.808677133241211	38.54
21.82904082416303	38.58
21.84940450995434	38.62
21.869768163850789	38.66
21.890131757987671	38.7
21.910495265390686	38.72
21.930858711015972	38.75
21.951222125836654	38.78
21.971585546894623	38.82
21.991949032552363	38.94
22.012312594521671	38.98
22.032676231675797	39.01
22.053039921498861	39.04
22.073403617439212	39.08
22.093767290316517	39.1
22.11413090833793	39.14
22.134494442141261	39.17
22.154857900803545	39.2
22.175221313392186	39.23
22.195584715794094	39.27
22.215948170867208	39.31
22.236311697438328	39.35
22.256675313076805	39.38
22.277038993220245	39.41
22.297402693861933	39.44
22.317766383220821	39.47
22.338130025571573	39.5
22.358493582187311	39.53
22.378857061052425	39.56
22.399220481773654	39.59
22.419583895858359	39.63
22.439947335198902	39.66
22.460310834521337	39.7
22.480674424477382	39.74
22.501038087444623	39.77
22.521401788752353	39.8
22.541765492376552	39.83
22.562129139950628	39.86
22.582492716432704	39.89
22.602856210030499	39.93
22.623219640807665	39.96
22.643583051397837	39.99
22.663946473054299	40.02
22.684309943929183	40.06
22.704673505427493	40.08
22.725037149903759	40.12
22.745400850564987	40.15
22.765764552275609	40.18
22.786128222006329	40.2
22.806491828034719	40.24
22.826855346473121	40.27
22.847218799590618	40.3
22.867582217501894	40.33
22.887945634097271	40.4
22.908309106293434	40.45
22.92867264901551	40.49
22.949036275302998	40.53
22.969399965008808	40.55
22.989763671657332	40.58
23.010127361297862	40.62
23.030490993522683	40.65
23.050854533067184	40.67
23.071217994148828	40.7
23.091581405819909	40.73
23.111944803823064	40.77
23.132308252160367	40.79
23.152671765690044	40.83
23.173035367031051	40.86
23.193399040358599	40.89
23.213762745133188	40.93
23.234126447919824	40.95
23.25449010954231	40.99
23.274853677613862	41.02
23.295217156919623	41.04
23.315580573516542	41.08
23.335943981323261	41.11
23.356307414132171	41.14
23.37667090907922	41.17
23.397034492955648	41.2
23.417398150314526	41.24
23.437761852332706	41.26
23.458125564408579	41.29
23.478489225051852	41.32
23.498852815992024	41.36
23.519216312847252	41.39
23.539579735056286	41.42
23.559943132218134	41.46
23.580306540359711	41.49
23.600670001421321	41.52
23.62103356212419	41.55
23.641397207797173	41.58
23.661760910283551	41.6
23.682124636277155	41.64
23.702488321250797	41.67
23.722851940926763	41.71
23.743215467303472	41.73
23.76357890781405	41.76
23.783942303927983	41.8
23.804305693568754	41.83
23.824669145037038	41.87
23.845032677024168	41.89
23.86539630690309	41.92
23.885760004833365	41.95
23.906123740626054	41.99
23.926487447230215	42.01
23.946851076301261	42.04
23.967214620869765	42.08
23.987578078687442	42.11
24.007941474296214	42.22
24.028304869266204	42.26
24.048668298354464	42.3
24.069031799320179	42.33
24.089395403838481	42.37
24.109759093951048	42.41
24.130122817491152	42.45
24.150486536959775	42.48
24.170850209303936	42.51
24.191213782934252	42.55
24.211577260378977	42.58
24.231940667272966	42.61
24.252304030937584	42.64
24.27266742773709	42.68
24.29303088959303	42.7
24.313394460327938	42.73
24.333758126194521	42.77
24.354121850063009	42.8
24.374485586972728	42.84
24.394849266520666	42.87
24.415212866213007	42.9
24.435576364518589	42.93
24.455939782519607	42.96
24.476303145141401	42.99
24.496666523707098	43.03
24.517029980765866	43.07
24.537393530153125	43.09
24.557757183072273	43.13
24.578120913468052	43.15
24.598484651143629	43.19
24.618848355032487	43.22
24.639211984905074	43.27
24.659575505640507	43.31
24.679938933285644	43.36
24.700302313586253	43.43
24.720665679601389	43.46
24.741029108276663	43.5
24.761392622853592	43.52
24.781756249522203	43.56
24.802119966137091	43.59
24.822483739195025	43.63
24.842847480441502	43.66
24.863211130155808	43.69
24.883574677830214	43.72
24.903938118685954	43.75
24.924301489587016	43.78
24.944664857588347	43.82
24.965028257237616	43.85
24.985391733923858	43.87
25.005755331007084	43.91
25.026119032656361	43.94
25.046482791358319	43.98
25.066846529128842	44.01
25.087210206546306	44.04
25.107573787465157	44.07
25.127937252401914	44.1
25.148300628919007	44.13
25.168663956002622	44.16
25.189027313091845	44.19
25.209390767273558	44.23
25.229754330779979	44.26
25.250118010659651	44.3
25.270481772583135	44.32
25.290845570645399	44.36
25.311209307111348	44.39
25.331572949001824	44.43
25.35193645723302	44.45
25.372299860795703	44.49
25.392663204515063	44.51
25.413026535971451	44.55
25.433389941821957	44.58
25.453753449337011	44.61
25.474117088525951	44.64
25.494480833022898	44.68
25.514844645433637	44.7
25.535208425378862	44.73
25.555572098340242	44.77
25.575935651126475	44.8
25.596299076349741	44.83
25.616662413782411	44.86
25.637025744395114	44.89
25.657389107638647	44.92
25.677752556723014	44.95
25.698116145452584	44.98
25.718479857862278	45
25.738843666344923	45.04
25.759207478527276	45.07
25.779571202936921	45.1
25.799934813981277	45.13
25.820298285132495	45.16
25.840661646552995	45.19
25.861024940033911	45.22
25.881388256413263	45.25
25.901751672720469	45.28
25.92211520757122	45.31
25.942478876291563	45.34
25.962842649415744	45.37
25.983206446696908	45.4
26.003570207336136	45.51
26.023933877493128	45.54
26.044297405037394	45.57
26.064660806841896	45.6
26.085024112324486	45.63
26.105387408624846	45.67
26.125750778628653	45.7
26.146114253525365	45.73
26.166477873326201	45.76
26.186841613372415	45.79
26.207205438158997	45.82
26.227569247303006	45.85
26.247932986897357	45.89
26.268296585461627	45.91
26.288660043674508	45.95
26.309023399778891	45.97
26.329386700808669	46
26.349750033870851	46.04
26.370113443801682	46.07
26.390476994578464	46.1
26.41084067647148	46.13
26.431204469883731	46.16
26.451568291574503	46.19
26.471932043805786	46.23
26.492295694091176	46.26
26.512659203631063	46.3
26.533022595620114	46.32
26.553385904383227	46.36
26.573749213967687	46.39
26.594112569758529	46.42
26.614476053178155	46.45
26.634839677702924	46.48
26.655203412734359	46.51
26.675567220104927	46.54
26.695931000218383	46.57
26.716294706606046	46.6
26.736658280016631	46.63
26.757021728910257	46.66
26.777385072563092	46.69
26.797748386361878	46.72
26.818111744614686	46.75
26.838475183490907	46.79
26.858838739847492	46.82
26.879202426747749	46.85
26.899566208214292	46.87
26.919930002722523	46.91
26.940293752598766	46.93
26.960657385135985	46.96
26.981020895167685	46.99
27.001384287142127	47.02
27.021747617257077	47.05
27.04211096220418	47.08
27.06247435828827	47.11
27.082837851078175	47.14
27.10320147657767	47.17
27.123565210290774	47.21
27.143928992399459	47.24
27.164292735452808	47.27
27.184656402444293	47.31
27.205019961888436	47.34
27.225383406562791	47.36
27.245746770410019	47.4
27.266110123283976	47.43
27.286473498208132	47.46
27.306836968559203	47.49
27.327200544708514	47.52
27.347564231651692	47.54
27.367927990529147	47.58
27.38829174498094	47.61
27.408655447189744	47.64
27.429019058382128	47.68
27.449382552002394	47.71
27.469745952134183	47.74
27.490109314386856	47.78
27.510472677147	47.8
27.530836085484637	47.84
27.551199603956618	47.87
27.571563236453809	47.9
27.591926953986086	47.93
27.612290699546254	47.97
27.632654421144462	47.99
27.653018073273753	48.03
27.67338161540232	48.06
27.693745060200381	48.08
27.714108447554931	48.12
27.734471840596786	48.15
27.754835264038594	48.18
27.775198755595191	48.24
27.795562348963127	48.27
27.815926028744183	48.31
27.83628975410431	48.34
27.856653481061898	48.38
27.877017158745478	48.41
27.897380737335737	48.45
27.917744219770221	48.48
27.938107633615708	48.51
27.958471013704628	48.54
27.978834420132504	48.57
27.999197878429207	48.68
28.019561430360074	48.72
28.039925068820654	48.75
28.060288767770952	48.79
28.080652492707582	48.81
28.101016190553946	48.85
28.121379803878	48.87
28.141743323350173	48.9
28.162106769211185	48.94
28.182470167988441	48.97
28.202833580034152	49
28.22319702465478	49.03
28.243560548692106	49.06
28.263924152526943	49.09
28.284287823138722	49.12
28.304651531360612	49.16
28.325015236491904	49.19
28.345378872169842	49.21
28.365742419934922	49.26
28.386105892711281	49.29
28.406469310055357	49.31
28.426832725349826	49.35
28.447196163690268	49.37
28.467559667076646	49.4
28.487923241463257	49.43
28.508286884228458	49.46
28.52865057136481	49.49
28.549014255414662	49.52
28.569377901311537	49.55
28.589741472758817	49.59
28.610104973442933	49.61
28.630468414975208	49.64
28.650831841443363	49.68
28.671195283069771	49.71
28.691558775316711	49.74
28.711922336875094	49.77
28.732285958221283	49.8
28.752649626491959	49.83
28.773013301906989	49.86
28.793376956075367	49.89
28.813740544348455	49.93
28.834104066309635	49.95
28.854467528001887	49.99
28.874830965600147	50.02
28.89519442357825	50.05
28.915557917384977	50.08
28.935921461593946	50.11
28.956285066803535	50.14
28.976648718541544	50.18
28.997012383669599	50.21
29.017376038550044	50.23
29.037739639119238	50.27
29.058103178594443	50.3
29.078466658507747	50.32
29.098830107921408	50.35
29.119193567962011	50.38
29.139557059330077	50.41
29.159920594161147	50.44
29.180284185977783	50.47
29.20064782351831	50.49
29.221011478393862	50.53
29.24137512884765	50.56
29.261738737321714	50.59
29.282102290075006	50.62
29.302465785014309	50.65
29.322829245157468	50.68
29.343192708440025	50.71
29.363556195247764	50.74
29.383919724283253	50.78
29.404283307946592	50.81
29.424646937097258	50.83
29.445010586913412	50.87
29.465374224328926	50.9
29.485737833779044	50.93
29.506101395538654	50.97
29.526464905293693	51.01
29.546828377876057	51.04
29.567191847266141	51.06
29.587555333550434	51.1
29.607918867257876	51.12
29.628282447367621	51.16
29.648646072700814	51.19
29.66900972085234	51.22
29.689373359816113	51.26
29.709736973667368	51.28
29.73010054461821	51.32
29.750464063320806	51.34
29.770827542514006	51.37
29.791191012942136	51.41
29.811554494649901	51.44
29.831918019413379	51.47
29.852281590609927	51.5
29.87264520875712	51.53
29.89300885430772	51.56
29.913372495213348	51.58
29.933736114591522	51.63
29.954099693238337	51.66
29.974463220840743	51.69
29.994826707695101	51.8
30.015190181571576	51.84
30.035553661185784	51.86
30.055917179699463	51.89
30.076280743646912	51.91
30.096644354761622	51.95
30.117007997950033	51.98
30.137371641594168	52.01
30.157735267420321	52.04
30.178098855891079	52.07
30.198462392699231	52.09
30.218825890426725	52.15
30.239189364361248	52.19
30.25955283640474	52.24
30.279916343344524	52.27
30.300279901474731	52.3
30.320643505871359	52.34
30.341007144795867	52.37
30.361370787860917	52.43
30.38173441640977	52.49
30.402098002055496	52.53
30.422461542382091	52.57
30.442825038809239	52.6
30.463188507629678	52.63
30.483551982196627	52.66
30.503915479960785	52.69
30.524279019671781	52.73
30.544642614129003	52.76
30.565006251276188	52.79
30.585369897179056	52.83
30.605733532385997	52.86
30.626097126908075	52.9
30.646460676326459	52.94
30.666824183007936	52.98
30.68718765791288	53.02
30.70755112813757	53.05
30.727914612778346	53.1
30.74827813405777	53.15
30.768641712684627	53.21
30.789005337506143	53.25
30.809368982382612	53.29
30.829732621913394	53.31
30.85009622315296	53.35
30.870459774979732	53.38
30.89082328426715	53.4
30.911186762143487	53.43
30.931550227926319	53.46
30.951913700647534	53.49
30.972277216292159	53.52
30.99264078078324	53.57
31.013004398024645	53.6
31.033368049325158	53.62
31.053731686881758	53.66
31.074095294915224	53.69
31.094458854078141	53.72
31.114822368233284	53.74
31.135185846461376	53.77
31.155549313645068	53.81
31.175912791862725	53.83
31.196276296315418	53.86
31.216639844086959	53.9
31.237003445110048	53.93
31.257367086949198	53.96
31.277730729327711	53.99
31.298094345589757	54.02
31.31845791233382	54.05
31.338821430963677	54.08
31.359184908245393	54.13
31.379548373595291	54.2
31.399911846107827	54.24
31.42027533663024	54.27
31.440638864969024	54.3
31.461002448072534	54.34
31.481366076926601	54.38
31.501729727028618	54.41
31.522093357567218	54.45
31.54245693915508	54.48
31.562820469756151	54.51
31.583183953157157	54.54
31.603547416865229	54.57
31.623910892771228	54.6
31.644274376916581	54.63
31.664637901141017	54.66
31.685001468901451	54.69
31.705365082454122	54.71
31.725728724496872	54.74
31.746092355299915	54.78
31.766455945489476	54.81
31.78681948414529	54.83
31.807182976042906	54.86
31.827546438685353	54.9
31.847909908332529	54.92
31.868273388992424	54.96
31.888636902195078	54.98
31.909000453982117	55.02
31.929364050449163	55.04
31.949727681493954	55.07
31.970091319836328	55.1
31.99045492777417	55.21
32.010818480590061	55.23
32.031181983267793	55.27
32.051545447767268	55.3
32.071908910466945	55.33
32.092272393226914	55.36
32.112635899908689	55.39
32.132999446517466	55.43
32.153363029990324	55.46
32.173726647004273	55.49
32.194090277245749	55.53
32.214453898162198	55.56
32.234817463349977	55.59
32.255180974268661	55.62
32.275544439263712	55.65
32.29590789308488	55.68
32.316271372615553	55.72
32.336634879166908	55.76
32.356998418754273	55.79
32.377361991437226	55.83
32.397725596571597	55.86
32.418089219122585	55.89
32.438452845142351	55.93
32.458816429063369	55.96
32.479179956321005	56
32.499543430979493	56.02
32.519906884382515	56.05
32.54027035472555	56.08
32.560633859650864	56.12
32.580997396171533	56.15
32.601360961253675	56.18
32.621724556019672	56.22
32.642088169671162	56.24
32.662451781608709	56.28
32.682815376931032	56.3
32.703178917021681	56.33
32.723542407112411	56.37
32.743905864163892	56.4
32.764269327846783	56.43
32.784632818593217	56.46
32.804996355353701	56.5
32.825359916838835	56.52
32.84572350506587	56.56
32.866087112154659	56.59
32.886450719673952	59.2
32.906814317370291	59.23
32.927177873310406	59.26
32.947541376043965	59.29
32.967904837004795	59.33
32.988268294506561	59.36
33.008631770540099	59.39
33.028995298909599	59.41
33.049358863031472	59.45
33.069722448457128	59.48
33.090086050100041	59.5
33.110449652861313	59.53
33.130813246995004	59.57
33.151176816866048	59.6
33.1715403311781	59.62
33.191903797107386	59.65
33.212267249861625	59.68
33.232630726931269	59.71
33.252994243121272	59.74
33.273357805020318	59.77
33.293721390941002	59.8
33.314084991809864	59.83
33.334448593570443	59.86
33.354812186461636	59.89
33.375175756630952	59.92
33.395539289482258	59.94
33.415902768628726	59.98
33.436266224090033	60.01
33.456629693813483	60.04
33.476993195667212	60.07
33.497356752782458	60.11
33.51772034047346	60.13
33.538083942457092	60.16
33.558447544074106	60.19
33.578811130218412	60.22
33.599174696168021	60.25
33.619538239230614	60.27
33.639901733357902	60.31
33.660265192902465	60.34
33.680628657404057	60.37
33.700992146093988	60.4
33.72135568862511	60.43
33.74171927992208	60.46
33.7620828869075	60.49
33.782446493696057	60.51
33.802810083714384	60.55
33.823173651242627	60.57
33.843537193214573	60.6
33.863900701786868	60.63
33.88426416850367	60.66
33.904627630249685	60.69
33.924991121397497	60.72
33.945354652701489	60.74
33.965718235514359	60.77
33.986081843508423	60.81
34.006445452401067	60.92
34.026809043929454	60.95
34.047172611331931	60.98
34.067536149540302	61.02
34.087899665707049	61.04
34.10826313855793	61.07
34.128626597975774	61.1
34.148990079543786	61.13
34.169353596538116	61.16
34.189717163630704	61.19
34.210080778737996	61.22
34.230444397737827	61.26
34.250807999429156	61.29
34.271171574687841	61.32
34.29153511645152	61.35
34.31189863138227	61.37
34.332262125094203	61.4
34.352625592125648	61.44
34.372989070406817	61.46
34.393352575710423	61.5
34.413716126078214	61.52
34.434079729690765	61.55
34.454443350227919	61.58
34.474806957928791	61.62
34.495170539215401	61.64
34.515534083500555	61.68
34.535897598551124	61.71
34.556261096180513	61.74
34.576624566461938	61.78
34.596988041795022	61.8
34.617351539110338	61.84
34.637715085658932	61.87
34.658078681241221	61.89
34.678442308605106	61.93
34.69880592771046	61.95
34.719169514695707	61.99
34.739533064183682	62.02
34.759896577899568	62.05
34.780260068573625	62.08
34.800623542514778	62.1
34.820987014581092	62.14
34.841350515775083	62.17
34.861714054611078	62.19
34.882077640448017	62.23
34.902441267104379	62.26
34.922804902211027	62.29
34.94316850432503	62.33
34.963532065900964	62.36
34.983895584634411	62.38
35.004259072060215	62.42
35.02462254540486	62.45
35.044986017078479	62.48
35.065349511987897	62.51
35.085713040643611	62.53
35.106076614982129	62.57
35.126440233414669	62.59
35.146803869453208	62.63
35.167167481325087	62.66
35.187531052949829	62.69
35.207894576650915	62.72
35.228258068502647	62.75
35.248621546065884	62.78
35.268985021138135	62.81
35.289348513815987	62.84
35.309712036308703	62.87
35.330075607047611	62.91
35.350439217894547	62.93
35.370802853456993	62.96
35.391166479728177	62.99
35.411530060186379	63.02
35.431893592280744	63.05
35.452257084131752	63.09
35.47262055304229	63.11
35.492984021819126	63.14
35.513347508534899	63.18
35.53371103257733	63.21
35.55407459683267	63.23
35.574438204215589	63.27
35.594801839739958	63.29
35.615165472341694	63.32
35.635529066311634	63.35
35.655892609933865	63.38
35.676256105997041	63.41
35.696619570751963	63.44
35.716983040221614	63.48
35.737346526475989	63.51
35.757710046027732	63.53
35.778073604352002	63.57
35.798437206570007	63.6
35.81880084046086	63.62
35.839164489832989	63.65
35.859528107419642	63.69
35.879891665365115	63.72
35.900255169455832	63.74
35.920618630882949	63.78
35.940982086134355	63.8
35.961345571781791	63.84
35.981709084330461	63.86
36.002072634526399	63.98
36.022436231349886	64.03
36.042799863448479	64.06
36.063163504300277	64.09
36.083527134911925	64.13
36.103890707192313	64.15
36.124254221581594	64.18
36.144617692144003	64.21
36.164981140560805	64.24
36.185344609215498	64.28
36.20570811116314	64.31
36.226071649617353	64.34
36.246435239003283	64.37
36.266798865258181	64.4
36.287162509928223	64.44
36.307526152197248	64.46
36.327889747986866	64.49
36.348253282069756	64.53
36.368616761375705	64.55
36.388980206306293	64.59
36.409343660700138	64.62
36.429707147066502	64.65
36.450070684030443	64.67
36.470434266754282	64.7
36.490797891344471	64.74
36.511161540865992	64.77
36.531525181842007	64.8
36.551888798397322	64.84
36.572252354131649	64.86
36.592615845278075	64.89
36.612979300691073	64.91
36.633342745953762	64.95
36.653706211548062	64.98
36.674069735386873	65.01
36.694433311896418	65.04
36.714796931708364	65.07
36.735160582717171	65.11
36.75552423112093	65.14
36.775887858460599	65.18
36.796251427490006	65.21
36.8166149305654	65.24
36.836978386245477	65.27
36.85734181950388	65.3
36.877705279267722	65.33
36.89806878547396	65.35
36.918432345507107	65.39
36.938795959685564	65.42
36.959159605498314	65.44
36.979523261145246	65.48
36.999886902290946	65.51
37.020250493667774	65.54
37.040614015258235	65.57
37.060977479800421	65.6
37.081340908739513	65.64
37.101704353691936	65.67
37.122067838536019	65.7
37.142431394698129	65.73
37.162795003753445	65.76
37.183158652050295	65.79
37.203522317659854	65.82
37.223885960705992	65.85
37.244249565245298	65.88
37.264613110358312	65.9
37.284976584134675	65.94
37.305340021557363	65.97
37.325703451437533	66
37.346066908207156	66.03
37.366430436986001	66.06
37.386794034518587	66.1
37.407157677576095	66.12
37.427521347724095	66.16
37.447885003217067	66.19
37.468248624069652	66.23
37.488612182599766	66.25
37.508975672224445	66.31
37.529339112058913	66.46
37.549702530583744	66.5
37.570065982862587	66.52
37.590429489502668	66.56
37.610793075522921	66.59
37.631156715777415	66.62
37.651520393957995	66.66
37.671884067595357	66.69
37.692247698360276	66.73
37.712611275591613	66.77
37.732974788574467	66.82
37.75333823780614	66.86
37.773701650449041	66.9
37.79406508332508	66.94
37.814428561735717	66.99
37.834792121806323	67.03
37.855155752642602	67.07
37.8755194222977	67.1
37.895883104310194	67.13
37.916246752470073	67.17
37.936610350320557	67.19
37.956973883091102	67.23
37.977337346994616	67.27
37.99770077295517	67.38
38.018064192920335	67.41
38.038427644010547	67.45
38.058791174351285	67.48
38.079154787874671	67.52
38.099518453396939	67.55
38.119882143939066	67.58
38.140245809304602	67.62
38.160609428410574	67.65
38.180972973914336	67.69
38.201336454673687	67.71
38.221699883051336	67.75
38.242063289404307	67.78
38.262426733590786	67.82
38.282790237013465	67.85
38.303153826396304	67.88
38.323517486824095	67.91
38.343881186093626	67.94
38.36424487333597	67.97
38.38460850633993	68
38.404972074930832	68.04
38.425335572599344	68.07
38.445699012472097	68.1
38.466062413919701	68.13
38.486425838036261	68.17
38.506789311466626	68.19
38.527152872607985	68.23
38.547516515274758	68.26
38.567880216151998	68.29
38.58824391882041	68.32
38.608607574849806	68.35
38.628971168172299	68.38
38.649334685653564	68.41
38.669698137187552	68.45
38.690061538461677	68.47
38.710424945088178	68.51
38.73078840926852	68.54
38.751151944648186	68.58
38.77151556338918	68.61
38.791879248503875	68.65
38.812242955058323	68.68
38.832606627933359	68.71
38.852970244933687	68.75
38.873333779498601	68.78
38.893697243112555	68.82
38.914060650638397	68.86
38.934424045550308	68.9
38.954787485416233	68.92
38.975150990315939	68.95
38.995514580159778	68.98
39.015878251342912	69.02
39.036241968124166	69.05
39.05660566493308	69.09
39.076969297762268	69.12
39.09733285748483	69.14
39.117696339893982	69.18
39.138059769897254	69.21
39.158423168275519	69.24
39.178786593294895	69.26
39.199150071306121	69.3
39.219513639615137	69.33
39.239877290134309	69.36
39.260241007262657	69.39
39.280604720499305	69.43
39.300968377535071	69.45
39.321331962909277	69.47
39.34169546503513	69.51
39.362058899498166	69.54
39.382422295032171	69.57
39.402785699674283	69.6
39.423149144502062	69.64
39.443512677864739	69.67
39.463876298338178	69.7
39.484239998019646	69.73
39.504603722191803	69.75
39.524967403267901	69.79
39.545331019390375	69.82
39.565694546320877	69.85
39.586057998308355	69.88
39.606421398078297	69.91
39.62678479495117	69.94
39.647148240119847	69.97
39.667511752455489	70
39.687875350300459	70.03
39.708239026923472	70.06
39.728602753043887	70.09
39.748966452469645	70.12
39.769330096373778	70.16
39.789693648428269	70.19
39.810057116799662	70.21
39.830420518232081	70.25
39.850783907296531	70.28
39.87114732915753	70.31
39.89151080872518	70.34
39.911874371598927	70.37
39.932238024797002	70.4
39.952601742349358	70.43
39.972965460072196	70.46
39.993329115595046	70.57
40.013692694523591	70.6
