0.012	1
0.0264	0.00247639
0.04368	0.000796301
0.0642855	0.000717936
0.0881494	0.000799847
0.115209	0.000861275
0.145412	0.000946244
0.176419	0.000949975
0.206965	0.000975795
0.237206	0.000940524
0.267275	0.00091894
0.297172	0.000910098
0.326767	0.000897868
0.356065	0.000872539
0.385065	0.000865216
0.413802	0.000855657
0.442322	0.000838915
0.470609	0.000836771
0.498713	0.000824358
0.526637	0.0008081
0.554397	0.000787698
0.582024	0.000769291
0.609503	0.000766023
0.636859	0.00075716
0.664022	0.000744319
0.691016	0.000729483
0.71784	0.000719854
0.74451	0.000699983
0.771029	0.00067578
0.797406	0.000660735
0.823649	0.000639559
0.849761	0.000619995
0.875753	0.000595681
0.901624	0.000575626
0.927388	0.000561948
0.95304	0.000536587
0.978595	0.000518904
1.00405	0.000505385
1.02941	0.000482846
1.05468	0.000475203
1.07985	0.000454173
1.10493	0.00044724
1.12991	0.000423823
1.1548	0.000419516
1.17961	0.000397627
1.20432	0.000385829
1.22896	0.000363053
1.25352	0.000354522
1.27799	0.000332915
1.3024	0.000320807
1.32673	0.000313443
1.35098	0.000304689
1.37517	0.000286624
1.3993	0.000275243
1.42335	0.000271527
1.44735	0.000253287
1.47128	0.000243095
1.49515	0.000232754
1.51897	0.000229187
1.54273	0.000215356
1.56643	0.000212816
1.59007	0.000203115
1.61366	0.000189608
1.63718	0.000189115
1.66065	0.000186685
1.68407	0.000170488
1.70743	0.000166778
1.73074	0.00016202
1.754	0.000155944
1.7772	0.000151145
1.80036	0.000147516
1.82347	0.000140289
1.84653	0.00013881
1.86954	0.000137076
1.89251	0.000124919
1.91543	0.000125472
1.93832	0.000126505
1.96115	0.000116026
1.98395	0.000114287
2.006708	0.000111081
2.029425	0.000105422
2.052103	0.000105497
2.074742	0.000102997
2.097341	9.66546e-05
2.119901	9.51062e-05
2.142422	9.16785e-05
2.164905	9.33846e-05
2.187351	9.0155e-05
2.209761	8.47628e-05
2.232135	8.60338e-05
2.254474	8.53547e-05
2.276778	7.83922e-05
2.299048	7.6885e-05
2.321285	7.63542e-05
2.34349	7.5101e-05
2.365662	7.19982e-05
2.387802	7.46037e-05
2.409911	7.15027e-05
2.431987	7.23092e-05
2.454033	6.61629e-05
2.476048	6.47743e-05
2.498033	6.45962e-05
2.519988	6.45247e-05
2.541915	6.32474e-05
2.563812	5.89715e-05
2.585681	6.06257e-05
2.607523	6.03437e-05
2.629337	5.57723e-05
2.651124	5.47823e-05
2.672885	5.30007e-05
2.69462	5.4834e-05
2.716329	5.48947e-05
2.738012	5.10064e-05
2.759671	5.00115e-05
2.781305	4.8464e-05
2.802915	4.94691e-05
2.824501	4.90717e-05
2.846063	4.65538e-05
2.867602	4.59849e-05
2.889118	4.39295e-05
2.910612	4.58989e-05
2.932084	4.65966e-05
2.953533	4.21817e-05
2.974961	4.23406e-05
2.996368	4.09539e-05
3.017753	4.13301e-05
3.039118	4.20302e-05
3.060463	3.93159e-05
3.081787	3.84256e-05
3.103092	3.70276e-05
3.124376	3.74322e-05
3.145642	3.75884e-05
3.166888	3.58475e-05
3.188116	3.54328e-05
3.209325	3.41067e-05
3.230516	3.43135e-05
3.251689	3.40315e-05
3.272844	3.33512e-05
3.293982	3.4022e-05
3.315102	3.16758e-05
3.336206	3.08227e-05
3.357293	3.01834e-05
3.378364	3.06005e-05
3.399419	3.06281e-05
3.420458	2.91165e-05
3.441481	2.90139e-05
3.46249	2.74154e-05
3.483483	2.66844e-05
3.504463	2.68398e-05
3.525427	2.66945e-05
3.546378	2.70954e-05
3.567315	2.58982e-05
3.588238	2.58694e-05
3.609148	2.47092e-05
3.630044	2.37726e-05
3.650927	2.38126e-05
3.671797	2.42284e-05
3.692654	2.41255e-05
3.713499	2.35025e-05
3.734332	2.37076e-05
3.755152	2.22521e-05
3.77596	2.19309e-05
3.796755	2.11738e-05
3.817539	2.12298e-05
3.838311	2.06743e-05
3.859071	2.05383e-05
3.879818	2.04137e-05
3.900554	2.02127e-05
3.921278	1.95482e-05
3.94199	1.85926e-05
3.96269	1.79295e-05
3.983378	1.77821e-05
4.0040539	1.79058e-05
4.0247181	1.74536e-05
4.0453707	1.74153e-05
4.0660121	1.73869e-05
4.0866425	1.61959e-05
4.1072621	1.62846e-05
4.1278713	1.44326e-05
4.1484705	1.40239e-05
4.1690599	1.35132e-05
4.1896399	1.32151e-05
4.2102109	1.24999e-05
4.2307729	1.23854e-05
4.2513263	1.24557e-05
4.2718713	1.14442e-05
4.2924084	1.15845e-05
4.3129377	1.0743e-05
4.3334596	1.00326e-05
4.3539744	9.89165e-06
4.3744824	9.52906e-06
4.3949838	9.07543e-06
4.4154788	8.73356e-06
4.4359678	8.21735e-06
4.456451	8.6454e-06
4.4769286	7.81055e-06
4.4974008	8.05178e-06
4.5178679	7.95285e-06
4.5383301	7.48218e-06
4.5587876	7.14765e-06
4.5792406	6.61564e-06
4.5996894	6.73145e-06
4.6201341	7.62671e-06
4.640575	6.1737e-06
4.6610122	5.91413e-06
4.6814459	5.94419e-06
4.7018763	5.47545e-06
4.7223035	5.26762e-06
4.7427278	5.25568e-06
4.7631493	5.63042e-06
4.783568	5.29347e-06
4.8039842	4.64473e-06
4.8243979	4.66794e-06
4.8448093	4.84082e-06
4.8652185	4.23231e-06
4.8856256	4.28435e-06
4.9060306	4.33112e-06
4.9264337	4.26327e-06
4.946835	4.46751e-06
4.9672345	4.78368e-06
4.9876323	4.21781e-06
5.0080286	4.06208e-06
5.0284233	3.91602e-06
5.0488167	3.26237e-06
5.0692087	3.02436e-06
5.0895993	3.00028e-06
5.1099888	2.97828e-06
5.1303771	2.47917e-06
5.1507643	2.63845e-06
5.1711504	2.61827e-06
5.1915355	2.34155e-06
5.2119197	2.39689e-06
5.2323029	2.17195e-06
5.2526853	2.30983e-06
5.2730668	2.14802e-06
5.2934476	2.00648e-06
5.3138275	1.99847e-06
5.3342068	1.79962e-06
5.3545854	1.82793e-06
5.3749633	1.58936e-06
5.3953406	1.92206e-06
5.4157173	1.50086e-06
5.4360934	1.84908e-06
5.456469	1.52163e-06
5.4768441	1.59063e-06
5.4972187	1.45901e-06
5.5175928	1.39442e-06
5.5379665	1.51053e-06
5.5583397	1.23332e-06
5.5787126	1.39871e-06
5.599085	1.11343e-06
5.6194571	1.28765e-06
5.6398288	1.1495e-06
5.6602002	1.21771e-06
5.6805713	1.2573e-06
5.700942	1.10264e-06
5.7213125	1.31872e-06
5.7416826	1.01158e-06
5.7620525	1.26171e-06
5.7824221	1.37345e-06
5.8027915	1.55361e-06
5.8231607	1.53655e-06
5.8435296	1.34365e-06
5.8638983	1.33679e-06
5.8842667	1.278e-06
5.904635	1.3829e-06
5.9250031	1.50397e-06
5.945371	1.1063e-06
5.9657387	1.24195e-06
5.9861063	1.1865e-06
6.00647367	1.33682e-06
6.02684089	1.25386e-06
6.04720797	6.46748e-07
6.0675749	6.45631e-07
6.08794169	8.08021e-07
6.10830834	7.25721e-07
6.12867487	7.59038e-07
6.14904127	9.50297e-07
6.16940756	8.58446e-07
6.18977373	8.27587e-07
6.21013979	8.22867e-07
6.23050575	5.13061e-07
6.25087161	5.41473e-07
6.27123737	5.51582e-07
6.29160303	5.58119e-07
6.31196861	4.69472e-07
6.33233411	4.595e-07
6.35269952	5.3752e-07
6.37306485	4.80854e-07
6.3934301	4.70106e-07
6.41379529	4.99788e-07
6.4341604	4.64314e-07
6.45452545	4.83376e-07
6.47489043	5.18834e-07
6.49525535	4.95843e-07
6.51562022	4.79774e-07
6.53598502	4.30094e-07
6.55634978	4.38856e-07
6.57671448	1.63761e-06
6.59707913	3.85919e-07
6.61744374	3.46107e-07
6.63780831	2.91012e-07
6.65817283	2.73289e-07
6.67853732	2.89394e-07
6.69890177	2.72225e-07
6.71926618	2.65197e-07
6.73963056	2.62509e-07
6.75999491	2.46713e-07
6.78035922	2.34197e-07
6.8007235	2.21536e-07
6.82108775	2.33716e-07
6.84145197	2.31201e-07
6.86181617	2.39987e-07
6.88218034	2.48393e-07
6.90254448	2.34899e-07
6.9229086	2.39431e-07
6.94327269	2.28571e-07
6.96363677	2.30226e-07
6.98400082	2.30149e-07
7.00436485	2.41383e-07
7.02472885	2.29912e-07
7.04509285	2.37073e-07
7.06545682	2.31037e-07
7.08582077	2.34562e-07
7.10618471	2.25104e-07
7.12654863	2.40214e-07
7.14691254	2.34035e-07
7.16727643	2.38531e-07
7.18764031	2.26419e-07
7.20800417	2.34522e-07
7.22836802	2.36156e-07
7.24873186	2.46285e-07
7.26909569	2.2478e-07
7.2894595	2.4272e-07
7.30982331	2.41413e-07
7.33018711	2.18871e-07
7.35055089	2.15365e-07
7.37091466	2.21251e-07
7.39127843	2.2905e-07
7.41164219	2.33789e-07
7.43200593	2.38486e-07
7.45236967	2.53264e-07
7.4727334	2.65569e-07
7.49309713	3.89671e-07
7.51346084	3.32489e-07
7.53382455	4.49723e-07
7.55418826	3.93868e-07
7.57455196	3.90795e-07
7.59491565	5.1992e-07
7.61527934	4.78816e-07
7.63564302	5.13847e-07
7.6560067	4.89809e-07
7.67637037	6.49068e-07
7.69673403	6.07736e-07
7.71709769	6.57657e-07
7.73746135	6.84392e-07
7.757825	7.39243e-07
7.77818864	7.7554e-07
7.79855229	8.01308e-07
7.81891593	8.65719e-07
7.83927957	9.16314e-07
7.8596432	9.54332e-07
7.88000684	1.01706e-06
7.90037046	1.0774e-06
7.92073409	1.13274e-06
7.94109771	1.18756e-06
7.96146133	1.25529e-06
7.98182494	1.32645e-06
8.002188551	1.39045e-06
8.02255216	1.46455e-06
8.042915766	1.55007e-06
8.06327937	1.62262e-06
8.083642972	1.71175e-06
8.104006571	1.79528e-06
8.124370169	1.88737e-06
8.144733765	2.00103e-06
8.16509736	2.08694e-06
8.185460954	2.20111e-06
8.205824548	2.32343e-06
8.22618814	2.43884e-06
8.246551731	2.57085e-06
8.266915321	2.69587e-06
8.287278908	2.84268e-06
8.307642492	2.99422e-06
8.328006072	3.1524e-06
8.348369649	3.32857e-06
8.368733224	3.48542e-06
8.389096797	3.68875e-06
8.40946037	3.9077e-06
8.429823944	4.05977e-06
8.450187521	4.33991e-06
8.470551101	4.58018e-06
8.490914683	4.78518e-06
8.511278265	5.08226e-06
8.531641845	5.35775e-06
8.55200542	5.65671e-06
8.57236899	5.95772e-06
8.592732554	6.25662e-06
8.613096113	6.65687e-06
8.633459668	6.98682e-06
8.653823225	7.30573e-06
8.674186786	7.78785e-06
8.694550353	8.2e-06
8.71491393	8.60609e-06
8.735277513	9.17803e-06
8.755641099	9.63105e-06
8.776004682	1.01236e-05
8.796368257	1.08135e-05
8.81673182	1.13549e-05
8.837095369	1.19427e-05
8.857458906	1.28273e-05
8.877822438	1.34844e-05
8.898185973	1.41664e-05
8.918549517	1.52213e-05
8.938913079	1.60856e-05
8.95927666	1.69138e-05
8.97964026	1.81053e-05
9.000003871	1.92715e-05
9.020367481	2.02429e-05
9.040731076	2.15943e-05
9.061094641	2.31488e-05
9.081458172	2.4353e-05
9.101821671	2.59793e-05
9.122185152	2.79477e-05
9.142548634	2.94449e-05
9.162912138	3.11321e-05
9.18327568	3.36178e-05
9.203639268	3.55789e-05
9.224002903	3.73595e-05
9.24436657	4.09345e-05
9.264730246	4.3028e-05
9.285093899	6.67453e-05
9.305457494	4.556e-05
9.325821017	6.71588e-05
9.346184486	4.75818e-05
9.36654792	4.41341e-05
9.386911349	6.48142e-05
9.407274824	4.93971e-05
9.42763836	6.4708e-05
9.448001951	4.87069e-05
9.468365589	4.25755e-05
9.488729255	6.32751e-05
9.509092905	4.94472e-05
9.529456522	4.36144e-05
9.549820088	6.55078e-05
9.570183592	2.78714e-05
9.590547057	4.27263e-05
9.610910505	4.27997e-05
9.631273966	6.19861e-05
9.65163748	4.94915e-05
9.672001057	6.19268e-05
9.692364678	4.85209e-05
9.712728325	4.08389e-05
9.733091976	6.10292e-05
9.753455593	2.4487e-05
9.773819162	4.14774e-05
9.794182684	4.02668e-05
9.814546158	5.78899e-05
9.834909615	4.84959e-05
9.855273074	3.98481e-05
9.875636563	6.01897e-05
9.896000112	5.03988e-05
9.916363724	6.12146e-05
9.936727369	4.98975e-05
9.957091022	4.02619e-05
9.977454658	5.99054e-05
9.9978182462	5.16913e-05
10.018181781	6.06296e-05
10.038545276	5.09755e-05
10.05890874	4.04148e-05
10.079272183	5.91732e-05
10.099635651	2.30267e-05
10.119999168	4.38104e-05
10.140362738	3.93918e-05
10.160726361	4.28422e-05
10.181090022	5.78016e-05
10.201453664	2.18474e-05
10.221817265	4.33551e-05
10.24218082	3.89063e-05
10.262544327	5.48231e-05
10.282907811	5.0699e-05
10.303271285	3.85388e-05
10.323634756	5.72414e-05
10.343998258	5.24998e-05
10.364361803	5.86358e-05
10.384725393	5.18617e-05
10.40508902	3.89713e-05
10.425452668	5.74135e-05
10.445816282	2.12174e-05
10.466179847	4.41416e-05
10.486543366	3.82139e-05
10.506906848	4.27142e-05
10.527270312	5.60161e-05
10.547633798	2.02154e-05
10.567997312	4.41791e-05
10.588360855	3.76732e-05
10.608724435	4.23335e-05
10.629088049	5.64191e-05
10.649451675	5.46987e-05
10.669815299	5.91716e-05
10.690178877	5.4152e-05
10.710542403	3.9317e-05
10.730905881	5.81077e-05
10.751269345	2.0802e-05
10.771632829	4.62373e-05
10.791996345	3.8684e-05
10.81235989	4.30168e-05
10.832723468	5.5451e-05
10.853087073	1.99839e-05
10.873450685	4.64903e-05
10.893814294	3.81258e-05
10.914177883	4.31828e-05
10.93454142	5.58743e-05
10.954904909	1.96346e-05
10.975268378	4.64002e-05
10.995631848	3.83043e-05
11.015995343	5.37366e-05
11.036358894	5.50023e-05
11.056722479	3.80697e-05
11.077086092	5.7154e-05
11.097449711	1.93896e-05
11.117813316	4.71287e-05
11.138176899	3.78748e-05
11.15854045	4.25321e-05
11.178903941	5.54937e-05
11.199267399	1.92564e-05
11.219630861	4.80346e-05
11.239994345	3.84225e-05
11.260357876	5.40541e-05
11.280721466	5.73133e-05
11.301085084	5.61012e-05
11.321448707	5.56729e-05
11.34181232	3.75574e-05
11.362175907	5.57112e-05
11.382539455	1.85147e-05
11.402902966	4.78597e-05
11.423266432	3.73038e-05
11.443629877	5.26501e-05
11.463993347	5.62485e-05
11.484356861	5.49207e-05
11.504720438	5.57285e-05
11.525084064	3.69181e-05
11.545447707	5.56428e-05
11.565811333	5.80308e-05
11.586174929	5.75082e-05
11.606538478	5.64574e-05
11.626901984	5.47362e-05
11.647265457	5.61613e-05
11.667628898	3.75304e-05
11.687992337	5.49618e-05
11.708355824	1.85836e-05
11.728719379	4.76099e-05
11.749082996	3.76461e-05
11.769446651	5.27918e-05
11.789810294	5.69355e-05
11.810173907	5.42483e-05
11.830537468	5.47351e-05
11.850900978	3.66656e-05
11.871264447	5.44864e-05
11.891627892	1.78698e-05
11.911991341	4.7753e-05
11.932354817	3.753e-05
11.952718344	5.30079e-05
11.973081939	5.72582e-05
11.99344559434	5.55382e-05
12.01380925529	5.58998e-05
12.03417289179	3.73045e-05
12.05453648076	5.56381e-05
12.07490000782	1.77253e-05
12.09526348889	4.81288e-05
12.11562694407	3.73623e-05
12.13599037609	5.25338e-05
12.15635383144	5.67413e-05
12.17671733008	5.50509e-05
12.19708089675	5.691e-05
12.21744452651	3.73436e-05
12.23780820658	5.5731e-05
12.25817186695	1.74308e-05
12.27853547415	4.72244e-05
12.29889902237	3.69066e-05
12.31926251112	5.15494e-05
12.33962596611	5.62094e-05
12.35998940793	3.69199e-05
12.38035284084	5.56429e-05
12.40071631628	1.82455e-05
12.42107985784	4.87037e-05
12.44144346227	3.81655e-05
12.46180712183	5.38109e-05
12.48217079302	5.8745e-05
12.50253443125	5.5681e-05
12.52289800715	5.67696e-05
12.54326151994	3.75122e-05
12.56362497754	5.57763e-05
12.58398841843	1.80535e-05
12.60435187275	4.9444e-05
12.62471534467	3.80996e-05
12.64507885982	5.34473e-05
12.665442439	5.93682e-05
12.68580607513	5.65981e-05
12.7061697389	5.84789e-05
12.72653339076	5.43421e-05
12.74689698692	5.62184e-05
12.76726052176	3.67576e-05
12.78762399747	5.46799e-05
12.80798744572	1.77614e-05
12.82835090632	4.91918e-05
12.84871437559	3.75814e-05
12.86907787691	5.35519e-05
12.88944143612	5.98442e-05
12.90980505083	5.64189e-05
12.93016869997	5.79048e-05
12.95053235982	5.39408e-05
12.97089597196	5.61991e-05
12.9912595269	3.65257e-05
13.01162302148	5.42999e-05
13.03198648033	1.7934e-05
13.05234994077	4.90711e-05
13.07271341256	3.7613e-05
13.09307690579	5.37402e-05
13.11344044901	6.02236e-05
13.13380404338	5.5865e-05
13.15416767578	5.7655e-05
13.17453132941	5.38199e-05
13.19489495271	5.65762e-05
13.21525852353	3.64289e-05
13.23562203445	5.42139e-05
13.25598550384	1.80399e-05
13.27634896623	4.88062e-05
13.29671244231	3.75002e-05
13.31707593321	5.35995e-05
13.33743946613	5.99752e-05
13.35780304472	5.54429e-05
13.37816666195	1.86253e-05
13.39853029428	4.84944e-05
13.41889392135	3.59441e-05
13.43925750265	4.14022e-05
13.45962102575	5.32424e-05
13.47998450311	1.73034e-05
13.5003479667	4.83838e-05
13.52071143701	3.72431e-05
13.54107493074	5.39613e-05
13.56143845968	5.97801e-05
13.58180202889	5.60087e-05
13.60216563541	1.92814e-05
13.62252925954	4.87339e-05
13.64289288686	3.63633e-05
13.6632564835	5.15351e-05
13.68362002358	5.88704e-05
13.70398351206	5.37724e-05
13.72434697794	5.62765e-05
13.74471044149	3.55675e-05
13.76507393006	5.42529e-05
13.7854374548	1.76614e-05
13.80580101807	4.99623e-05
13.82616461551	3.75022e-05
13.8465282397	5.42196e-05
13.86689186547	6.0939e-05
13.88725547992	5.65e-05
13.90761903678	5.95431e-05
13.92798253824	5.4024e-05
13.94834600806	5.67101e-05
13.96870946542	3.58389e-05
13.98907293789	5.4131e-05
14.0094364577312	1.8396e-05
14.0298000130973	5.04638e-05
14.0501636013946	3.77564e-05
14.0705272175708	5.44431e-05
14.0908908398268	6.15032e-05
14.1112544558006	5.62135e-05
14.131618032832	5.93298e-05
14.1519815536864	5.40277e-05
14.1723450349716	1.88485e-05
14.1927085077246	4.79077e-05
14.2130719896849	3.5041e-05
14.2334355040105	5.01337e-05
14.2537990549689	5.75883e-05
14.2741626356452	5.34068e-05
14.2945262384683	5.48546e-05
14.31488985414	3.44839e-05
14.3352534688751	5.38987e-05
14.3556170600466	1.75939e-05
14.3759805997988	4.92433e-05
14.3963440939232	3.71833e-05
14.4167075575528	5.38114e-05
14.4370710296378	6.05909e-05
14.4574345273653	5.53221e-05
14.4777980714691	5.90143e-05
14.4981616426774	5.30074e-05
14.5185252369021	5.58096e-05
14.5388888459439	3.47463e-05
14.5592524577909	5.29354e-05
14.5796160513772	1.83659e-05
14.5999796099103	4.98723e-05
14.6203431219358	3.70254e-05
14.6407065980394	5.33745e-05
14.661070072973	6.07662e-05
14.6814335632932	5.58972e-05
14.7017970968586	5.84028e-05
14.7221606625634	5.27068e-05
14.7425242495702	5.74928e-05
14.7628878511626	3.51917e-05
14.7832514573138	5.32851e-05
14.8036150489136	1.85211e-05
14.8239786175551	4.96534e-05
14.8443421450529	3.74515e-05
14.864705633971	5.3928e-05
14.8850691134089	6.1236e-05
14.9054325990543	5.64022e-05
14.9257961207536	1.9344e-05
14.946159684211	4.94528e-05
14.9665232657805	3.57723e-05
14.9868868609564	5.1968e-05
15.0072504552867	5.96094e-05
15.0276140424889	5.47341e-05
15.0479776114859	5.76401e-05
15.0683411540567	5.24311e-05
15.0887046650757	5.59403e-05
15.1090681553673	3.41945e-05
15.1294316430273	5.26078e-05
15.1497951588092	1.84138e-05
15.1701587138572	4.92011e-05
15.1905222925003	3.69815e-05
15.2108858824712	5.3219e-05
15.2312494716142	6.07135e-05
15.2516130543978	5.57817e-05
15.2719766214649	5.80825e-05
15.2923401732238	5.23382e-05
15.3127036979845	5.88402e-05
15.3330672000747	3.6009e-05
15.3534306944438	5.37231e-05
15.3737942095462	1.87809e-05
15.3941577577945	4.93565e-05
15.4145213355139	3.74734e-05
15.4348849216765	5.3894e-05
15.45524850525	6.09913e-05
15.4756120814072	5.58855e-05
15.495975642631	1.95606e-05
15.5163391908779	4.93057e-05
15.5367027230994	3.58785e-05
15.5570662339046	5.19113e-05
15.5774297450285	5.9623e-05
15.5977932655151	5.49307e-05
15.6181568125271	5.73102e-05
15.6385203870374	3.56649e-05
15.6588839749237	5.57722e-05
15.6792475573766	1.82606e-05
15.6996111267042	5.08599e-05
15.7199746823757	5.45764e-05
15.7403382259043	5.81362e-05
15.7607017621585	3.52594e-05
15.7810652801503	5.33817e-05
15.8014287964864	6.05781e-05
15.821792319031	5.55011e-05
15.8421558642616	1.93808e-05
15.8625194337963	4.90858e-05
15.882883019138	3.56732e-05
15.9032465996451	5.1359e-05
15.9236101656193	5.94783e-05
15.9439737165965	5.44264e-05
15.9643372553651	5.72905e-05
15.9847007880873	3.54631e-05
16.005064314530316	5.52671e-05
16.025427839609687	1.81351e-05
16.04579137674909	5.0526e-05
16.066154928540364	3.72653e-05
16.086518499374051	5.3437e-05
16.10688208618156	1.74788e-05
16.127245666527617	4.87319e-05
16.147609230362654	3.51687e-05
16.167972775362568	5.07591e-05
16.188336305943039	5.91347e-05
16.208699829769682	5.45145e-05
16.229063362225954	5.98445e-05
16.249426892833952	5.44151e-05
16.26979043628527	5.94977e-05
16.290153994274586	5.38661e-05
16.310517569997717	5.77834e-05
16.330881159280445	3.54417e-05
16.351244750972302	5.44319e-05
16.371608318197907	1.81048e-05
16.39197185989423	5.04614e-05
16.412335382109532	3.66903e-05
16.432698893389571	5.30485e-05
16.453062413546668	1.75208e-05
16.473425948927133	4.91058e-05
16.493789494909741	3.53468e-05
16.514153057483711	5.14484e-05
16.534516639141877	1.71031e-05
16.554880230238282	4.79616e-05
16.575243823183683	3.50042e-05
16.595607394502302	5.12204e-05
16.615970935547551	5.90267e-05
16.636334451774388	5.46881e-05
16.656697958581017	5.84659e-05
16.677061467975005	5.37019e-05
16.697425000215073	5.8606e-05
16.717788545713017	5.29904e-05
16.738152114435053	5.8567e-05
16.7585157023994	3.52999e-05
16.778879305258897	5.37518e-05
16.799242907282778	1.81369e-05
16.819606488282375	4.96859e-05
16.839970036551211	3.60311e-05
16.860333552418282	5.20234e-05
16.880697050888323	1.75446e-05
16.901060555309918	4.87068e-05
16.921424077232807	3.51774e-05
16.941787618659045	5.11967e-05
16.962151186926544	5.95466e-05
16.982514777911007	5.49656e-05
17.002878382193554	5.8986e-05
17.023241989741933	5.39587e-05
17.04360558048392	5.86979e-05
17.063969136288385	5.3131e-05
17.084332654687227	5.87201e-05
17.104696146418927	5.27278e-05
17.125059636619341	5.79895e-05
17.14542313992623	3.51292e-05
17.165786670837196	5.34437e-05
17.186150233136328	1.77039e-05
17.206513824231038	4.97702e-05
17.226877433842162	3.56484e-05
17.247241051135862	5.19391e-05
17.267604653008632	1.73793e-05
17.287968219559257	4.8416e-05
17.308331745606385	3.48824e-05
17.328695236693456	5.11849e-05
17.349058718163192	5.92152e-05
17.369422207417781	5.43073e-05
17.389785734480775	5.87935e-05
17.410149294179377	5.35929e-05
17.430512887223482	5.90938e-05
17.450876503864535	5.33164e-05
17.471240124672097	5.83434e-05
17.49160373716294	3.51726e-05
17.511967326855	5.37914e-05
17.532330865303908	1.79874e-05
17.552694362811767	5.02776e-05
17.573057836411969	3.60126e-05
17.593421307358419	5.22953e-05
17.613784812519363	1.74836e-05
17.634148365895022	4.87563e-05
17.65451195338137	3.49538e-05
17.674875570982135	5.12227e-05
17.695239199312432	5.94388e-05
17.715602823160292	5.45371e-05
17.735966415826166	5.91075e-05
17.756329966833551	5.3997e-05
17.776693468844488	5.94368e-05
17.797056936834789	5.36411e-05
17.817420405019448	5.84366e-05
17.837783892424273	5.22679e-05
17.858147429748726	5.79733e-05
17.878511009679787	3.48373e-05
17.898874626701371	5.32322e-05
17.919238263361208	1.80751e-05
17.939601891934981	4.93455e-05
17.959965498946893	3.57481e-05
17.980329070417046	5.19582e-05
18.000692586686572	6.07792e-05
18.021056058558223	5.50643e-05
18.041419518504881	1.892e-05
18.061783002703194	4.89558e-05
18.082146524728248	3.47211e-05
18.102510096680152	5.04244e-05
18.122873709516856	5.93347e-05
18.143237348939454	5.3887e-05
18.163600986634325	5.80241e-05
18.183964606603347	5.2693e-05
18.204328182843785	5.78277e-05
18.224691711820988	3.4882e-05
18.245055187587646	5.37447e-05
18.265418638606299	1.82532e-05
18.285782104381052	4.94237e-05
18.306145602653789	3.60476e-05
18.326509152774403	5.20774e-05
18.346872758864571	6.09613e-05
18.367236400991022	5.48491e-05
18.38760005104929	1.91192e-05
18.407963677795411	4.91291e-05
18.428327269705346	3.4784e-05
18.448690815872759	5.03056e-05
18.469054308111442	5.93831e-05
18.489417761853009	5.38911e-05
18.509781217426724	5.80334e-05
18.530144696567966	5.26845e-05
18.550508234382271	5.77709e-05
18.570871830881437	3.48927e-05
18.591235471593642	5.37356e-05
18.611599130648568	1.82104e-05
18.631962773106508	4.93015e-05
18.65232638325195	3.59728e-05
18.672689945657726	5.21639e-05
18.693053451693164	1.76485e-05
18.713416916117637	4.94377e-05
18.733780362846996	3.49769e-05
18.754143820792596	5.10627e-05
18.774507333772565	5.96546e-05
18.79487090765868	5.43161e-05
18.815234536183535	5.96668e-05
18.835598194881722	5.38661e-05
18.855961847689553	5.82664e-05
18.876325475301879	5.23778e-05
18.896689048415144	5.79453e-05
18.917052568656807	3.49525e-05
18.937416033383958	5.32604e-05
18.957779471345752	1.82247e-05
18.978142926667076	4.93604e-05
18.998506419082386	3.58648e-05
19.018869969709424	5.19829e-05
19.039233588982782	6.09414e-05
19.059597249947831	5.47469e-05
19.079960915854745	1.91381e-05
19.100324550297486	4.89893e-05
19.12068814081254	3.47559e-05
19.141051676253102	5.04173e-05
19.161415159825257	5.93713e-05
19.181778602308832	5.38925e-05
19.202142048347902	5.77567e-05
19.222505521441327	5.22848e-05
19.242869059343374	5.74865e-05
19.263232662128292	3.46778e-05
19.283596321755777	5.32253e-05
19.303959998235012	1.82516e-05
19.324323650957361	4.91381e-05
19.344687262713553	3.58719e-05
19.365050816989946	5.20299e-05
19.385414310316893	6.08738e-05
19.405777756082614	5.45276e-05
19.426141190358308	1.9253e-05
19.446504657601846	4.89877e-05
19.466868173575662	3.46642e-05
19.487231753884561	5.02419e-05
19.507595396759108	5.93359e-05
19.527959073033518	5.36065e-05
19.548322737534924	5.74768e-05
19.568686368770202	5.19306e-05
19.589049935808166	5.71792e-05
19.609413441892517	3.4402e-05
19.629776895323829	5.28845e-05
19.650140324085889	1.82031e-05
19.670503774254556	4.8848e-05
19.690867266152907	3.57631e-05
19.711230821323472	5.18533e-05
19.73159444925788	6.06981e-05
19.751958129550523	5.41905e-05
19.772321811423804	1.92058e-05
19.792685453987765	4.87308e-05
19.813049044105917	3.45648e-05
19.833412570544095	4.99851e-05
19.853776041146514	5.90771e-05
19.874139476399382	5.33427e-05
19.894502917532012	5.71142e-05
19.914866389010324	3.41841e-05
19.935229917975168	5.37747e-05
19.955593524848609	1.81181e-05
19.975957187774572	5.00816e-05
19.996320874733271	3.60831e-05
20.016684550120743	5.28358e-05
20.037048167043981	1.71623e-05
20.057411710621192	4.80039e-05
20.077775192388618	3.41494e-05
20.098138628917507	4.98124e-05
20.118502059399074	5.82905e-05
20.138865508986495	5.30483e-05
20.159229023465087	5.87147e-05
20.179592607100602	5.34624e-05
20.199956255604565	5.9217e-05
20.220319945486132	5.29266e-05
20.240683620766543	5.72183e-05
20.261047257663286	3.4276e-05
20.281410832167804	5.31145e-05
20.301774331879244	1.81496e-05
20.322137783429373	5.0013e-05
20.342501213903304	3.57307e-05
20.362864648280748	5.23267e-05
20.383228138828642	1.68547e-05
20.403591704894403	4.75365e-05
20.423955336667486	3.37592e-05
20.444319020110335	4.9733e-05
20.464682706780074	5.76808e-05
20.4850463639211	5.28506e-05
20.505409951332151	5.82308e-05
20.525773468251913	5.34248e-05
20.546136926719758	5.89018e-05
20.566500353084983	5.28213e-05
20.58686379300913	5.70521e-05
20.60722726687111	3.41351e-05
20.627590801128761	5.2862e-05
20.64795441391718	1.81253e-05
20.668318080979176	4.98126e-05
20.688681773855972	3.55311e-05
20.709045453473365	5.18242e-05
20.729409068646017	6.0176e-05
20.749772611419541	5.45915e-05
20.770136084134176	5.99843e-05
20.790499510875151	5.32748e-05
20.810862941363315	5.7658e-05
20.831226395769434	3.44303e-05
20.851589903591321	5.33652e-05
20.871953493155498	1.86572e-05
20.892317147946429	5.07628e-05
20.91268084099665	5.34509e-05
20.933044522143433	5.73454e-05
20.953408158996417	3.34808e-05
20.973771726877139	5.18677e-05
20.994135216182315	6.00363e-05
21.014498647231765	5.42641e-05
21.034862066938341	1.91715e-05
21.055225523493107	4.84163e-05
21.075589028270947	3.46006e-05
21.09595260010617	5.05102e-05
21.11631624217042	5.91833e-05
21.13667993192826	5.33869e-05
21.157043622219458	5.67919e-05
21.177407283408883	3.40804e-05
21.197770879675883	5.34418e-05
21.218134389519353	1.8491e-05
21.238497836775693	5.03295e-05
21.258861251796009	5.33439e-05
21.279224689518124	5.7199e-05
21.299588170345064	3.34629e-05
21.319951714716868	5.1587e-05
21.340315336185814	5.99226e-05
21.360679016026531	5.37381e-05
21.381042711383849	1.91133e-05
21.401406374446395	4.82004e-05
21.421769982472028	3.43756e-05
21.442133515127527	5.00768e-05
21.462496976693785	5.87017e-05
21.482860393048234	5.29914e-05
21.503223817820857	5.63054e-05
21.523587279345897	3.38162e-05
21.543950801098713	5.31018e-05
21.564314404308888	1.82504e-05
21.584678068102271	4.98196e-05
21.60504176411683	3.58338e-05
21.625405459474745	5.24354e-05
21.645769099746477	6.04116e-05
21.666132665713675	5.47102e-05
21.686496148420083	5.9949e-05
21.706859570535677	5.26443e-05
21.727222982663253	5.73837e-05
21.747586416941004	3.41835e-05
21.767949909192897	5.25425e-05
21.788313486009717	1.86963e-05
21.808677133241211	5.07052e-05
21.82904082416303	5.30343e-05
21.84940450995434	5.67561e-05
21.869768163850789	3.3078e-05
21.890131757987671	5.14778e-05
21.910495265390686	1.75141e-05
21.930858711015972	4.9049e-05
21.951222125836654	3.47817e-05
21.971585546894623	5.17718e-05
21.991949032552363	5.91894e-05
22.012312594521671	5.44969e-05
22.032676231675797	5.91386e-05
22.053039921498861	5.27974e-05
22.073403617439212	5.64972e-05
22.093767290316517	3.38742e-05
22.11413090833793	5.24057e-05
22.134494442141261	1.87091e-05
22.154857900803545	5.04038e-05
22.175221313392186	3.60603e-05
22.195584715794094	5.2892e-05
22.215948170867208	6.09507e-05
22.236311697438328	5.48751e-05
22.256675313076805	5.95232e-05
22.277038993220245	5.24206e-05
22.297402693861933	5.7925e-05
22.317766383220821	3.44448e-05
22.338130025571573	5.26953e-05
22.358493582187311	1.88645e-05
22.378857061052425	5.05206e-05
22.399220481773654	5.29544e-05
22.419583895858359	5.65633e-05
22.439947335198902	3.30116e-05
22.460310834521337	5.11751e-05
22.480674424477382	1.77969e-05
22.501038087444623	4.93573e-05
22.521401788752353	3.50343e-05
22.541765492376552	5.24163e-05
22.562129139950628	5.96646e-05
22.582492716432704	5.48013e-05
22.602856210030499	5.87292e-05
22.623219640807665	5.2393e-05
22.643583051397837	5.69388e-05
22.663946473054299	3.41004e-05
22.684309943929183	5.20868e-05
22.704673505427493	1.88694e-05
22.725037149903759	5.02742e-05
22.745400850564987	5.22471e-05
22.765764552275609	5.60905e-05
22.786128222006329	3.26859e-05
22.806491828034719	5.05078e-05
22.826855346473121	1.76181e-05
22.847218799590618	4.88673e-05
22.867582217501894	3.46411e-05
22.887945634097271	5.17359e-05
22.908309106293434	5.88573e-05
22.92867264901551	5.41913e-05
22.949036275302998	5.81761e-05
22.969399965008808	5.19452e-05
22.989763671657332	5.59311e-05
23.010127361297862	3.35373e-05
23.030490993522683	5.15012e-05
23.050854533067184	1.86208e-05
23.071217994148828	4.9655e-05
23.091581405819909	3.57572e-05
23.111944803823064	5.25349e-05
23.132308252160367	6.03196e-05
23.152671765690044	5.40956e-05
23.173035367031051	5.8264e-05
23.193399040358599	5.16502e-05
23.213762745133188	5.77428e-05
23.234126447919824	3.45085e-05
23.25449010954231	5.22978e-05
23.274853677613862	1.8579e-05
23.295217156919623	4.94036e-05
23.315580573516542	5.18849e-05
23.335943981323261	5.59275e-05
23.356307414132171	3.25432e-05
23.37667090907922	5.00771e-05
23.397034492955648	1.76401e-05
23.417398150314526	4.85349e-05
23.437761852332706	3.46184e-05
23.458125564408579	5.19231e-05
23.478489225051852	5.88416e-05
23.498852815992024	5.39039e-05
23.519216312847252	5.73171e-05
23.539579735056286	5.14784e-05
23.559943132218134	5.67497e-05
23.580306540359711	3.40365e-05
23.600670001421321	5.1681e-05
23.62103356212419	1.85487e-05
23.641397207797173	4.90953e-05
23.661760910283551	3.55786e-05
23.682124636277155	5.24222e-05
23.702488321250797	5.99313e-05
23.722851940926763	5.35661e-05
23.743215467303472	5.78203e-05
23.76357890781405	5.23663e-05
23.783942303927983	5.87731e-05
23.804305693568754	5.363e-05
23.824669145037038	5.83003e-05
23.845032677024168	5.19904e-05
23.86539630690309	5.6789e-05
23.885760004833365	3.37996e-05
23.906123740626054	5.32115e-05
23.926487447230215	1.79385e-05
23.946851076301261	4.87899e-05
23.967214620869765	3.58501e-05
23.987578078687442	5.17764e-05
24.007941474296214	1.66495e-05
24.028304869266204	4.65178e-05
24.048668298354464	3.33886e-05
24.069031799320179	4.88848e-05
24.089395403838481	5.66984e-05
24.109759093951048	5.20798e-05
24.130122817491152	5.72553e-05
24.150486536959775	3.46812e-05
24.170850209303936	5.29557e-05
24.191213782934252	1.83007e-05
24.211577260378977	4.84888e-05
24.231940667272966	3.57739e-05
24.252304030937584	5.23651e-05
24.27266742773709	5.95174e-05
24.29303088959303	5.32934e-05
24.313394460327938	1.93158e-05
24.333758126194521	4.87047e-05
24.354121850063009	3.45995e-05
24.374485586972728	5.07483e-05
24.394849266520666	5.79231e-05
24.415212866213007	5.26597e-05
24.435576364518589	5.6113e-05
24.455939782519607	3.39672e-05
24.476303145141401	5.38214e-05
24.496666523707098	1.82912e-05
24.517029980765866	4.90203e-05
24.537393530153125	3.69352e-05
24.557757183072273	5.30494e-05
24.578120913468052	1.70145e-05
24.598484651143629	4.74599e-05
24.618848355032487	3.412e-05
24.639211984905074	4.91953e-05
24.659575505640507	5.71987e-05
24.679938933285644	5.31686e-05
24.700302313586253	5.88121e-05
24.720665679601389	5.474e-05
24.741029108276663	5.83053e-05
24.761392622853592	5.25755e-05
24.781756249522203	5.62503e-05
24.802119966137091	3.44132e-05
24.822483739195025	5.35758e-05
24.842847480441502	1.84088e-05
24.863211130155808	4.93637e-05
24.883574677830214	3.7057e-05
24.903938118685954	5.29988e-05
24.924301489587016	1.67337e-05
24.944664857588347	4.72845e-05
24.965028257237616	3.41797e-05
24.985391733923858	4.9363e-05
25.005755331007084	5.70555e-05
25.026119032656361	5.36554e-05
25.046482791358319	1.81224e-05
25.066846529128842	4.60364e-05
25.087210206546306	3.39016e-05
25.107573787465157	4.89615e-05
25.127937252401914	5.5843e-05
25.148300628919007	3.4535e-05
25.168663956002622	5.5116e-05
25.189027313091845	1.83686e-05
25.209390767273558	4.96215e-05
25.229754330779979	5.41539e-05
25.250118010659651	5.75033e-05
25.270481772583135	3.46997e-05
25.290845570645399	5.38283e-05
25.311209307111348	5.95237e-05
25.331572949001824	5.43387e-05
25.35193645723302	1.94988e-05
25.372299860795703	4.90008e-05
25.392663204515063	3.5533e-05
25.413026535971451	5.22703e-05
25.433389941821957	5.86313e-05
25.453753449337011	5.40756e-05
25.474117088525951	5.6251e-05
25.494480833022898	3.51604e-05
25.514844645433637	5.54483e-05
25.535208425378862	1.8414e-05
25.555572098340242	4.97104e-05
25.575935651126475	3.77024e-05
25.596299076349741	5.37408e-05
25.616662413782411	1.68684e-05
25.637025744395114	4.73212e-05
25.657389107638647	3.47872e-05
25.677752556723014	4.96374e-05
25.698116145452584	5.68181e-05
25.718479857862278	3.52972e-05
25.738843666344923	5.5484e-05
25.759207478527276	1.91662e-05
25.779571202936921	5.09664e-05
25.799934813981277	5.5428e-05
25.820298285132495	5.76071e-05
25.840661646552995	3.53885e-05
25.861024940033911	5.46997e-05
25.881388256413263	1.83815e-05
25.901751672720469	4.96913e-05
25.92211520757122	3.7382e-05
25.942478876291563	5.34362e-05
25.962842649415744	1.65388e-05
25.983206446696908	4.68458e-05
26.003570207336136	3.48226e-05
26.023933877493128	5.02953e-05
26.044297405037394	5.61981e-05
26.064660806841896	3.5675e-05
26.085024112324486	5.62875e-05
26.105387408624846	1.92592e-05
26.125750778628653	5.09754e-05
26.146114253525365	5.58365e-05
26.166477873326201	5.79808e-05
26.186841613372415	3.58288e-05
26.207205438158997	5.48652e-05
26.227569247303006	6.03635e-05
26.247932986897357	5.52993e-05
26.268296585461627	2.00608e-05
26.288660043674508	4.92031e-05
26.309023399778891	3.66315e-05
26.329386700808669	5.34771e-05
26.349750033870851	5.95262e-05
26.370113443801682	5.50808e-05
26.390476994578464	5.6141e-05
26.41084067647148	3.6004e-05
26.431204469883731	5.54725e-05
26.451568291574503	1.89946e-05
26.471932043805786	5.0485e-05
26.492295694091176	5.52468e-05
26.512659203631063	5.71682e-05
26.533022595620114	3.54739e-05
26.553385904383227	5.4295e-05
26.573749213967687	5.95273e-05
26.594112569758529	5.51925e-05
26.614476053178155	1.96823e-05
26.634839677702924	4.84279e-05
26.655203412734359	3.63297e-05
26.675567220104927	5.28181e-05
26.695931000218383	5.87111e-05
26.716294706606046	5.44717e-05
26.736658280016631	5.55539e-05
26.757021728910257	3.59051e-05
26.777385072563092	5.47592e-05
26.797748386361878	1.88404e-05
26.818111744614686	4.9739e-05
26.838475183490907	3.8381e-05
26.858838739847492	5.44565e-05
26.879202426747749	6.13721e-05
26.899566208214292	5.74389e-05
26.919930002722523	5.93987e-05
26.940293752598766	5.41255e-05
26.960657385135985	5.75608e-05
26.981020895167685	3.74479e-05
27.001384287142127	5.46507e-05
27.021747617257077	1.93314e-05
27.04211096220418	4.99118e-05
27.06247435828827	3.86286e-05
27.082837851078175	5.4966e-05
27.10320147657767	6.15841e-05
27.123565210290774	5.72448e-05
27.143928992399459	1.97877e-05
27.164292735452808	4.93942e-05
27.184656402444293	3.71369e-05
27.205019961888436	5.26362e-05
27.225383406562791	5.94659e-05
27.245746770410019	5.61308e-05
27.266110123283976	5.75079e-05
27.286473498208132	5.36773e-05
27.306836968559203	5.61414e-05
27.327200544708514	3.67427e-05
27.347564231651692	5.44495e-05
27.367927990529147	1.88601e-05
27.38829174498094	4.86882e-05
27.408655447189744	3.81324e-05
27.429019058382128	5.41105e-05
27.449382552002394	6.01994e-05
27.469745952134183	5.59871e-05
27.490109314386856	5.77413e-05
27.510472677147	3.74037e-05
27.530836085484637	5.61583e-05
27.551199603956618	1.94149e-05
27.571563236453809	5.09686e-05
27.591926953986086	5.53499e-05
27.612290699546254	5.74754e-05
27.632654421144462	3.60448e-05
27.653018073273753	5.40054e-05
27.67338161540232	5.94229e-05
27.693745060200381	5.60515e-05
27.714108447554931	1.96187e-05
27.734471840596786	4.79561e-05
27.754835264038594	3.67694e-05
27.775198755595191	5.22121e-05
27.795562348963127	5.81338e-05
27.815926028744183	5.46746e-05
27.83628975410431	5.59236e-05
27.856653481061898	3.63117e-05
27.877017158745478	5.51912e-05
27.897380737335737	1.86152e-05
27.917744219770221	4.93354e-05
27.938107633615708	3.81733e-05
27.958471013704628	5.43942e-05
27.978834420132504	5.98399e-05
27.999197878429207	5.64511e-05
28.019561430360074	5.8936e-05
28.039925068820654	5.3986e-05
28.060288767770952	5.74256e-05
28.080652492707582	3.70662e-05
28.101016190553946	5.49573e-05
28.121379803878	1.89656e-05
28.141743323350173	4.95219e-05
28.162106769211185	3.82736e-05
28.182470167988441	5.44414e-05
28.202833580034152	6.01251e-05
28.22319702465478	5.65335e-05
28.243560548692106	5.81359e-05
28.263924152526943	5.4625e-05
28.284287823138722	5.80598e-05
28.304651531360612	3.74122e-05
28.325015236491904	5.5816e-05
28.345378872169842	1.89517e-05
28.365742419934922	4.90436e-05
28.386105892711281	3.83599e-05
28.406469310055357	5.44695e-05
28.426832725349826	6.02911e-05
28.447196163690268	5.6355e-05
28.467559667076646	5.82038e-05
28.487923241463257	5.50114e-05
28.508286884228458	5.90684e-05
28.52865057136481	5.53906e-05
28.549014255414662	5.88288e-05
28.569377901311537	5.40864e-05
28.589741472758817	5.68056e-05
28.610104973442933	3.66141e-05
28.630468414975208	5.49144e-05
28.650831841443363	5.97725e-05
28.671195283069771	5.70662e-05
28.691558775316711	2.00421e-05
28.711922336875094	4.84913e-05
28.732285958221283	3.71652e-05
28.752649626491959	5.24833e-05
28.773013301906989	5.85829e-05
28.793376956075367	5.46189e-05
28.813740544348455	5.63678e-05
28.834104066309635	3.67949e-05
28.854467528001887	5.52555e-05
28.874830965600147	1.87099e-05
28.89519442357825	4.93344e-05
28.915557917384977	3.84091e-05
28.935921461593946	5.39837e-05
28.956285066803535	6.02081e-05
28.976648718541544	5.68942e-05
28.997012383669599	5.93247e-05
29.017376038550044	5.4405e-05
29.037739639119238	5.72822e-05
29.058103178594443	3.7374e-05
29.078466658507747	5.48005e-05
29.098830107921408	1.9138e-05
29.119193567962011	4.98771e-05
29.139557059330077	3.85312e-05
29.159920594161147	5.43089e-05
29.180284185977783	6.07705e-05
29.20064782351831	5.70783e-05
29.221011478393862	5.90309e-05
29.24137512884765	5.47738e-05
29.261738737321714	5.79626e-05
29.282102290075006	3.77719e-05
29.302465785014309	5.53945e-05
29.322829245157468	1.927e-05
29.343192708440025	4.99661e-05
29.363556195247764	3.88085e-05
29.383919724283253	5.49304e-05
29.404283307946592	6.14354e-05
29.424646937097258	5.72299e-05
29.445010586913412	1.97921e-05
29.465374224328926	4.94789e-05
29.485737833779044	3.71716e-05
29.506101395538654	5.22393e-05
29.526464905293693	5.91275e-05
29.546828377876057	5.58548e-05
29.567191847266141	5.81203e-05
29.587555333550434	5.36847e-05
29.607918867257876	5.6279e-05
29.628282447367621	3.65034e-05
29.648646072700814	5.42902e-05
29.66900972085234	1.88507e-05
29.689373359816113	4.93753e-05
29.709736973667368	3.81946e-05
29.73010054461821	5.39774e-05
29.750464063320806	6.05877e-05
29.770827542514006	5.65047e-05
29.791191012942136	5.88398e-05
29.811554494649901	5.38108e-05
29.831918019413379	5.80198e-05
29.852281590609927	3.74537e-05
29.87264520875712	5.45723e-05
29.89300885430772	1.91775e-05
29.913372495213348	4.97983e-05
29.933736114591522	3.84238e-05
29.954099693238337	5.44631e-05
29.974463220840743	6.12343e-05
29.994826707695101	5.68555e-05
30.015190181571576	5.86756e-05
30.035553661185784	5.50193e-05
30.055917179699463	5.91161e-05
30.076280743646912	5.50412e-05
30.096644354761622	5.96002e-05
30.117007997950033	5.4796e-05
30.137371641594168	5.81266e-05
30.157735267420321	3.66546e-05
30.178098855891079	5.5517e-05
30.198462392699231	1.82257e-05
30.218825890426725	4.98959e-05
30.239189364361248	3.77927e-05
30.25955283640474	5.36877e-05
30.279916343344524	1.73733e-05
30.300279901474731	4.7221e-05
30.320643505871359	3.60125e-05
30.341007144795867	5.19031e-05
30.361370787860917	5.77426e-05
30.38173441640977	5.40937e-05
30.402098002055496	5.76112e-05
30.422461542382091	3.70942e-05
30.442825038809239	5.51046e-05
30.463188507629678	1.92606e-05
30.483551982196627	4.98349e-05
30.503915479960785	3.86726e-05
30.524279019671781	5.47853e-05
30.544642614129003	6.17915e-05
30.565006251276188	5.66772e-05
30.585369897179056	5.90664e-05
30.605733532385997	5.49259e-05
30.626097126908075	5.96574e-05
30.646460676326459	5.49197e-05
30.666824183007936	6.00671e-05
30.68718765791288	5.4761e-05
30.70755112813757	5.83864e-05
30.727914612778346	3.66632e-05
30.74827813405777	5.57466e-05
30.768641712684627	1.82684e-05
30.789005337506143	5.00542e-05
30.809368982382612	3.78092e-05
30.829732621913394	5.40483e-05
30.85009622315296	1.73795e-05
30.870459774979732	4.7287e-05
30.89082328426715	3.60423e-05
30.911186762143487	5.2059e-05
30.931550227926319	5.78503e-05
30.951913700647534	5.43164e-05
30.972277216292159	5.79201e-05
30.99264078078324	3.7164e-05
31.013004398024645	5.53547e-05
31.033368049325158	1.93539e-05
31.053731686881758	5.01217e-05
31.074095294915224	5.3524e-05
31.094458854078141	5.67361e-05
31.114822368233284	3.5413e-05
31.135185846461376	5.22294e-05
31.155549313645068	1.83484e-05
31.175912791862725	4.93449e-05
31.196276296315418	3.71261e-05
31.216639844086959	5.30288e-05
31.237003445110048	6.01691e-05
31.257367086949198	5.66678e-05
31.277730729327711	5.86349e-05
31.298094345589757	5.36187e-05
31.31845791233382	5.69305e-05
31.338821430963677	3.65055e-05
31.359184908245393	5.41243e-05
31.379548373595291	1.92659e-05
31.399911846107827	5.01072e-05
31.42027533663024	3.84052e-05
31.440638864969024	5.44387e-05
31.461002448072534	6.18363e-05
31.481366076926601	5.67533e-05
31.501729727028618	5.87433e-05
31.522093357567218	5.39753e-05
31.54245693915508	5.88562e-05
31.562820469756151	3.74488e-05
31.583183953157157	5.49318e-05
31.603547416865229	1.93428e-05
31.623910892771228	5.01107e-05
31.644274376916581	5.33606e-05
31.664637901141017	5.65668e-05
31.685001468901451	3.51435e-05
31.705365082454122	5.22775e-05
31.725728724496872	1.82489e-05
31.746092355299915	4.94059e-05
31.766455945489476	3.72226e-05
31.78681948414529	5.37276e-05
31.807182976042906	6.06926e-05
31.827546438685353	5.7084e-05
31.847909908332529	5.86884e-05
31.868273388992424	5.3573e-05
31.888636902195078	5.73944e-05
31.909000453982117	3.65947e-05
31.929364050449163	5.39573e-05
31.949727681493954	1.94782e-05
31.970091319836328	5.04064e-05
31.99045492777417	5.30191e-05
32.010818480590061	5.59857e-05
32.031181983267793	3.47306e-05
32.051545447767268	5.18451e-05
32.071908910466945	5.80646e-05
32.092272393226914	5.45141e-05
32.112635899908689	1.93527e-05
32.132999446517466	4.70892e-05
32.153363029990324	3.58067e-05
32.173726647004273	5.18735e-05
32.194090277245749	5.81075e-05
32.214453898162198	5.30602e-05
32.234817463349977	5.56245e-05
32.255180974268661	3.54387e-05
32.275544439263712	5.34033e-05
32.29590789308488	1.91107e-05
32.316271372615553	4.99661e-05
32.336634879166908	5.35215e-05
32.356998418754273	5.53327e-05
32.377361991437226	3.43524e-05
32.397725596571597	5.20222e-05
32.418089219122585	5.78946e-05
32.438452845142351	5.32943e-05
32.458816429063369	5.81255e-05
32.479179956321005	3.66285e-05
32.499543430979493	5.4061e-05
32.519906884382515	1.95575e-05
32.54027035472555	5.01807e-05
32.560633859650864	5.28615e-05
32.580997396171533	5.58249e-05
32.601360961253675	3.45756e-05
32.621724556019672	5.13433e-05
32.642088169671162	1.8331e-05
32.662451781608709	4.9445e-05
32.682815376931032	3.68072e-05
32.703178917021681	5.31202e-05
32.723542407112411	6.03274e-05
32.743905864163892	5.65564e-05
32.764269327846783	5.84721e-05
32.784632818593217	5.24839e-05
32.804996355353701	5.68049e-05
32.825359916838835	3.56907e-05
32.84572350506587	5.28758e-05
32.866087112154659	1.93446e-05
32.886450719673952	5.01278e-05
32.906814317370291	5.28391e-05
32.927177873310406	5.51583e-05
32.947541376043965	3.38697e-05
32.967904837004795	5.14933e-05
32.988268294506561	5.73051e-05
33.008631770540099	5.34695e-05
33.028995298909599	1.92548e-05
33.049358863031472	4.66876e-05
33.069722448457128	3.53792e-05
33.090086050100041	5.14485e-05
33.110449652861313	5.79204e-05
33.130813246995004	5.24643e-05
33.151176816866048	5.54046e-05
33.1715403311781	3.45756e-05
33.191903797107386	5.24346e-05
33.212267249861625	1.90097e-05
33.232630726931269	4.9762e-05
33.252994243121272	3.76928e-05
33.273357805020318	5.4016e-05
33.293721390941002	6.15662e-05
33.314084991809864	5.63229e-05
33.334448593570443	5.86266e-05
33.354812186461636	5.19637e-05
33.375175756630952	5.879e-05
33.395539289482258	3.6386e-05
33.415902768628726	5.31331e-05
33.436266224090033	1.92814e-05
33.456629693813483	4.9981e-05
33.476993195667212	5.24409e-05
33.497356752782458	5.58167e-05
33.51772034047346	3.37499e-05
33.538083942457092	5.12812e-05
33.558447544074106	1.80773e-05
33.578811130218412	4.91013e-05
33.599174696168021	3.64999e-05
33.619538239230614	5.31667e-05
33.639901733357902	6.03958e-05
33.660265192902465	5.65731e-05
33.680628657404057	5.83166e-05
33.700992146093988	5.23212e-05
33.72135568862511	5.7546e-05
33.74171927992208	3.55407e-05
33.7620828869075	5.28476e-05
33.782446493696057	1.9346e-05
33.802810083714384	5.00659e-05
33.823173651242627	3.78304e-05
33.843537193214573	5.41534e-05
33.863900701786868	6.20681e-05
33.88426416850367	5.61565e-05
33.904627630249685	1.98933e-05
33.924991121397497	4.99247e-05
33.945354652701489	3.63853e-05
33.965718235514359	5.20317e-05
33.986081843508423	6.00415e-05
34.006445452401067	5.556e-05
34.026809043929454	5.81721e-05
34.047172611331931	5.26068e-05
34.067536149540302	5.66046e-05
34.087899665707049	3.48664e-05
34.10826313855793	5.30949e-05
34.128626597975774	1.90204e-05
34.148990079543786	4.97094e-05
34.169353596538116	3.76011e-05
34.189717163630704	5.39379e-05
34.210080778737996	6.17992e-05
34.230444397737827	5.61733e-05
34.250807999429156	5.9208e-05
34.271171574687841	5.3146e-05
34.29153511645152	5.94775e-05
34.31189863138227	5.43195e-05
34.332262125094203	6.03882e-05
34.352625592125648	5.41903e-05
34.372989070406817	5.83721e-05
34.393352575710423	3.58327e-05
34.413716126078214	5.51639e-05
34.434079729690765	1.79888e-05
34.454443350227919	5.05407e-05
34.474806957928791	3.70224e-05
34.495170539215401	5.29047e-05
34.515534083500555	1.73198e-05
34.535897598551124	4.80797e-05
34.556261096180513	3.53767e-05
34.576624566461938	5.17202e-05
34.596988041795022	5.87796e-05
34.617351539110338	5.40109e-05
34.637715085658932	1.90582e-05
34.658078681241221	4.78828e-05
34.678442308605106	3.49168e-05
34.69880592771046	5.09875e-05
34.719169514695707	5.80317e-05
34.739533064183682	5.29471e-05
34.759896577899568	5.70278e-05
34.780260068573625	3.4764e-05
34.800623542514778	5.38765e-05
34.820987014581092	1.87268e-05
34.841350515775083	4.96702e-05
34.861714054611078	3.74315e-05
34.882077640448017	5.34874e-05
34.902441267104379	6.16372e-05
34.922804902211027	5.59625e-05
34.94316850432503	5.9741e-05
34.963532065900964	5.3522e-05
34.983895584634411	5.92045e-05
35.004259072060215	3.5937e-05
35.02462254540486	5.43677e-05
35.044986017078479	1.90644e-05
35.065349511987897	5.0444e-05
35.085713040643611	3.7675e-05
35.106076614982129	5.43557e-05
35.126440233414669	1.75832e-05
35.146803869453208	4.99984e-05
35.167167481325087	3.59883e-05
35.187531052949829	5.18644e-05
35.207894576650915	1.73287e-05
35.228258068502647	4.85783e-05
35.248621546065884	3.5264e-05
35.268985021138135	5.22487e-05
35.289348513815987	5.92989e-05
35.309712036308703	5.48993e-05
35.330075607047611	1.89321e-05
35.350439217894547	4.84628e-05
35.370802853456993	3.50608e-05
35.391166479728177	5.10578e-05
35.411530060186379	5.85703e-05
35.431893592280744	5.33297e-05
35.452257084131752	5.80876e-05
35.47262055304229	3.52096e-05
35.492984021819126	5.45444e-05
35.513347508534899	1.83865e-05
35.53371103257733	5.00238e-05
35.55407459683267	3.71705e-05
35.574438204215589	5.29997e-05
35.594801839739958	1.76476e-05
35.615165472341694	4.87318e-05
35.635529066311634	3.54133e-05
35.655892609933865	5.08674e-05
35.676256105997041	5.96887e-05
35.696619570751963	5.43175e-05
35.716983040221614	5.90412e-05
35.737346526475989	5.44035e-05
35.757710046027732	5.89473e-05
35.778073604352002	5.32332e-05
35.798437206570007	5.86667e-05
35.81880084046086	3.53432e-05
35.839164489832989	5.43736e-05
35.859528107419642	1.81514e-05
35.879891665365115	4.9899e-05
35.900255169455832	3.6631e-05
35.920618630882949	5.24381e-05
35.940982086134355	1.74876e-05
35.961345571781791	4.87437e-05
35.981709084330461	3.53775e-05
36.002072634526399	5.11938e-05
36.022436231349886	5.99365e-05
36.042799863448479	5.45992e-05
36.063163504300277	5.90214e-05
36.083527134911925	5.41261e-05
36.103890707192313	5.90245e-05
36.124254221581594	5.34631e-05
36.144617692144003	5.91436e-05
36.164981140560805	5.26855e-05
36.185344609215498	5.79737e-05
36.20570811116314	3.49675e-05
36.226071649617353	5.31697e-05
36.246435239003283	1.81359e-05
36.266798865258181	5.00326e-05
36.287162509928223	3.61255e-05
36.307526152197248	5.23772e-05
36.327889747986866	6.06276e-05
36.348253282069756	5.52589e-05
36.368616761375705	6.05569e-05
36.388980206306293	5.44299e-05
36.409343660700138	5.93225e-05
36.429707147066502	5.34748e-05
36.450070684030443	5.91389e-05
36.470434266754282	5.30916e-05
36.490797891344471	5.93212e-05
36.511161540865992	5.2575e-05
36.531525181842007	5.77579e-05
36.551888798397322	3.47712e-05
36.572252354131649	5.33284e-05
36.592615845278075	1.79533e-05
36.612979300691073	4.99135e-05
36.633342745953762	3.60449e-05
36.653706211548062	5.25852e-05
36.674069735386873	1.71853e-05
36.694433311896418	4.81161e-05
36.714796931708364	3.48324e-05
36.735160582717171	5.10393e-05
36.75552423112093	5.88554e-05
36.775887858460599	5.38779e-05
36.796251427490006	5.88593e-05
36.8166149305654	5.39889e-05
36.836978386245477	5.95239e-05
36.85734181950388	5.32806e-05
36.877705279267722	5.81894e-05
36.89806878547396	3.51701e-05
36.918432345507107	5.37151e-05
36.938795959685564	1.82579e-05
36.959159605498314	5.03969e-05
36.979523261145246	3.63266e-05
36.999886902290946	5.23609e-05
37.020250493667774	1.72828e-05
37.040614015258235	4.83768e-05
37.060977479800421	3.48244e-05
37.081340908739513	5.11492e-05
37.101704353691936	5.89938e-05
37.122067838536019	5.39642e-05
37.142431394698129	5.87591e-05
37.162795003753445	5.42219e-05
37.183158652050295	5.95927e-05
37.203522317659854	5.36927e-05
37.223885960705992	5.82049e-05
37.244249565245298	3.53387e-05
37.264613110358312	5.39858e-05
37.284976584134675	1.82457e-05
37.305340021557363	5.04533e-05
37.325703451437533	3.63773e-05
37.346066908207156	5.22491e-05
37.366430436986001	1.73616e-05
37.386794034518587	4.84617e-05
37.407157677576095	3.48624e-05
37.427521347724095	5.12985e-05
37.447885003217067	5.91236e-05
37.468248624069652	5.39383e-05
37.488612182599766	5.86754e-05
37.508975672224445	5.4087e-05
37.529339112058913	5.96623e-05
37.549702530583744	5.38745e-05
37.570065982862587	5.84597e-05
37.590429489502668	5.19909e-05
37.610793075522921	5.73556e-05
37.631156715777415	3.43034e-05
37.651520393957995	5.28111e-05
37.671884067595357	1.82074e-05
37.692247698360276	4.93752e-05
37.712611275591613	3.61575e-05
37.732974788574467	5.22036e-05
37.75333823780614	6.11002e-05
37.773701650449041	5.54453e-05
37.79406508332508	5.94819e-05
37.814428561735717	5.33224e-05
37.834792121806323	5.87292e-05
37.855155752642602	5.34478e-05
37.8755194222977	5.96924e-05
37.895883104310194	5.33106e-05
37.916246752470073	5.83287e-05
37.936610350320557	3.51868e-05
37.956973883091102	5.38547e-05
37.977337346994616	1.7719e-05
37.99770077295517	5.00931e-05
38.018064192920335	3.58952e-05
38.038427644010547	5.18353e-05
38.058791174351285	1.73046e-05
38.079154787874671	4.80924e-05
38.099518453396939	3.4776e-05
38.119882143939066	5.14194e-05
38.140245809304602	5.89621e-05
38.160609428410574	5.35415e-05
38.180972973914336	5.80582e-05
38.201336454673687	5.36145e-05
38.221699883051336	5.94656e-05
38.242063289404307	5.37467e-05
38.262426733590786	5.8399e-05
38.282790237013465	5.16306e-05
38.303153826396304	5.68162e-05
38.323517486824095	3.39337e-05
38.343881186093626	5.24802e-05
38.36424487333597	1.82269e-05
38.38460850633993	4.91891e-05
38.404972074930832	3.60475e-05
38.425335572599344	5.20868e-05
38.445699012472097	6.08587e-05
38.466062413919701	5.53741e-05
38.486425838036261	5.90464e-05
38.506789311466626	5.27986e-05
38.527152872607985	5.78334e-05
38.547516515274758	3.49103e-05
38.567880216151998	5.33856e-05
38.58824391882041	1.88077e-05
38.608607574849806	5.00933e-05
38.628971168172299	3.68733e-05
38.649334685653564	5.31095e-05
38.669698137187552	6.212e-05
38.690061538461677	5.59395e-05
38.710424945088178	1.9501e-05
38.73078840926852	4.96141e-05
38.751151944648186	3.55519e-05
38.77151556338918	5.1316e-05
38.791879248503875	6.03052e-05
38.812242955058323	5.49137e-05
38.832606627933359	5.84902e-05
38.852970244933687	5.26158e-05
38.873333779498601	5.70506e-05
38.893697243112555	3.43637e-05
38.914060650638397	5.32748e-05
38.934424045550308	1.8719e-05
38.954787485416233	4.97923e-05
38.975150990315939	3.68145e-05
38.995514580159778	5.30793e-05
39.015878251342912	6.20501e-05
39.036241968124166	5.57724e-05
39.05660566493308	1.94517e-05
39.076969297762268	4.95229e-05
39.09733285748483	3.55203e-05
39.117696339893982	5.0941e-05
39.138059769897254	5.99971e-05
39.158423168275519	5.46576e-05
39.178786593294895	5.82499e-05
39.199150071306121	5.23433e-05
39.219513639615137	5.64579e-05
39.239877290134309	3.40889e-05
39.260241007262657	5.29365e-05
39.280604720499305	1.85844e-05
39.300968377535071	4.9521e-05
39.321331962909277	3.66474e-05
39.34169546503513	5.28002e-05
39.362058899498166	6.15968e-05
39.382422295032171	5.55812e-05
39.402785699674283	5.91454e-05
39.423149144502062	5.24594e-05
39.443512677864739	5.84875e-05
39.463876298338178	3.52995e-05
39.484239998019646	5.32304e-05
39.504603722191803	1.89096e-05
39.524967403267901	5.00505e-05
39.545331019390375	5.25099e-05
39.565694546320877	5.68356e-05
39.586057998308355	3.3292e-05
39.606421398078297	5.14567e-05
39.62678479495117	1.78904e-05
39.647148240119847	4.88395e-05
39.667511752455489	3.56686e-05
39.687875350300459	5.23736e-05
39.708239026923472	6.06124e-05
39.728602753043887	5.56729e-05
39.748966452469645	5.83644e-05
39.769330096373778	5.23834e-05
39.789693648428269	5.75196e-05
39.810057116799662	3.48144e-05
39.830420518232081	5.27471e-05
39.850783907296531	1.9034e-05
39.87114732915753	4.9793e-05
39.89151080872518	3.68655e-05
39.911874371598927	5.2979e-05
39.932238024797002	6.19843e-05
39.952601742349358	5.53115e-05
39.972965460072196	1.96294e-05
39.993329115595046	4.94923e-05
40.013692694523591	3.54986e-05
