0.012	0.00453286
0.0264	1.15952e-05
0.04368	5.08604e-06
0.0642855	5.30519e-06
0.0881494	5.92363e-06
0.115209	6.3057e-06
0.145412	6.47455e-06
0.176419	5.9802e-06
0.206965	5.66362e-06
0.237206	5.63063e-06
0.267275	5.75521e-06
0.297172	5.94475e-06
0.326767	6.16777e-06
0.356065	6.4319e-06
0.385065	6.79765e-06
0.413802	7.23842e-06
0.442322	8.06236e-06
0.470609	2.10088e-06
0.498713	1.57367e-06
0.526637	7.78587e-06
0.554397	7.01821e-06
0.582024	6.30054e-06
0.609503	5.6968e-06
0.636859	5.19373e-06
0.664022	4.75232e-06
0.691016	4.44617e-06
0.71784	4.2473e-06
0.74451	4.04532e-06
0.771029	3.81047e-06
0.797406	3.54688e-06
0.823649	3.30072e-06
0.849761	3.03854e-06
0.875753	2.83561e-06
0.901624	2.63898e-06
0.927388	2.49678e-06
0.95304	2.40012e-06
0.978595	2.33811e-06
1.00405	2.31172e-06
1.02941	2.2982e-06
1.05468	2.27254e-06
1.07985	2.26746e-06
1.10493	2.242e-06
1.12991	2.17155e-06
1.1548	2.08475e-06
1.17961	2.00006e-06
1.20432	1.87964e-06
1.22896	1.76301e-06
1.25352	1.60571e-06
1.27799	1.47602e-06
1.3024	1.33772e-06
1.32673	1.22854e-06
1.35098	1.12477e-06
1.37517	1.08538e-06
1.3993	2.59759e-06
1.42335	2.39112e-06
1.44735	2.22855e-06
1.47128	2.10129e-06
1.49515	2.01683e-06
1.51897	1.9627e-06
1.54273	1.88119e-06
1.56643	1.82757e-06
1.59007	1.79053e-06
1.61366	1.75293e-06
1.63718	1.71828e-06
1.66065	1.66812e-06
1.68407	1.6475e-06
1.70743	1.61407e-06
1.73074	1.58769e-06
1.754	1.5502e-06
1.7772	6.05591e-07
1.80036	5.91597e-07
1.82347	5.82513e-07
1.84653	5.74344e-07
1.86954	5.6476e-07
1.89251	5.61085e-07
1.91543	5.6023e-07
1.93832	5.62259e-07
1.96115	5.65073e-07
1.98395	5.73144e-07
2.006708	5.76191e-07
2.029425	5.99635e-07
2.052103	6.25972e-07
2.074742	6.41948e-07
2.097341	6.71213e-07
2.119901	6.92943e-07
2.142422	7.11013e-07
2.164905	7.32263e-07
2.187351	7.58196e-07
2.209761	7.65397e-07
2.232135	7.69545e-07
2.254474	7.71139e-07
2.276778	7.54761e-07
2.299048	7.17499e-07
2.321285	6.5888e-07
2.34349	6.04726e-07
2.365662	5.35546e-07
2.387802	4.75978e-07
2.409911	4.39801e-07
2.431987	3.78368e-07
2.454033	3.5182e-07
2.476048	3.232e-07
2.498033	3.02961e-07
2.519988	2.88002e-07
2.541915	2.78494e-07
2.563812	2.6962e-07
2.585681	2.61657e-07
2.607523	2.54884e-07
2.629337	2.50985e-07
2.651124	2.46222e-07
2.672885	2.43982e-07
2.69462	2.44461e-07
2.716329	2.45079e-07
2.738012	2.4585e-07
2.759671	2.44244e-07
2.781305	2.4557e-07
2.802915	2.42904e-07
2.824501	2.33676e-07
2.846063	2.2393e-07
2.867602	2.16619e-07
2.889118	4.27692e-07
2.910612	3.86177e-07
2.932084	3.39274e-07
2.953533	3.0683e-07
2.974961	2.7301e-07
2.996368	2.53289e-07
3.017753	2.46379e-07
3.039118	2.39683e-07
3.060463	2.38223e-07
3.081787	2.44676e-07
3.103092	2.67103e-07
3.124376	2.93634e-07
3.145642	3.2631e-07
3.166888	3.48096e-07
3.188116	6.14305e-08
3.209325	7.29514e-08
3.230516	9.09845e-08
3.251689	1.03104e-07
3.272844	1.11408e-07
3.293982	1.20104e-07
3.315102	1.2504e-07
3.336206	1.26565e-07
3.357293	1.26324e-07
3.378364	2.99491e-07
3.399419	2.80244e-07
3.420458	2.76313e-07
3.441481	2.58707e-07
3.46249	2.48265e-07
3.483483	2.36137e-07
3.504463	2.24449e-07
3.525427	2.09523e-07
3.546378	1.98812e-07
3.567315	1.94162e-07
3.588238	1.90065e-07
3.609148	1.95651e-07
3.630044	2.02975e-07
3.650927	2.13623e-07
3.671797	2.22347e-07
3.692654	2.32305e-07
3.713499	8.22882e-08
3.734332	8.40058e-08
3.755152	8.46575e-08
3.77596	8.8907e-08
3.796755	9.20822e-08
3.817539	9.79766e-08
3.838311	1.01643e-07
3.859071	1.08085e-07
3.879818	1.11767e-07
3.900554	1.22724e-07
3.921278	1.23905e-07
3.94199	1.32771e-07
3.96269	1.32663e-07
3.983378	1.27722e-07
4.0040539	1.15283e-07
4.0247181	9.66158e-08
4.0453707	8.52223e-08
4.0660121	1.69782e-07
4.0866425	1.40245e-07
4.1072621	1.33043e-07
4.1278713	5.79516e-08
4.1484705	4.669e-08
4.1690599	1.34143e-07
4.1896399	4.22178e-08
4.2102109	4.30655e-08
4.2307729	4.63096e-08
4.2513263	4.9066e-08
4.2718713	5.10273e-08
4.2924084	5.3619e-08
4.3129377	5.28844e-08
4.3334596	5.44311e-08
4.3539744	5.29616e-08
4.3744824	5.38308e-08
4.3949838	5.2208e-08
4.4154788	5.24871e-08
4.4359678	5.10146e-08
4.456451	5.07223e-08
4.4769286	4.90361e-08
4.4974008	4.84979e-08
4.5178679	4.74838e-08
4.5383301	4.59927e-08
4.5587876	4.51929e-08
4.5792406	4.32676e-08
4.5996894	4.24921e-08
4.6201341	3.83114e-08
4.640575	4.04066e-08
4.6610122	3.85825e-08
4.6814459	3.72667e-08
4.7018763	3.62959e-08
4.7223035	3.47185e-08
4.7427278	3.36465e-08
4.7631493	3.24628e-08
4.783568	3.16761e-08
4.8039842	3.0542e-08
4.8243979	2.98057e-08
4.8448093	2.87944e-08
4.8652185	9.75756e-08
4.8856256	8.66334e-08
4.9060306	9.07339e-08
4.9264337	8.66788e-08
4.946835	8.42231e-08
4.9672345	8.184e-08
4.9876323	8.02899e-08
5.0080286	7.7253e-08
5.0284233	7.50643e-08
5.0488167	7.22343e-08
5.0692087	7.01501e-08
5.0895993	6.78774e-08
5.1099888	6.58303e-08
5.1303771	6.37959e-08
5.1507643	6.16544e-08
5.1711504	5.97933e-08
5.1915355	5.76717e-08
5.2119197	5.60004e-08
5.2323029	5.41204e-08
5.2526853	5.22063e-08
5.2730668	5.01184e-08
5.2934476	4.83398e-08
5.3138275	4.62874e-08
5.3342068	4.48944e-08
5.3545854	4.26491e-08
5.3749633	9.80972e-08
5.3953406	5.23922e-08
5.4157173	6.25892e-08
5.4360934	4.53173e-08
5.456469	6.38474e-08
5.4768441	4.24271e-08
5.4972187	5.69566e-08
5.5175928	9.61405e-08
5.5379665	8.41135e-08
5.5583397	7.57717e-08
5.5787126	7.33431e-08
5.599085	7.0551e-08
5.6194571	6.72893e-08
5.6398288	6.41617e-08
5.6602002	6.14697e-08
5.6805713	5.74173e-08
5.700942	5.53609e-08
5.7213125	5.28267e-08
5.7416826	5.01823e-08
5.7620525	4.88646e-08
5.7824221	4.57841e-08
5.8027915	5.03191e-08
5.8231607	4.76575e-08
5.8435296	4.30923e-08
5.8638983	3.81784e-08
5.8842667	3.83791e-08
5.904635	3.45716e-08
5.9250031	1.76929e-08
5.945371	8.50116e-08
5.9657387	9.84928e-08
5.9861063	9.13272e-08
6.00647367	2.73147e-08
6.02684089	3.79769e-08
6.04720797	8.79578e-08
6.0675749	4.76788e-08
6.08794169	8.08386e-08
6.10830834	7.97243e-08
6.12867487	8.08311e-08
6.14904127	7.14489e-08
6.16940756	3.44632e-08
6.18977373	5.92027e-08
6.21013979	6.69683e-08
6.23050575	5.2855e-08
6.25087161	4.67583e-08
6.27123737	6.81748e-08
6.29160303	4.78876e-08
6.31196861	6.65088e-08
6.33233411	5.31245e-08
6.35269952	6.111e-08
6.37306485	7.01431e-08
6.3934301	7.65056e-08
6.41379529	7.0195e-08
6.4341604	8.14798e-08
6.45452545	7.76194e-08
6.47489043	8.99475e-08
6.49525535	8.32008e-08
6.51562022	8.60091e-08
6.53598502	7.66961e-08
6.55634978	9.02055e-08
6.57671448	3.19615e-08
6.59707913	3.04687e-08
6.61744374	3.87596e-08
6.63780831	3.72079e-08
6.65817283	2.3892e-08
6.67853732	4.01601e-08
6.69890177	2.54118e-08
6.71926618	3.27305e-08
6.73963056	2.50854e-08
6.75999491	2.70368e-08
6.78035922	2.50887e-08
6.8007235	2.55479e-08
6.82108775	2.38135e-08
6.84145197	2.94689e-08
6.86181617	2.85968e-08
6.88218034	2.87678e-08
6.90254448	3.27724e-08
6.9229086	2.52379e-08
6.94327269	3.12976e-08
6.96363677	2.70515e-08
6.98400082	2.92232e-08
7.00436485	2.76594e-08
7.02472885	2.80137e-08
7.04509285	2.55893e-08
7.06545682	2.75873e-08
7.08582077	2.34442e-08
7.10618471	2.7423e-08
7.12654863	2.17085e-08
7.14691254	2.77937e-08
7.16727643	2.10706e-08
7.18764031	2.66409e-08
7.20800417	1.91676e-08
7.22836802	2.45512e-08
7.24873186	1.73745e-08
7.26909569	2.12607e-08
7.2894595	1.44257e-08
7.30982331	1.60896e-08
7.33018711	1.2809e-08
7.35055089	1.33113e-08
7.37091466	9.17845e-09
7.39127843	9.02352e-09
7.41164219	7.85667e-09
7.43200593	7.06167e-09
7.45236967	6.94763e-09
7.4727334	6.36059e-09
7.49309713	7.39707e-09
7.51346084	8.18239e-09
7.53382455	8.20174e-09
7.55418826	8.48866e-09
7.57455196	8.73599e-09
7.59491565	8.48477e-09
7.61527934	8.83919e-09
7.63564302	9.75201e-09
7.6560067	1.05004e-08
7.67637037	1.10756e-08
7.69673403	1.09504e-08
7.71709769	9.71887e-09
7.73746135	8.53864e-09
7.757825	7.84589e-09
7.77818864	8.01103e-09
7.79855229	8.99003e-09
7.81891593	1.05777e-08
7.83927957	1.2466e-08
7.8596432	1.42209e-08
7.88000684	1.52936e-08
7.90037046	1.56257e-08
7.92073409	1.55729e-08
7.94109771	1.51886e-08
7.96146133	1.42753e-08
7.98182494	1.27067e-08
8.002188551	1.0615e-08
8.02255216	8.10185e-09
8.042915766	5.59928e-09
8.06327937	4.03306e-09
8.083642972	3.74839e-09
8.104006571	3.89767e-09
8.124370169	4.81862e-09
8.144733765	7.43111e-09
8.16509736	1.13193e-08
8.185460954	1.555e-08
8.205824548	1.92411e-08
8.22618814	2.16088e-08
8.246551731	2.19644e-08
8.266915321	1.98991e-08
8.287278908	1.54561e-08
8.307642492	9.3014e-09
8.328006072	6.91837e-09
8.348369649	1.07214e-08
8.368733224	1.42469e-08
8.389096797	1.72633e-08
8.40946037	1.79437e-08
8.429823944	1.53072e-08
8.450187521	9.98857e-09
8.470551101	1.21116e-08
8.490914683	1.89006e-08
8.511278265	2.60214e-08
8.531641845	3.36073e-08
8.55200542	3.86443e-08
8.57236899	3.81832e-08
8.592732554	3.156e-08
8.613096113	1.97198e-08
8.633459668	1.47485e-08
8.653823225	2.36019e-08
8.674186786	3.49094e-08
8.694550353	4.73754e-08
8.71491393	5.32651e-08
8.735277513	5.00567e-08
8.755641099	3.75843e-08
8.776004682	2.18329e-08
8.796368257	2.89893e-08
8.81673182	4.49117e-08
8.837095369	6.58586e-08
8.857458906	8.14825e-08
8.877822438	8.46983e-08
8.898185973	7.32265e-08
8.918549517	4.94516e-08
8.938913079	3.67123e-08
8.95927666	5.1285e-08
8.97964026	7.43823e-08
9.000003871	1.01935e-07
9.020367481	8.79586e-08
9.040731076	1.18652e-07
9.061094641	1.3947e-07
9.081458172	1.02208e-07
9.101821671	4.51304e-08
9.122185152	5.09965e-08
9.142548634	8.51522e-08
9.162912138	1.12831e-07
9.18327568	9.63431e-08
9.203639268	1.25781e-07
9.224002903	1.33179e-07
9.24436657	1.54044e-07
9.264730246	5.63187e-08
9.285093899	1.06278e-07
9.305457494	8.2439e-08
9.325821017	1.26791e-07
9.346184486	9.07718e-08
9.36654792	1.15515e-07
9.386911349	1.4378e-07
9.407274824	7.7814e-08
9.42763836	1.14054e-07
9.448001951	7.38863e-08
9.468365589	7.91381e-08
9.488729255	1.06138e-07
9.509092905	7.65033e-08
9.529456522	1.02867e-07
9.549820088	1.04589e-07
9.570183592	7.1243e-08
9.590547057	9.41164e-08
9.610910505	7.68226e-08
9.631273966	1.14391e-07
9.65163748	8.58193e-08
9.672001057	1.17384e-07
9.692364678	9.7016e-08
9.712728325	1.20211e-07
9.733091976	1.56126e-07
9.753455593	3.66778e-08
9.773819162	4.9467e-08
9.794182684	6.67324e-08
9.814546158	8.81668e-08
9.834909615	8.99493e-08
9.855273074	7.5318e-08
9.875636563	1.22033e-07
9.896000112	8.69265e-08
9.916363724	1.38607e-07
9.936727369	1.15654e-07
9.957091022	1.26634e-07
9.977454658	1.11995e-07
9.9978182462	7.95584e-08
10.018181781	8.36706e-08
10.038545276	8.59765e-08
10.05890874	9.51952e-08
10.079272183	9.56212e-08
10.099635651	5.78631e-08
10.119999168	8.86656e-08
10.140362738	1.10635e-07
10.160726361	1.0569e-07
10.181090022	1.03151e-07
10.201453664	6.09647e-08
10.221817265	8.7405e-08
10.24218082	8.32025e-08
10.262544327	1.1018e-07
10.282907811	1.04336e-07
10.303271285	6.59947e-08
10.323634756	9.77498e-08
10.343998258	1.13363e-07
10.364361803	1.45316e-07
10.384725393	9.07868e-08
10.40508902	9.17778e-08
10.425452668	1.03631e-07
10.445816282	8.09522e-08
10.466179847	1.27486e-07
10.486543366	1.28337e-07
10.506906848	8.02951e-08
10.527270312	1.10088e-07
10.547633798	5.4013e-08
10.567997312	8.06875e-08
10.588360855	6.5239e-08
10.608724435	7.17576e-08
10.629088049	1.09117e-07
10.649451675	7.94958e-08
10.669815299	1.20331e-07
10.690178877	1.09197e-07
10.710542403	8.95162e-08
10.730905881	1.09787e-07
10.751269345	9.95001e-08
10.771632829	1.13756e-07
10.791996345	9.94444e-08
10.81235989	1.20764e-07
10.832723468	1.23621e-07
10.853087073	6.15134e-08
10.873450685	9.59268e-08
10.893814294	8.13666e-08
10.914177883	9.0788e-08
10.93454142	8.66717e-08
10.954904909	4.92539e-08
10.975268378	8.61671e-08
10.995631848	9.79651e-08
11.015995343	1.18917e-07
11.036358894	1.37265e-07
11.056722479	9.23994e-08
11.077086092	1.24488e-07
11.097449711	1.2138e-07
11.117813316	7.91194e-08
11.138176899	8.81754e-08
11.15854045	9.8293e-08
11.178903941	9.43706e-08
11.199267399	5.12741e-08
11.219630861	7.5496e-08
11.239994345	6.9071e-08
11.260357876	9.08372e-08
11.280721466	9.57035e-08
11.301085084	7.51008e-08
11.321448707	7.98875e-08
11.34181232	6.16436e-08
11.362175907	1.03611e-07
11.382539455	6.95754e-08
11.402902966	1.11586e-07
11.423266432	1.20103e-07
11.443629877	1.05597e-07
11.463993347	8.59224e-08
11.484356861	8.39891e-08
11.504720438	9.14667e-08
11.525084064	8.31504e-08
11.545447707	8.82038e-08
11.565811333	9.41056e-08
11.586174929	8.80772e-08
11.606538478	8.36527e-08
11.626901984	6.95675e-08
11.647265457	8.51504e-08
11.667628898	7.27022e-08
11.687992337	9.37921e-08
11.708355824	6.29701e-08
11.728719379	8.05048e-08
11.749082996	6.48127e-08
11.769446651	7.18375e-08
11.789810294	8.67808e-08
11.810173907	8.14547e-08
11.830537468	8.22641e-08
11.850900978	6.5373e-08
11.871264447	7.66511e-08
11.891627892	4.77502e-08
11.911991341	7.91099e-08
11.932354817	6.58842e-08
11.952718344	7.85123e-08
11.973081939	8.64795e-08
11.99344559434	8.4456e-08
12.01380925529	1.01555e-07
12.03417289179	8.28693e-08
12.05453648076	1.34962e-07
12.07490000782	8.76259e-08
12.09526348889	1.31828e-07
12.11562694407	1.26105e-07
12.13599037609	8.76954e-08
12.15635383144	9.89488e-08
12.17671733008	8.82408e-08
12.19708089675	8.54408e-08
12.21744452651	6.3821e-08
12.23780820658	7.6592e-08
12.25817186695	4.51016e-08
12.27853547415	6.69733e-08
12.29889902237	4.97705e-08
12.31926251112	6.80132e-08
12.33962596611	8.96082e-08
12.35998940793	7.83371e-08
12.38035284084	8.66682e-08
12.40071631628	5.81919e-08
12.42107985784	8.18337e-08
12.44144346227	7.28256e-08
12.46180712183	8.65702e-08
12.48217079302	9.79456e-08
12.50253443125	8.32385e-08
12.52289800715	7.64834e-08
12.54326151994	6.56994e-08
12.56362497754	9.41806e-08
12.58398841843	7.11826e-08
12.60435187275	1.01421e-07
12.62471534467	8.55776e-08
12.64507885982	1.42882e-07
12.665442439	1.13804e-07
12.68580607513	7.66638e-08
12.7061697389	9.57299e-08
12.72653339076	8.83589e-08
12.74689698692	8.33419e-08
12.76726052176	5.98472e-08
12.78762399747	8.20721e-08
12.80798744572	5.89578e-08
12.82835090632	1.03479e-07
12.84871437559	8.1383e-08
12.86907787691	1.36544e-07
12.88944143612	1.09103e-07
12.90980505083	7.89707e-08
12.93016869997	1.04551e-07
12.95053235982	9.4171e-08
12.97089597196	9.17195e-08
12.9912595269	6.72508e-08
13.01162302148	8.59957e-08
13.03198648033	4.90802e-08
13.05234994077	8.64339e-08
13.07271341256	7.1161e-08
13.09307690579	7.58131e-08
13.11344044901	9.48594e-08
13.13380404338	9.36039e-08
13.15416767578	1.11519e-07
13.17453132941	1.1289e-07
13.19489495271	9.1398e-08
13.21525852353	7.39674e-08
13.23562203445	8.90508e-08
13.25598550384	6.02306e-08
13.27634896623	1.01631e-07
13.29671244231	8.2262e-08
13.31707593321	1.11976e-07
13.33743946613	1.1516e-07
13.35780304472	1.10063e-07
13.37816666195	5.83257e-08
13.39853029428	9.15055e-08
13.41889392135	7.18906e-08
13.43925750265	7.21346e-08
13.45962102575	9.07997e-08
13.47998450311	7.77446e-08
13.5003479667	1.13963e-07
13.52071143701	6.89869e-08
13.54107493074	1.19098e-07
13.56143845968	1.13754e-07
13.58180202889	9.39104e-08
13.60216563541	7.5184e-08
13.62252925954	1.13597e-07
13.64289288686	8.99049e-08
13.6632564835	1.40945e-07
13.68362002358	1.18299e-07
13.70398351206	8.24848e-08
13.72434697794	1.13726e-07
13.74471044149	5.99752e-08
13.76507393006	9.56897e-08
13.7854374548	5.58474e-08
13.80580101807	7.50351e-08
13.82616461551	6.21207e-08
13.8465282397	7.22013e-08
13.86689186547	9.7047e-08
13.88725547992	7.93358e-08
13.90761903678	7.34923e-08
13.92798253824	7.64742e-08
13.94834600806	1.06046e-07
13.96870946542	5.3094e-08
13.98907293789	8.89477e-08
14.0094364577312	5.22614e-08
14.0298000130973	7.83118e-08
14.0501636013946	5.99029e-08
14.0705272175708	7.26673e-08
14.0908908398268	1.05321e-07
14.1112544558006	9.41766e-08
14.131618032832	9.00872e-08
14.1519815536864	8.53203e-08
14.1723450349716	5.56658e-08
14.1927085077246	9.02364e-08
14.2130719896849	7.94539e-08
14.2334355040105	7.58575e-08
14.2537990549689	7.77535e-08
14.2741626356452	7.85058e-08
14.2945262384683	1.06763e-07
14.31488985414	7.02007e-08
14.3352534688751	1.13171e-07
14.3556170600466	6.26522e-08
14.3759805997988	1.10567e-07
14.3963440939232	1.13061e-07
14.4167075575528	8.62882e-08
14.4370710296378	1.10216e-07
14.4574345273653	8.9388e-08
14.4777980714691	8.86791e-08
14.4981616426774	7.82583e-08
14.5185252369021	7.83003e-08
14.5388888459439	8.61099e-08
14.5592524577909	1.00597e-07
14.5796160513772	6.8612e-08
14.5999796099103	1.14849e-07
14.6203431219358	8.33124e-08
14.6407065980394	1.30451e-07
14.661070072973	1.44224e-07
14.6814335632932	8.68399e-08
14.7017970968586	9.8056e-08
14.7221606625634	8.81453e-08
14.7425242495702	9.40488e-08
14.7628878511626	8.28876e-08
14.7832514573138	8.65689e-08
14.8036150489136	4.18059e-08
14.8239786175551	8.06863e-08
14.8443421450529	6.33531e-08
14.864705633971	8.94845e-08
14.8850691134089	1.22497e-07
14.9054325990543	1.17897e-07
14.9257961207536	5.00117e-08
14.946159684211	9.86692e-08
14.9665232657805	7.93313e-08
14.9868868609564	9.44181e-08
15.0072504552867	1.19308e-07
15.0276140424889	1.1635e-07
15.0479776114859	1.17071e-07
15.0683411540567	9.12821e-08
15.0887046650757	9.86896e-08
15.1090681553673	8.32049e-08
15.1294316430273	9.31002e-08
15.1497951588092	4.90124e-08
15.1701587138572	8.55601e-08
15.1905222925003	6.03737e-08
15.2108858824712	8.17419e-08
15.2312494716142	1.21715e-07
15.2516130543978	9.68127e-08
15.2719766214649	1.09361e-07
15.2923401732238	1.04151e-07
15.3127036979845	9.29484e-08
15.3330672000747	9.69038e-08
15.3534306944438	1.16727e-07
15.3737942095462	8.50726e-08
15.3941577577945	1.47394e-07
15.4145213355139	1.06549e-07
15.4348849216765	8.72975e-08
15.45524850525	1.18997e-07
15.4756120814072	9.09672e-08
15.495975642631	5.91752e-08
15.5163391908779	9.56014e-08
15.5367027230994	7.75414e-08
15.5570662339046	7.71199e-08
15.5774297450285	1.02086e-07
15.5977932655151	7.86254e-08
15.6181568125271	9.12332e-08
15.6385203870374	7.42024e-08
15.6588839749237	8.65342e-08
15.6792475573766	5.89183e-08
15.6996111267042	1.0296e-07
15.7199746823757	1.11305e-07
15.7403382259043	1.03971e-07
15.7607017621585	5.86437e-08
15.7810652801503	8.64237e-08
15.8014287964864	1.0352e-07
15.821792319031	8.41933e-08
15.8421558642616	4.13824e-08
15.8625194337963	8.35433e-08
15.882883019138	7.01938e-08
15.9032465996451	7.83826e-08
15.9236101656193	1.06994e-07
15.9439737165965	8.63642e-08
15.9643372553651	9.71524e-08
15.9847007880873	8.20983e-08
16.005064314530316	9.81566e-08
16.025427839609687	6.68619e-08
16.04579137674909	1.0492e-07
16.066154928540364	8.14545e-08
16.086518499374051	1.28967e-07
16.10688208618156	8.01705e-08
16.127245666527617	1.36032e-07
16.147609230362654	1.40422e-07
16.167972775362568	1.74516e-07
16.188336305943039	1.37816e-07
16.208699829769682	9.21657e-08
16.229063362225954	9.5208e-08
16.249426892833952	8.93948e-08
16.26979043628527	1.04745e-07
16.290153994274586	1.07983e-07
16.310517569997717	1.25506e-07
16.330881159280445	6.72726e-08
16.351244750972302	1.13597e-07
16.371608318197907	5.50406e-08
16.39197185989423	1.02422e-07
16.412335382109532	7.68851e-08
16.432698893389571	1.0793e-07
16.453062413546668	6.5695e-08
16.473425948927133	1.28275e-07
16.493789494909741	9.61254e-08
16.514153057483711	1.4532e-07
16.534516639141877	8.67943e-08
16.554880230238282	1.59474e-07
16.575243823183683	1.33114e-07
16.595607394502302	1.04477e-07
16.615970935547551	9.50688e-08
16.636334451774388	9.12876e-08
16.656697958581017	1.08918e-07
16.677061467975005	1.09213e-07
16.697425000215073	9.37797e-08
16.717788545713017	8.69898e-08
16.738152114435053	1.09033e-07
16.7585157023994	6.31585e-08
16.778879305258897	1.00698e-07
16.799242907282778	4.43767e-08
16.819606488282375	7.89735e-08
16.839970036551211	6.49309e-08
16.860333552418282	8.58063e-08
16.880697050888323	4.29239e-08
16.901060555309918	9.11942e-08
16.921424077232807	6.98421e-08
16.941787618659045	8.9464e-08
16.962151186926544	1.23046e-07
16.982514777911007	9.73449e-08
17.002878382193554	1.09469e-07
17.023241989741933	9.93809e-08
17.04360558048392	1.01555e-07
17.063969136288385	9.88939e-08
17.084332654687227	1.3961e-07
17.104696146418927	1.13444e-07
17.125059636619341	1.06957e-07
17.14542313992623	5.51089e-08
17.165786670837196	9.28823e-08
17.186150233136328	5.7476e-08
17.206513824231038	9.7622e-08
17.226877433842162	7.74085e-08
17.247241051135862	8.63788e-08
17.267604653008632	4.33508e-08
17.287968219559257	9.17081e-08
17.308331745606385	8.96939e-08
17.328695236693456	9.86365e-08
17.349058718163192	1.14665e-07
17.369422207417781	1.06884e-07
17.389785734480775	9.50923e-08
17.410149294179377	8.58463e-08
17.430512887223482	1.05578e-07
17.450876503864535	9.39511e-08
17.471240124672097	1.13565e-07
17.49160373716294	6.65296e-08
17.511967326855	1.18043e-07
17.532330865303908	5.98949e-08
17.552694362811767	1.3859e-07
17.573057836411969	9.16576e-08
17.593421307358419	1.47597e-07
17.613784812519363	8.72974e-08
17.634148365895022	1.30017e-07
17.65451195338137	1.21025e-07
17.674875570982135	1.05682e-07
17.695239199312432	1.15647e-07
17.715602823160292	9.96431e-08
17.735966415826166	9.92302e-08
17.756329966833551	8.69559e-08
17.776693468844488	1.08038e-07
17.797056936834789	8.67901e-08
17.817420405019448	1.07027e-07
17.837783892424273	9.47476e-08
17.858147429748726	9.21744e-08
17.878511009679787	6.5248e-08
17.898874626701371	9.44997e-08
17.919238263361208	4.69887e-08
17.939601891934981	1.0123e-07
17.959965498946893	7.0552e-08
17.980329070417046	1.20021e-07
18.000692586686572	1.04033e-07
18.021056058558223	8.66016e-08
18.041419518504881	3.84038e-08
18.061783002703194	9.74123e-08
18.082146524728248	8.38638e-08
18.102510096680152	9.76929e-08
18.122873709516856	1.29404e-07
18.143237348939454	1.01691e-07
18.163600986634325	1.05887e-07
18.183964606603347	9.77874e-08
18.204328182843785	9.92251e-08
18.224691711820988	7.33085e-08
18.245055187587646	9.74579e-08
18.265418638606299	4.94808e-08
18.285782104381052	1.04279e-07
18.306145602653789	7.2542e-08
18.326509152774403	1.23471e-07
18.346872758864571	1.1457e-07
18.367236400991022	9.39755e-08
18.38760005104929	4.73365e-08
18.407963677795411	1.03632e-07
18.428327269705346	7.13755e-08
18.448690815872759	1.18818e-07
18.469054308111442	1.10356e-07
18.489417761853009	8.96437e-08
18.509781217426724	1.11041e-07
18.530144696567966	1.01043e-07
18.550508234382271	1.03161e-07
18.570871830881437	6.22342e-08
18.591235471593642	1.0356e-07
18.611599130648568	3.61057e-08
18.631962773106508	9.81396e-08
18.65232638325195	8.64531e-08
18.672689945657726	1.04048e-07
18.693053451693164	7.37397e-08
18.713416916117637	1.30202e-07
18.733780362846996	8.47585e-08
18.754143820792596	1.41542e-07
18.774507333772565	1.5107e-07
18.79487090765868	1.14004e-07
18.815234536183535	1.07659e-07
18.835598194881722	9.08629e-08
18.855961847689553	1.12773e-07
18.876325475301879	1.0107e-07
18.896689048415144	1.05571e-07
18.917052568656807	6.43254e-08
18.937416033383958	1.05971e-07
18.957779471345752	3.77518e-08
18.978142926667076	1.00958e-07
18.998506419082386	6.1062e-08
19.018869969709424	1.08513e-07
19.039233588982782	1.12653e-07
19.059597249947831	9.52858e-08
19.079960915854745	5.05963e-08
19.100324550297486	1.10568e-07
19.12068814081254	6.64336e-08
19.141051676253102	1.19827e-07
19.161415159825257	1.12276e-07
19.181778602308832	9.70914e-08
19.202142048347902	1.19502e-07
19.222505521441327	1.08733e-07
19.242869059343374	1.06563e-07
19.263232662128292	6.28948e-08
19.283596321755777	1.05744e-07
19.303959998235012	3.66497e-08
19.324323650957361	9.89738e-08
19.344687262713553	8.9979e-08
19.365050816989946	1.07618e-07
19.385414310316893	1.21434e-07
19.405777756082614	9.63406e-08
19.426141190358308	4.14838e-08
19.446504657601846	9.92159e-08
19.466868173575662	8.81889e-08
19.487231753884561	1.01092e-07
19.507595396759108	1.22345e-07
19.527959073033518	9.8575e-08
19.548322737534924	1.07095e-07
19.568686368770202	9.6498e-08
19.589049935808166	1.04168e-07
19.609413441892517	6.46909e-08
19.629776895323829	1.07702e-07
19.650140324085889	4.44819e-08
19.670503774254556	1.15004e-07
19.690867266152907	7.0301e-08
19.711230821323472	1.21884e-07
19.73159444925788	1.23336e-07
19.751958129550523	9.88021e-08
19.772321811423804	5.56335e-08
19.792685453987765	1.15449e-07
19.813049044105917	7.05925e-08
19.833412570544095	1.25281e-07
19.853776041146514	1.17541e-07
19.874139476399382	9.98328e-08
19.894502917532012	1.21611e-07
19.914866389010324	6.61558e-08
19.935229917975168	1.17645e-07
19.955593524848609	4.25653e-08
19.975957187774572	1.03309e-07
19.996320874733271	7.26171e-08
20.016684550120743	1.13289e-07
20.037048167043981	4.51278e-08
20.057411710621192	1.06485e-07
20.077775192388618	7.74503e-08
20.098138628917507	1.2271e-07
20.118502059399074	1.33627e-07
20.138865508986495	1.05903e-07
20.159229023465087	1.10727e-07
20.179592607100602	9.97033e-08
20.199956255604565	1.18912e-07
20.220319945486132	1.01233e-07
20.240683620766543	1.09954e-07
20.261047257663286	6.21946e-08
20.281410832167804	1.03144e-07
20.301774331879244	3.73081e-08
20.322137783429373	9.38291e-08
20.342501213903304	7.82228e-08
20.362864648280748	1.04725e-07
20.383228138828642	5.84345e-08
20.403591704894403	9.5394e-08
20.423955336667486	7.86033e-08
20.444319020110335	1.09117e-07
20.464682706780074	1.20344e-07
20.4850463639211	1.11812e-07
20.505409951332151	1.18485e-07
20.525773468251913	1.04216e-07
20.546136926719758	1.12612e-07
20.566500353084983	9.36438e-08
20.58686379300913	1.12939e-07
20.60722726687111	5.65546e-08
20.627590801128761	1.02357e-07
20.64795441391718	3.56134e-08
20.668318080979176	9.76003e-08
20.688681773855972	7.85942e-08
20.709045453473365	1.05293e-07
20.729409068646017	1.09496e-07
20.749772611419541	9.5462e-08
20.770136084134176	1.14292e-07
20.790499510875151	9.78604e-08
20.810862941363315	1.20768e-07
20.831226395769434	5.79804e-08
20.851589903591321	1.04984e-07
20.871953493155498	4.22735e-08
20.892317147946429	1.03859e-07
20.91268084099665	1.1454e-07
20.933044522143433	1.20363e-07
20.953408158996417	6.54893e-08
20.973771726877139	1.02605e-07
20.994135216182315	1.07825e-07
21.014498647231765	9.93084e-08
21.034862066938341	5.18247e-08
21.055225523493107	1.13764e-07
21.075589028270947	6.74514e-08
21.09595260010617	1.14518e-07
21.11631624217042	1.14016e-07
21.13667993192826	9.95646e-08
21.157043622219458	1.21235e-07
21.177407283408883	6.47762e-08
21.197770879675883	1.13533e-07
21.218134389519353	4.21826e-08
21.238497836775693	1.018e-07
21.258861251796009	1.08305e-07
21.279224689518124	1.14551e-07
21.299588170345064	6.31878e-08
21.319951714716868	1.02083e-07
21.340315336185814	1.06961e-07
21.360679016026531	9.79658e-08
21.381042711383849	5.09922e-08
21.401406374446395	1.12535e-07
21.421769982472028	6.9456e-08
21.442133515127527	1.12568e-07
21.462496976693785	1.14441e-07
21.482860393048234	9.73979e-08
21.503223817820857	1.18545e-07
21.523587279345897	6.27921e-08
21.543950801098713	1.10755e-07
21.564314404308888	4.12067e-08
21.584678068102271	1.00045e-07
21.60504176411683	6.65914e-08
21.625405459474745	1.12397e-07
21.645769099746477	1.17959e-07
21.666132665713675	1.01211e-07
21.686496148420083	1.10271e-07
21.706859570535677	9.45074e-08
21.727222982663253	1.21216e-07
21.747586416941004	5.87196e-08
21.767949909192897	1.0825e-07
21.788313486009717	3.63658e-08
21.808677133241211	9.52614e-08
21.82904082416303	1.03042e-07
21.84940450995434	1.1598e-07
21.869768163850789	6.42736e-08
21.890131757987671	1.04837e-07
21.910495265390686	4.9537e-08
21.930858711015972	1.08108e-07
21.951222125836654	7.25388e-08
21.971585546894623	1.2188e-07
21.991949032552363	1.24679e-07
22.012312594521671	1.04414e-07
22.032676231675797	1.08125e-07
22.053039921498861	9.64918e-08
22.073403617439212	1.20043e-07
22.093767290316517	5.93884e-08
22.11413090833793	1.06581e-07
22.134494442141261	3.7133e-08
22.154857900803545	9.24417e-08
22.175221313392186	7.47506e-08
22.195584715794094	1.11125e-07
22.215948170867208	1.10564e-07
22.236311697438328	1.03186e-07
22.256675313076805	1.15531e-07
22.277038993220245	9.70277e-08
22.297402693861933	1.27693e-07
22.317766383220821	5.89439e-08
22.338130025571573	1.13539e-07
22.358493582187311	3.86018e-08
22.378857061052425	9.87821e-08
22.399220481773654	1.04463e-07
22.419583895858359	1.28005e-07
22.439947335198902	6.73747e-08
22.460310834521337	1.11217e-07
22.480674424477382	5.39715e-08
22.501038087444623	1.09523e-07
22.521401788752353	8.04245e-08
22.541765492376552	1.30235e-07
22.562129139950628	1.32256e-07
22.582492716432704	1.09859e-07
22.602856210030499	1.12269e-07
22.623219640807665	1.00425e-07
22.643583051397837	1.20341e-07
22.663946473054299	5.98939e-08
22.684309943929183	1.08232e-07
22.704673505427493	3.64247e-08
22.725037149903759	9.3594e-08
22.745400850564987	1.01998e-07
22.765764552275609	1.15544e-07
22.786128222006329	6.51914e-08
22.806491828034719	1.05697e-07
22.826855346473121	4.82272e-08
22.847218799590618	1.01998e-07
22.867582217501894	6.82846e-08
22.887945634097271	1.14406e-07
22.908309106293434	1.17251e-07
22.92867264901551	1.05373e-07
22.949036275302998	1.11699e-07
22.969399965008808	9.93727e-08
22.989763671657332	1.26513e-07
23.010127361297862	6.23802e-08
23.030490993522683	1.11538e-07
23.050854533067184	3.99871e-08
23.071217994148828	9.99739e-08
23.091581405819909	7.62576e-08
23.111944803823064	1.13269e-07
23.132308252160367	1.18656e-07
23.152671765690044	1.15525e-07
23.173035367031051	1.22818e-07
23.193399040358599	1.05073e-07
23.213762745133188	1.188e-07
23.234126447919824	6.11722e-08
23.25449010954231	1.09072e-07
23.274853677613862	3.6618e-08
23.295217156919623	9.63798e-08
23.315580573516542	1.05343e-07
23.335943981323261	1.20619e-07
23.356307414132171	6.60949e-08
23.37667090907922	1.09835e-07
23.397034492955648	4.79251e-08
23.417398150314526	1.01328e-07
23.437761852332706	6.91368e-08
23.458125564408579	1.16607e-07
23.478489225051852	1.17381e-07
23.498852815992024	1.08089e-07
23.519216312847252	1.1849e-07
23.539579735056286	1.06085e-07
23.559943132218134	1.21025e-07
23.580306540359711	6.24109e-08
23.600670001421321	1.11567e-07
23.62103356212419	3.68962e-08
23.641397207797173	9.81546e-08
23.661760910283551	7.84441e-08
23.682124636277155	1.1837e-07
23.702488321250797	1.24164e-07
23.722851940926763	1.20805e-07
23.743215467303472	1.27373e-07
23.76357890781405	1.10498e-07
23.783942303927983	1.21882e-07
23.804305693568754	1.10001e-07
23.824669145037038	1.20685e-07
23.845032677024168	1.09238e-07
23.86539630690309	1.19587e-07
23.885760004833365	6.80128e-08
23.906123740626054	1.19294e-07
23.926487447230215	3.89153e-08
23.946851076301261	1.00829e-07
23.967214620869765	7.13693e-08
23.987578078687442	1.13607e-07
24.007941474296214	3.72636e-08
24.028304869266204	1.08593e-07
24.048668298354464	6.89401e-08
24.069031799320179	1.15068e-07
24.089395403838481	1.19948e-07
24.109759093951048	1.10081e-07
24.130122817491152	1.22573e-07
24.150486536959775	6.358e-08
24.170850209303936	1.16254e-07
24.191213782934252	3.77673e-08
24.211577260378977	1.02229e-07
24.231940667272966	6.6975e-08
24.252304030937584	1.22405e-07
24.27266742773709	1.16451e-07
24.29303088959303	1.15307e-07
24.313394460327938	4.05085e-08
24.333758126194521	1.04895e-07
24.354121850063009	7.22313e-08
24.374485586972728	1.21981e-07
24.394849266520666	1.19009e-07
24.415212866213007	1.13281e-07
24.435576364518589	1.26279e-07
24.455939782519607	7.24661e-08
24.476303145141401	1.29676e-07
24.496666523707098	4.38443e-08
24.517029980765866	1.04943e-07
24.537393530153125	7.91393e-08
24.557757183072273	1.20761e-07
24.578120913468052	4.7272e-08
24.598484651143629	1.20528e-07
24.618848355032487	7.58804e-08
24.639211984905074	1.27514e-07
24.659575505640507	1.35773e-07
24.679938933285644	1.1954e-07
24.700302313586253	1.26305e-07
24.720665679601389	1.15274e-07
24.741029108276663	1.28827e-07
24.761392622853592	1.16675e-07
24.781756249522203	1.28052e-07
24.802119966137091	7.13455e-08
24.822483739195025	1.29551e-07
24.842847480441502	4.13788e-08
24.863211130155808	1.05844e-07
24.883574677830214	7.75481e-08
24.903938118685954	1.20385e-07
24.924301489587016	4.45525e-08
24.944664857588347	1.1625e-07
24.965028257237616	7.42236e-08
24.985391733923858	1.23014e-07
25.005755331007084	1.29909e-07
25.026119032656361	1.20773e-07
25.046482791358319	4.03992e-08
25.066846529128842	1.15818e-07
25.087210206546306	6.58808e-08
25.107573787465157	1.15978e-07
25.127937252401914	1.21231e-07
25.148300628919007	7.23036e-08
25.168663956002622	1.34074e-07
25.189027313091845	4.17986e-08
25.209390767273558	1.00489e-07
25.229754330779979	1.12027e-07
25.250118010659651	1.22565e-07
25.270481772583135	6.45217e-08
25.290845570645399	1.22608e-07
25.311209307111348	1.18667e-07
25.331572949001824	1.12759e-07
25.35193645723302	4.23411e-08
25.372299860795703	1.06802e-07
25.392663204515063	7.34247e-08
25.413026535971451	1.32685e-07
25.433389941821957	1.11574e-07
25.453753449337011	1.02479e-07
25.474117088525951	1.16296e-07
25.494480833022898	6.64044e-08
25.514844645433637	1.2294e-07
25.535208425378862	3.55934e-08
25.555572098340242	1.03813e-07
25.575935651126475	7.0219e-08
25.596299076349741	1.13284e-07
25.616662413782411	3.56287e-08
25.637025744395114	1.06997e-07
25.657389107638647	6.14979e-08
25.677752556723014	1.05963e-07
25.698116145452584	1.13762e-07
25.718479857862278	6.75275e-08
25.738843666344923	1.26303e-07
25.759207478527276	3.61253e-08
25.779571202936921	1.06169e-07
25.799934813981277	1.12437e-07
25.820298285132495	1.1852e-07
25.840661646552995	7.0017e-08
25.861024940033911	1.25561e-07
25.881388256413263	4.09637e-08
25.901751672720469	9.7253e-08
25.92211520757122	1.01001e-07
25.942478876291563	1.43819e-07
25.962842649415744	3.62642e-08
25.983206446696908	9.94938e-08
26.003570207336136	9.00009e-08
26.023933877493128	1.24343e-07
26.044297405037394	1.12776e-07
26.064660806841896	7.09245e-08
26.085024112324486	1.1155e-07
26.105387408624846	4.15149e-08
26.125750778628653	1.14745e-07
26.146114253525365	1.28491e-07
26.166477873326201	1.18547e-07
26.186841613372415	6.37139e-08
26.207205438158997	1.14058e-07
26.227569247303006	1.11978e-07
26.247932986897357	1.0689e-07
26.268296585461627	4.41103e-08
26.288660043674508	9.75642e-08
26.309023399778891	8.54835e-08
26.329386700808669	1.23179e-07
26.349750033870851	1.1461e-07
26.370113443801682	1.12023e-07
26.390476994578464	1.03305e-07
26.41084067647148	6.58294e-08
26.431204469883731	1.12538e-07
26.451568291574503	3.52214e-08
26.471932043805786	1.00091e-07
26.492295694091176	1.02352e-07
26.512659203631063	1.00638e-07
26.533022595620114	6.45361e-08
26.553385904383227	1.08531e-07
26.573749213967687	1.07648e-07
26.594112569758529	1.00478e-07
26.614476053178155	4.24593e-08
26.634839677702924	8.98074e-08
26.655203412734359	8.20658e-08
26.675567220104927	1.14505e-07
26.695931000218383	1.08371e-07
26.716294706606046	1.04826e-07
26.736658280016631	9.43769e-08
26.757021728910257	7.44736e-08
26.777385072563092	9.60501e-08
26.797748386361878	7.35973e-08
26.818111744614686	1.34206e-07
26.838475183490907	1.00156e-07
26.858838739847492	1.01938e-07
26.879202426747749	1.1399e-07
26.899566208214292	9.75899e-08
26.919930002722523	1.15309e-07
26.940293752598766	9.57797e-08
26.960657385135985	9.92197e-08
26.981020895167685	8.20616e-08
27.001384287142127	9.53992e-08
27.021747617257077	6.96297e-08
27.04211096220418	1.29049e-07
27.06247435828827	9.72414e-08
27.082837851078175	1.53605e-07
27.10320147657767	1.54063e-07
27.123565210290774	1.20197e-07
27.143928992399459	4.20599e-08
27.164292735452808	1.13398e-07
27.184656402444293	7.24588e-08
27.205019961888436	1.23216e-07
27.225383406562791	1.04112e-07
27.245746770410019	8.39039e-08
27.266110123283976	1.11022e-07
27.286473498208132	9.35144e-08
27.306836968559203	9.68149e-08
27.327200544708514	8.37037e-08
27.347564231651692	9.86678e-08
27.367927990529147	6.76891e-08
27.38829174498094	1.13075e-07
27.408655447189744	8.58942e-08
27.429019058382128	1.4036e-07
27.449382552002394	1.46429e-07
27.469745952134183	1.16705e-07
27.490109314386856	1.10893e-07
27.510472677147	6.22016e-08
27.530836085484637	9.89593e-08
27.551199603956618	5.45922e-08
27.571563236453809	8.76689e-08
27.591926953986086	9.53976e-08
27.612290699546254	1.23163e-07
27.632654421144462	6.40883e-08
27.653018073273753	1.22089e-07
27.67338161540232	1.032e-07
27.693745060200381	8.63196e-08
27.714108447554931	6.93669e-08
27.734471840596786	1.15409e-07
27.754835264038594	8.49734e-08
27.775198755595191	1.28382e-07
27.795562348963127	1.23316e-07
27.815926028744183	9.48203e-08
27.83628975410431	1.29529e-07
27.856653481061898	7.18097e-08
27.877017158745478	1.16323e-07
27.897380737335737	6.81078e-08
27.917744219770221	1.20623e-07
27.938107633615708	1.03486e-07
27.958471013704628	8.83236e-08
27.978834420132504	9.36482e-08
27.999197878429207	8.7719e-08
28.019561430360074	9.47839e-08
28.039925068820654	7.92647e-08
28.060288767770952	1.04964e-07
28.080652492707582	5.51763e-08
28.101016190553946	1.15407e-07
28.121379803878	6.21179e-08
28.141743323350173	1.0671e-07
28.162106769211185	1.06543e-07
28.182470167988441	1.07152e-07
28.202833580034152	1.0293e-07
28.22319702465478	7.77651e-08
28.243560548692106	7.9535e-08
28.263924152526943	7.29516e-08
28.284287823138722	1.03207e-07
28.304651531360612	6.11824e-08
28.325015236491904	1.09265e-07
28.345378872169842	7.65548e-08
28.365742419934922	1.17194e-07
28.386105892711281	1.13523e-07
28.406469310055357	7.69253e-08
28.426832725349826	9.6798e-08
28.447196163690268	8.42282e-08
28.467559667076646	8.49134e-08
28.487923241463257	6.92112e-08
28.508286884228458	9.30829e-08
28.52865057136481	9.05844e-08
28.549014255414662	1.0854e-07
28.569377901311537	1.14917e-07
28.589741472758817	9.93476e-08
28.610104973442933	8.89306e-08
28.630468414975208	8.40403e-08
28.650831841443363	1.04012e-07
28.671195283069771	9.61854e-08
28.691558775316711	1.00761e-07
28.711922336875094	1.03683e-07
28.732285958221283	9.53533e-08
28.752649626491959	1.24023e-07
28.773013301906989	9.61675e-08
28.793376956075367	1.10385e-07
28.813740544348455	1.04453e-07
28.834104066309635	5.36922e-08
28.854467528001887	8.2419e-08
28.874830965600147	5.85696e-08
28.89519442357825	9.76146e-08
28.915557917384977	8.1106e-08
28.935921461593946	8.44075e-08
28.956285066803535	9.71575e-08
28.976648718541544	1.00633e-07
28.997012383669599	8.17323e-08
29.017376038550044	8.16237e-08
29.037739639119238	8.11586e-08
29.058103178594443	6.88004e-08
29.078466658507747	7.51699e-08
29.098830107921408	4.62498e-08
29.119193567962011	8.78085e-08
29.139557059330077	8.04583e-08
29.159920594161147	8.11319e-08
29.180284185977783	8.11122e-08
29.20064782351831	8.72009e-08
29.221011478393862	1.21633e-07
29.24137512884765	1.14051e-07
29.261738737321714	9.57797e-08
29.282102290075006	9.13221e-08
29.302465785014309	8.19968e-08
29.322829245157468	5.18786e-08
29.343192708440025	1.06763e-07
29.363556195247764	8.02314e-08
29.383919724283253	1.08313e-07
29.404283307946592	1.40213e-07
29.424646937097258	1.02404e-07
29.445010586913412	4.21096e-08
29.465374224328926	8.1981e-08
29.485737833779044	7.76529e-08
29.506101395538654	8.55815e-08
29.526464905293693	7.39045e-08
29.546828377876057	7.81981e-08
29.567191847266141	1.15827e-07
29.587555333550434	9.94549e-08
29.607918867257876	1.217e-07
29.628282447367621	8.56954e-08
29.648646072700814	1.2843e-07
29.66900972085234	1.02149e-07
29.689373359816113	7.27543e-08
29.709736973667368	5.86818e-08
29.73010054461821	6.42409e-08
29.750464063320806	8.68845e-08
29.770827542514006	7.99295e-08
29.791191012942136	1.02415e-07
29.811554494649901	1.04216e-07
29.831918019413379	8.9817e-08
29.852281590609927	8.93534e-08
29.87264520875712	9.15835e-08
29.89300885430772	5.4412e-08
29.913372495213348	9.66765e-08
29.933736114591522	9.66494e-08
29.954099693238337	1.07133e-07
29.974463220840743	1.41712e-07
29.994826707695101	1.0184e-07
30.015190181571576	1.13165e-07
30.035553661185784	9.17115e-08
30.055917179699463	9.59788e-08
30.076280743646912	7.43312e-08
30.096644354761622	9.40419e-08
30.117007997950033	8.33344e-08
30.137371641594168	9.39083e-08
30.157735267420321	7.39623e-08
30.178098855891079	8.11589e-08
30.198462392699231	2.84682e-08
30.218825890426725	8.8121e-08
30.239189364361248	9.92382e-08
30.25955283640474	1.13357e-07
30.279916343344524	1.19148e-07
30.300279901474731	1.0224e-07
30.320643505871359	7.34091e-08
30.341007144795867	9.97351e-08
30.361370787860917	1.30505e-07
30.38173441640977	1.32439e-07
30.402098002055496	8.89691e-08
30.422461542382091	8.40991e-08
30.442825038809239	9.23294e-08
30.463188507629678	4.68605e-08
30.483551982196627	9.79083e-08
30.503915479960785	1.09689e-07
30.524279019671781	1.28396e-07
30.544642614129003	1.03629e-07
30.565006251276188	8.94903e-08
30.585369897179056	1.05206e-07
30.605733532385997	9.83011e-08
30.626097126908075	9.78362e-08
30.646460676326459	7.6167e-08
30.666824183007936	9.07306e-08
30.68718765791288	8.2122e-08
30.70755112813757	1.07467e-07
30.727914612778346	7.77974e-08
30.74827813405777	1.31796e-07
30.768641712684627	1.02348e-07
30.789005337506143	1.05475e-07
30.809368982382612	6.50785e-08
30.829732621913394	9.58566e-08
30.85009622315296	5.49877e-08
30.870459774979732	7.08241e-08
30.89082328426715	5.04194e-08
30.911186762143487	7.08981e-08
30.931550227926319	9.78256e-08
30.951913700647534	8.95596e-08
30.972277216292159	9.27039e-08
30.99264078078324	6.04894e-08
31.013004398024645	7.40636e-08
31.033368049325158	5.16104e-08
31.053731686881758	1.17338e-07
31.074095294915224	1.2308e-07
31.094458854078141	9.54649e-08
31.114822368233284	8.79708e-08
31.135185846461376	9.20865e-08
31.155549313645068	4.96532e-08
31.175912791862725	1.01427e-07
31.196276296315418	8.35914e-08
31.216639844086959	1.21487e-07
31.237003445110048	1.30432e-07
31.257367086949198	1.43177e-07
31.277730729327711	1.21654e-07
31.298094345589757	8.44783e-08
31.31845791233382	9.62954e-08
31.338821430963677	7.42582e-08
31.359184908245393	7.77743e-08
31.379548373595291	5.28283e-08
31.399911846107827	1.09092e-07
31.42027533663024	6.48811e-08
31.440638864969024	1.11999e-07
31.461002448072534	1.03014e-07
31.481366076926601	8.47481e-08
31.501729727028618	1.16064e-07
31.522093357567218	1.15129e-07
31.54245693915508	1.04887e-07
31.562820469756151	6.88607e-08
31.583183953157157	8.87647e-08
31.603547416865229	4.45136e-08
31.623910892771228	1.01267e-07
31.644274376916581	1.09867e-07
31.664637901141017	9.22395e-08
31.685001468901451	7.57497e-08
31.705365082454122	8.63553e-08
31.725728724496872	4.42389e-08
31.746092355299915	1.00884e-07
31.766455945489476	7.74842e-08
31.78681948414529	1.13101e-07
31.807182976042906	1.20994e-07
31.827546438685353	1.09577e-07
31.847909908332529	1.12022e-07
31.868273388992424	8.78081e-08
31.888636902195078	9.81145e-08
31.909000453982117	7.00205e-08
31.929364050449163	7.71569e-08
31.949727681493954	5.00989e-08
31.970091319836328	1.12689e-07
31.99045492777417	1.09327e-07
32.010818480590061	9.69379e-08
32.031181983267793	7.12947e-08
32.051545447767268	7.66812e-08
32.071908910466945	1.03388e-07
32.092272393226914	9.8675e-08
32.112635899908689	5.95087e-08
32.132999446517466	8.89185e-08
32.153363029990324	8.1967e-08
32.173726647004273	9.54418e-08
32.194090277245749	1.0696e-07
32.214453898162198	1.12413e-07
32.234817463349977	8.69655e-08
32.255180974268661	6.96962e-08
32.275544439263712	9.44252e-08
32.29590789308488	6.41744e-08
32.316271372615553	1.19041e-07
32.336634879166908	1.34204e-07
32.356998418754273	1.25847e-07
32.377361991437226	7.69574e-08
32.397725596571597	1.0018e-07
32.418089219122585	9.63222e-08
32.438452845142351	9.29459e-08
32.458816429063369	8.74343e-08
32.479179956321005	6.54577e-08
32.499543430979493	8.19652e-08
32.519906884382515	4.30083e-08
32.54027035472555	1.01995e-07
32.560633859650864	1.10875e-07
32.580997396171533	1.01955e-07
32.601360961253675	6.46312e-08
32.621724556019672	8.47212e-08
32.642088169671162	4.47356e-08
32.662451781608709	9.98879e-08
32.682815376931032	9.54425e-08
32.703178917021681	9.46214e-08
32.723542407112411	8.89916e-08
32.743905864163892	8.51217e-08
32.764269327846783	1.27952e-07
32.784632818593217	1.18036e-07
32.804996355353701	1.03504e-07
32.825359916838835	6.20445e-08
32.84572350506587	8.82611e-08
32.866087112154659	5.01861e-08
32.886450719673952	1.06045e-07
32.906814317370291	1.11907e-07
32.927177873310406	9.69668e-08
32.947541376043965	7.75622e-08
32.967904837004795	8.49498e-08
32.988268294506561	1.04817e-07
33.008631770540099	1.01487e-07
33.028995298909599	5.49861e-08
33.049358863031472	9.64355e-08
33.069722448457128	6.38015e-08
33.090086050100041	7.54514e-08
33.110449652861313	1.12178e-07
33.130813246995004	9.3522e-08
33.151176816866048	8.97588e-08
33.1715403311781	6.15131e-08
33.191903797107386	7.81941e-08
33.212267249861625	4.41146e-08
33.232630726931269	1.03578e-07
33.252994243121272	5.75591e-08
33.273357805020318	1.01824e-07
33.293721390941002	9.7648e-08
33.314084991809864	9.71741e-08
33.334448593570443	9.78464e-08
33.354812186461636	9.07338e-08
33.375175756630952	1.0793e-07
33.395539289482258	7.92495e-08
33.415902768628726	1.2296e-07
33.436266224090033	9.36843e-08
33.456629693813483	1.23776e-07
33.476993195667212	1.67731e-07
33.497356752782458	1.35048e-07
33.51772034047346	6.42339e-08
33.538083942457092	8.59643e-08
33.558447544074106	4.24959e-08
33.578811130218412	8.89765e-08
33.599174696168021	9.48991e-08
33.619538239230614	1.01856e-07
33.639901733357902	1.36846e-07
33.660265192902465	1.02721e-07
33.680628657404057	1.06969e-07
33.700992146093988	8.50216e-08
33.72135568862511	9.52523e-08
33.74171927992208	7.97775e-08
33.7620828869075	9.00042e-08
33.782446493696057	4.92118e-08
33.802810083714384	9.78904e-08
33.823173651242627	9.7789e-08
33.843537193214573	9.46832e-08
33.863900701786868	9.62637e-08
33.88426416850367	8.2519e-08
33.904627630249685	6.07487e-08
33.924991121397497	1.19117e-07
33.945354652701489	9.75378e-08
33.965718235514359	1.52402e-07
33.986081843508423	1.44097e-07
34.006445452401067	9.84384e-08
34.026809043929454	1.25173e-07
34.047172611331931	1.12019e-07
34.067536149540302	1.08555e-07
34.087899665707049	5.74177e-08
34.10826313855793	8.67301e-08
34.128626597975774	4.56779e-08
34.148990079543786	9.95934e-08
34.169353596538116	1.01668e-07
34.189717163630704	1.29523e-07
34.210080778737996	1.06052e-07
34.230444397737827	9.1213e-08
34.250807999429156	1.02145e-07
34.271171574687841	8.96255e-08
34.29153511645152	9.35666e-08
34.31189863138227	8.15352e-08
34.332262125094203	9.53436e-08
34.352625592125648	7.67814e-08
34.372989070406817	1.01317e-07
34.393352575710423	5.57345e-08
34.413716126078214	9.16229e-08
34.434079729690765	6.05085e-08
34.454443350227919	9.90718e-08
34.474806957928791	7.97285e-08
34.495170539215401	1.01132e-07
34.515534083500555	7.44585e-08
34.535897598551124	1.43924e-07
34.556261096180513	1.17092e-07
34.576624566461938	1.33679e-07
34.596988041795022	1.28495e-07
34.617351539110338	8.92564e-08
34.637715085658932	5.14096e-08
34.658078681241221	9.3935e-08
34.678442308605106	7.26945e-08
34.69880592771046	8.22011e-08
34.719169514695707	1.0495e-07
34.739533064183682	8.27486e-08
34.759896577899568	9.92563e-08
34.780260068573625	7.72063e-08
34.800623542514778	9.1048e-08
34.820987014581092	5.05349e-08
34.841350515775083	1.01947e-07
34.861714054611078	6.15065e-08
34.882077640448017	9.73686e-08
34.902441267104379	1.24622e-07
34.922804902211027	1.18841e-07
34.94316850432503	1.0816e-07
34.963532065900964	9.28154e-08
34.983895584634411	1.04758e-07
35.004259072060215	6.09342e-08
35.02462254540486	9.67974e-08
35.044986017078479	4.45422e-08
35.065349511987897	8.36284e-08
35.085713040643611	9.65114e-08
35.106076614982129	1.04603e-07
35.126440233414669	8.91402e-08
35.146803869453208	1.62169e-07
35.167167481325087	1.26806e-07
35.187531052949829	9.71842e-08
35.207894576650915	6.23247e-08
35.228258068502647	1.18108e-07
35.248621546065884	9.70471e-08
35.268985021138135	1.42638e-07
35.289348513815987	1.44338e-07
35.309712036308703	1.15449e-07
35.330075607047611	5.41044e-08
35.350439217894547	9.99912e-08
35.370802853456993	7.94163e-08
35.391166479728177	9.42586e-08
35.411530060186379	1.04835e-07
35.431893592280744	1.07755e-07
35.452257084131752	1.20366e-07
35.47262055304229	6.4106e-08
35.492984021819126	1.08431e-07
35.513347508534899	5.10001e-08
35.53371103257733	8.89355e-08
35.55407459683267	7.67733e-08
35.574438204215589	8.56294e-08
35.594801839739958	3.7155e-08
35.615165472341694	9.03228e-08
35.635529066311634	7.90015e-08
35.655892609933865	9.7561e-08
35.676256105997041	1.29166e-07
35.696619570751963	1.10471e-07
35.716983040221614	1.02464e-07
35.737346526475989	9.67884e-08
35.757710046027732	9.74698e-08
35.778073604352002	8.37554e-08
35.798437206570007	1.05365e-07
35.81880084046086	5.20649e-08
35.839164489832989	9.72782e-08
35.859528107419642	5.63775e-08
35.879891665365115	1.02106e-07
35.900255169455832	7.31114e-08
35.920618630882949	1.189e-07
35.940982086134355	5.58506e-08
35.961345571781791	1.11836e-07
35.981709084330461	9.90467e-08
36.002072634526399	1.46562e-07
36.022436231349886	1.38261e-07
36.042799863448479	9.10948e-08
36.063163504300277	1.07686e-07
36.083527134911925	1.00714e-07
36.103890707192313	9.88078e-08
36.124254221581594	9.35354e-08
36.144617692144003	1.15471e-07
36.164981140560805	9.59251e-08
36.185344609215498	1.19467e-07
36.20570811116314	6.11368e-08
36.226071649617353	1.10592e-07
36.246435239003283	5.16217e-08
36.266798865258181	1.20372e-07
36.287162509928223	8.22791e-08
36.307526152197248	1.2687e-07
36.327889747986866	1.08109e-07
36.348253282069756	9.48372e-08
36.368616761375705	1.17725e-07
36.388980206306293	9.72417e-08
36.409343660700138	1.01675e-07
36.429707147066502	9.89139e-08
36.450070684030443	9.94157e-08
36.470434266754282	9.13688e-08
36.490797891344471	1.20574e-07
36.511161540865992	1.00813e-07
36.531525181842007	1.02519e-07
36.551888798397322	5.70858e-08
36.572252354131649	9.72062e-08
36.592615845278075	5.76109e-08
36.612979300691073	9.77769e-08
36.633342745953762	7.16079e-08
36.653706211548062	9.57764e-08
36.674069735386873	6.32903e-08
36.694433311896418	1.00345e-07
36.714796931708364	6.38854e-08
36.735160582717171	1.00334e-07
36.75552423112093	1.27818e-07
36.775887858460599	1.05996e-07
36.796251427490006	1.02582e-07
36.8166149305654	8.88367e-08
36.836978386245477	1.12994e-07
36.85734181950388	9.57258e-08
36.877705279267722	9.44185e-08
36.89806878547396	6.88358e-08
36.918432345507107	1.00036e-07
36.938795959685564	5.82068e-08
36.959159605498314	1.16961e-07
36.979523261145246	7.18955e-08
36.999886902290946	1.2555e-07
37.020250493667774	6.23223e-08
37.040614015258235	1.3833e-07
37.060977479800421	1.00815e-07
37.081340908739513	1.01987e-07
37.101704353691936	1.18306e-07
37.122067838536019	1.03722e-07
37.142431394698129	1.00947e-07
37.162795003753445	8.9859e-08
37.183158652050295	1.15097e-07
37.203522317659854	9.82268e-08
37.223885960705992	1.0009e-07
37.244249565245298	6.51876e-08
37.264613110358312	9.89375e-08
37.284976584134675	5.18902e-08
37.305340021557363	1.04466e-07
37.325703451437533	6.26753e-08
37.346066908207156	1.05909e-07
37.366430436986001	3.87808e-08
37.386794034518587	1.02311e-07
37.407157677576095	7.58749e-08
37.427521347724095	1.16438e-07
37.447885003217067	1.05985e-07
37.468248624069652	9.7636e-08
37.488612182599766	9.93084e-08
37.508975672224445	8.99724e-08
37.529339112058913	1.11917e-07
37.549702530583744	9.49079e-08
37.570065982862587	1.07229e-07
37.590429489502668	9.98294e-08
37.610793075522921	1.01841e-07
37.631156715777415	6.9618e-08
37.651520393957995	1.05273e-07
37.671884067595357	5.48505e-08
37.692247698360276	1.26173e-07
37.712611275591613	8.35909e-08
37.732974788574467	1.39176e-07
37.75333823780614	1.37549e-07
37.773701650449041	1.0712e-07
37.79406508332508	1.12455e-07
37.814428561735717	1.0364e-07
37.834792121806323	1.06407e-07
37.855155752642602	9.25196e-08
37.8755194222977	1.19495e-07
37.895883104310194	1.0199e-07
37.916246752470073	1.08744e-07
37.936610350320557	6.20336e-08
37.956973883091102	1.05265e-07
37.977337346994616	3.79882e-08
37.99770077295517	9.72646e-08
38.018064192920335	8.23794e-08
38.038427644010547	1.07312e-07
38.058791174351285	7.16706e-08
38.079154787874671	1.11493e-07
38.099518453396939	9.19414e-08
38.119882143939066	1.34606e-07
38.140245809304602	1.6383e-07
38.160609428410574	1.19127e-07
38.180972973914336	1.0973e-07
38.201336454673687	9.35763e-08
38.221699883051336	1.21224e-07
38.242063289404307	1.02599e-07
38.262426733590786	1.09377e-07
38.282790237013465	9.84556e-08
38.303153826396304	1.0759e-07
38.323517486824095	5.85898e-08
38.343881186093626	9.38761e-08
38.36424487333597	4.38423e-08
38.38460850633993	1.09624e-07
38.404972074930832	7.20271e-08
38.425335572599344	1.22696e-07
38.445699012472097	1.16547e-07
38.466062413919701	1.01978e-07
38.486425838036261	1.1545e-07
38.506789311466626	1.06024e-07
38.527152872607985	1.08597e-07
38.547516515274758	6.62572e-08
38.567880216151998	1.07401e-07
38.58824391882041	3.85136e-08
38.608607574849806	1.02103e-07
38.628971168172299	6.47942e-08
38.649334685653564	1.1211e-07
38.669698137187552	1.15866e-07
38.690061538461677	9.77284e-08
38.710424945088178	4.62115e-08
38.73078840926852	1.10486e-07
38.751151944648186	6.6765e-08
38.77151556338918	1.18076e-07
38.791879248503875	1.10032e-07
38.812242955058323	9.81918e-08
38.832606627933359	1.15353e-07
38.852970244933687	1.08405e-07
38.873333779498601	1.08588e-07
38.893697243112555	6.39717e-08
38.914060650638397	1.0597e-07
38.934424045550308	3.71615e-08
38.954787485416233	9.82779e-08
38.975150990315939	9.62653e-08
38.995514580159778	1.11608e-07
39.015878251342912	1.34665e-07
39.036241968124166	1.01835e-07
39.05660566493308	3.66152e-08
39.076969297762268	1.05541e-07
39.09733285748483	7.30112e-08
39.117696339893982	1.15618e-07
39.138059769897254	1.12335e-07
39.158423168275519	9.71033e-08
39.178786593294895	1.13059e-07
39.199150071306121	1.04783e-07
39.219513639615137	1.08272e-07
39.239877290134309	6.41953e-08
39.260241007262657	1.0699e-07
39.280604720499305	3.69842e-08
39.300968377535071	9.88534e-08
39.321331962909277	9.73191e-08
39.34169546503513	1.11878e-07
39.362058899498166	1.36856e-07
39.382422295032171	1.0197e-07
39.402785699674283	1.18721e-07
39.423149144502062	1.03942e-07
39.443512677864739	1.09155e-07
39.463876298338178	6.4775e-08
39.484239998019646	1.07911e-07
39.504603722191803	3.73633e-08
39.524967403267901	1.04024e-07
39.545331019390375	1.10551e-07
39.565694546320877	1.12198e-07
39.586057998308355	6.5605e-08
39.606421398078297	1.08117e-07
39.62678479495117	3.99941e-08
39.647148240119847	9.87857e-08
39.667511752455489	9.68452e-08
39.687875350300459	1.11825e-07
39.708239026923472	1.38644e-07
39.728602753043887	1.02127e-07
39.748966452469645	1.18213e-07
39.769330096373778	1.049e-07
39.789693648428269	1.08755e-07
39.810057116799662	6.45515e-08
39.830420518232081	1.07376e-07
39.850783907296531	3.78883e-08
39.87114732915753	1.03616e-07
39.89151080872518	6.29728e-08
39.911874371598927	1.07901e-07
39.932238024797002	1.13816e-07
39.952601742349358	9.91523e-08
39.972965460072196	5.08451e-08
39.993329115595046	1.17338e-07
40.013692694523591	7.14139e-08
