0.012	4.60452e-08
0.0264	9.78694e-08
0.04368	1.91409e-08
0.0642855	6.11833e-08
0.0881494	7.05408e-08
0.115209	7.30927e-08
0.145412	7.07257e-08
0.176419	6.63688e-08
0.206965	5.98301e-08
0.237206	5.47469e-08
0.267275	5.17654e-08
0.297172	4.8921e-08
0.326767	4.28162e-08
0.356065	4.06326e-08
0.385065	4.77774e-08
0.413802	7.27469e-08
0.442322	3.42007e-08
0.470609	6.12373e-08
0.498713	3.57972e-08
0.526637	7.31705e-08
0.554397	6.73894e-08
0.582024	7.14556e-08
0.609503	6.54333e-08
0.636859	4.70796e-08
0.664022	3.79586e-08
0.691016	5.44768e-08
0.71784	6.44705e-08
0.74451	6.94602e-08
0.771029	6.58179e-08
0.797406	6.03367e-08
0.823649	5.52223e-08
0.849761	5.05585e-08
0.875753	4.69432e-08
0.901624	4.34127e-08
0.927388	4.03579e-08
0.95304	3.84878e-08
0.978595	3.80535e-08
1.00405	3.98787e-08
1.02941	4.25731e-08
1.05468	4.58953e-08
1.07985	4.68289e-08
1.10493	4.70316e-08
1.12991	4.70713e-08
1.1548	4.67593e-08
1.17961	4.53844e-08
1.20432	4.4675e-08
1.22896	4.09558e-08
1.25352	3.78076e-08
1.27799	3.25612e-08
1.3024	2.77067e-08
1.32673	2.30692e-08
1.35098	1.95564e-08
1.37517	8.7099e-08
1.3993	6.69286e-08
1.42335	5.8457e-08
1.44735	5.48789e-08
1.47128	5.19584e-08
1.49515	4.94322e-08
1.51897	4.78829e-08
1.54273	4.55596e-08
1.56643	4.43263e-08
1.59007	4.34939e-08
1.61366	4.33014e-08
1.63718	4.26746e-08
1.66065	4.38606e-08
1.68407	4.24729e-08
1.70743	4.21833e-08
1.73074	4.22205e-08
1.754	4.20958e-08
1.7772	4.32601e-08
1.80036	4.30255e-08
1.82347	4.37031e-08
1.84653	4.43366e-08
1.86954	4.56467e-08
1.89251	4.68565e-08
1.91543	4.86775e-08
1.93832	5.15328e-08
1.96115	5.32764e-08
1.98395	5.53991e-08
2.006708	5.74328e-08
2.029425	5.95023e-08
2.052103	6.09952e-08
2.074742	6.15759e-08
2.097341	6.21705e-08
2.119901	6.20739e-08
2.142422	6.21038e-08
2.164905	6.24476e-08
2.187351	6.47742e-08
2.209761	6.81243e-08
2.232135	7.44679e-08
2.254474	9.41535e-08
2.276778	9.93797e-08
2.299048	9.95675e-08
2.321285	8.34141e-08
2.34349	6.58001e-08
2.365662	4.50024e-08
2.387802	3.50372e-08
2.409911	3.22103e-08
2.431987	2.70359e-08
2.454033	2.55589e-08
2.476048	2.36742e-08
2.498033	2.22788e-08
2.519988	2.13679e-08
2.541915	2.14362e-08
2.563812	2.14413e-08
2.585681	2.15803e-08
2.607523	2.22282e-08
2.629337	2.29012e-08
2.651124	2.36774e-08
2.672885	2.48744e-08
2.69462	2.65448e-08
2.716329	9.76756e-08
2.738012	9.21747e-08
2.759671	8.49813e-08
2.781305	7.83247e-08
2.802915	6.90095e-08
2.824501	5.86828e-08
2.846063	4.90878e-08
2.867602	4.31016e-08
2.889118	3.38065e-08
2.910612	2.63399e-08
2.932084	2.18319e-08
2.953533	2.25231e-08
2.974961	2.56738e-08
2.996368	7.88102e-08
3.017753	5.63366e-08
3.039118	4.93567e-08
3.060463	6.69644e-08
3.081787	8.7545e-08
3.103092	2.66158e-08
3.124376	9.82214e-08
3.145642	8.22035e-08
3.166888	6.61841e-08
3.188116	6.14238e-08
3.209325	7.29428e-08
3.230516	9.09729e-08
3.251689	3.93451e-08
3.272844	3.83197e-08
3.293982	3.49104e-08
3.315102	3.05224e-08
3.336206	2.72649e-08
3.357293	2.51654e-08
3.378364	2.47133e-08
3.399419	2.38496e-08
3.420458	2.42739e-08
3.441481	2.34915e-08
3.46249	2.34773e-08
3.483483	9.99606e-08
3.504463	9.44532e-08
3.525427	8.85383e-08
3.546378	8.36399e-08
3.567315	8.05463e-08
3.588238	7.74353e-08
3.609148	7.75996e-08
3.630044	7.82042e-08
3.650927	8.02245e-08
3.671797	8.14632e-08
3.692654	8.31905e-08
3.713499	8.22671e-08
3.734332	8.39841e-08
3.755152	8.46353e-08
3.77596	8.88834e-08
3.796755	9.20575e-08
3.817539	9.795e-08
3.838311	2.40051e-08
3.859071	2.47026e-08
3.879818	2.57036e-08
3.900554	2.59272e-08
3.921278	2.58242e-08
3.94199	2.78884e-08
3.96269	2.90535e-08
3.983378	2.9486e-08
4.0040539	2.7041e-08
4.0247181	9.65885e-08
4.0453707	8.51984e-08
4.0660121	6.21982e-08
4.0866425	5.22189e-08
4.1072621	5.60168e-08
4.1278713	5.7936e-08
4.1484705	4.66777e-08
4.1690599	3.77103e-08
4.1896399	4.2207e-08
4.2102109	4.30548e-08
4.2307729	4.62983e-08
4.2513263	4.90544e-08
4.2718713	5.10155e-08
4.2924084	5.36069e-08
4.3129377	5.28728e-08
4.3334596	5.44196e-08
4.3539744	5.29507e-08
4.3744824	5.38201e-08
4.3949838	5.2198e-08
4.4154788	5.24774e-08
4.4359678	5.10055e-08
4.456451	5.07136e-08
4.4769286	4.9028e-08
4.4974008	4.84902e-08
4.5178679	4.74765e-08
4.5383301	4.59859e-08
4.5587876	4.51865e-08
4.5792406	4.32617e-08
4.5996894	4.24866e-08
4.6201341	3.83068e-08
4.640575	4.04017e-08
4.6610122	3.8578e-08
4.6814459	3.72625e-08
4.7018763	3.6292e-08
4.7223035	3.47149e-08
4.7427278	3.36432e-08
4.7631493	3.24597e-08
4.783568	3.16732e-08
4.8039842	3.05393e-08
4.8243979	2.98032e-08
4.8448093	2.87921e-08
4.8652185	9.7568e-08
4.8856256	8.66268e-08
4.9060306	9.07275e-08
4.9264337	8.66727e-08
4.946835	8.42176e-08
4.9672345	8.18347e-08
4.9876323	8.0285e-08
5.0080286	7.72484e-08
5.0284233	7.50601e-08
5.0488167	7.22304e-08
5.0692087	7.01465e-08
5.0895993	6.78741e-08
5.1099888	6.58271e-08
5.1303771	6.3793e-08
5.1507643	6.16516e-08
5.1711504	5.97907e-08
5.1915355	5.76694e-08
5.2119197	5.59983e-08
5.2323029	5.41184e-08
5.2526853	5.22044e-08
5.2730668	5.01167e-08
5.2934476	4.83382e-08
5.3138275	4.62859e-08
5.3342068	4.48931e-08
5.3545854	4.26479e-08
5.3749633	9.80949e-08
5.3953406	5.23904e-08
5.4157173	6.25881e-08
5.4360934	4.5316e-08
5.456469	6.38462e-08
5.4768441	4.24259e-08
5.4972187	5.69556e-08
5.5175928	9.61385e-08
5.5379665	8.41118e-08
5.5583397	7.57703e-08
5.5787126	7.33418e-08
5.599085	7.05498e-08
5.6194571	6.72882e-08
5.6398288	6.41607e-08
5.6602002	6.14688e-08
5.6805713	5.74165e-08
5.700942	5.53602e-08
5.7213125	5.2826e-08
5.7416826	5.01817e-08
5.7620525	4.8864e-08
5.7824221	4.57835e-08
5.8027915	5.03186e-08
5.8231607	4.7657e-08
5.8435296	4.30918e-08
5.8638983	3.81781e-08
5.8842667	3.83787e-08
5.904635	3.45713e-08
5.9250031	1.76928e-08
5.945371	8.50111e-08
5.9657387	9.84916e-08
5.9861063	9.13267e-08
6.00647367	2.73144e-08
6.02684089	3.79767e-08
6.04720797	8.79572e-08
6.0675749	4.76784e-08
6.08794169	8.08384e-08
6.10830834	7.97236e-08
6.12867487	8.08304e-08
6.14904127	7.14488e-08
6.16940756	3.44629e-08
6.18977373	5.92025e-08
6.21013979	6.69677e-08
6.23050575	5.28548e-08
6.25087161	4.67582e-08
6.27123737	6.81744e-08
6.29160303	4.78873e-08
6.31196861	6.65087e-08
6.33233411	5.31242e-08
6.35269952	6.11098e-08
6.37306485	7.01428e-08
6.3934301	7.65053e-08
6.41379529	7.01947e-08
6.4341604	8.14795e-08
6.45452545	7.76192e-08
6.47489043	8.99472e-08
6.49525535	8.32006e-08
6.51562022	8.60088e-08
6.53598502	7.6696e-08
6.55634978	9.02051e-08
6.57671448	3.19614e-08
6.59707913	3.04687e-08
6.61744374	3.87596e-08
6.63780831	3.72078e-08
6.65817283	2.3892e-08
6.67853732	4.01601e-08
6.69890177	2.54117e-08
6.71926618	3.27305e-08
6.73963056	2.50854e-08
6.75999491	2.70368e-08
6.78035922	2.50886e-08
6.8007235	2.55478e-08
6.82108775	2.38135e-08
6.84145197	2.94688e-08
6.86181617	2.85968e-08
6.88218034	2.87678e-08
6.90254448	3.27724e-08
6.9229086	2.52378e-08
6.94327269	3.12976e-08
6.96363677	2.70515e-08
6.98400082	2.92232e-08
7.00436485	2.76594e-08
7.02472885	2.80136e-08
7.04509285	2.55893e-08
7.06545682	2.75872e-08
7.08582077	2.34442e-08
7.10618471	2.7423e-08
7.12654863	2.17084e-08
7.14691254	2.77936e-08
7.16727643	2.10706e-08
7.18764031	2.66409e-08
7.20800417	1.91676e-08
7.22836802	2.45512e-08
7.24873186	1.73745e-08
7.26909569	2.12606e-08
7.2894595	1.44257e-08
7.30982331	1.60896e-08
7.33018711	1.2809e-08
7.35055089	1.33113e-08
7.37091466	9.17845e-09
7.39127843	9.02351e-09
7.41164219	7.85667e-09
7.43200593	7.06166e-09
7.45236967	6.94762e-09
7.4727334	6.36058e-09
7.49309713	7.39707e-09
7.51346084	8.18239e-09
7.53382455	8.20174e-09
7.55418826	8.48866e-09
7.57455196	8.73599e-09
7.59491565	8.48477e-09
7.61527934	8.83919e-09
7.63564302	9.75201e-09
7.6560067	1.05004e-08
7.67637037	1.10756e-08
7.69673403	1.09504e-08
7.71709769	9.71887e-09
7.73746135	8.53864e-09
7.757825	7.84588e-09
7.77818864	8.01103e-09
7.79855229	8.99003e-09
7.81891593	1.05777e-08
7.83927957	1.2466e-08
7.8596432	1.42209e-08
7.88000684	1.52936e-08
7.90037046	1.56257e-08
7.92073409	1.55729e-08
7.94109771	1.51886e-08
7.96146133	1.42753e-08
7.98182494	1.27067e-08
8.002188551	1.0615e-08
8.02255216	8.10185e-09
8.042915766	5.59928e-09
8.06327937	4.03306e-09
8.083642972	3.74839e-09
8.104006571	3.89767e-09
8.124370169	4.81862e-09
8.144733765	7.43111e-09
8.16509736	1.13193e-08
8.185460954	1.555e-08
8.205824548	1.92411e-08
8.22618814	2.16088e-08
8.246551731	2.19644e-08
8.266915321	1.98991e-08
8.287278908	1.54561e-08
8.307642492	9.3014e-09
8.328006072	6.91837e-09
8.348369649	1.07214e-08
8.368733224	1.42469e-08
8.389096797	1.72633e-08
8.40946037	1.79437e-08
8.429823944	1.53072e-08
8.450187521	9.98858e-09
8.470551101	1.21116e-08
8.490914683	1.89006e-08
8.511278265	2.60214e-08
8.531641845	3.36073e-08
8.55200542	3.86443e-08
8.57236899	3.81832e-08
8.592732554	3.156e-08
8.613096113	1.97198e-08
8.633459668	1.47484e-08
8.653823225	2.36019e-08
8.674186786	3.49094e-08
8.694550353	4.73754e-08
8.71491393	5.32651e-08
8.735277513	5.00567e-08
8.755641099	3.75843e-08
8.776004682	2.18329e-08
8.796368257	2.89893e-08
8.81673182	4.49116e-08
8.837095369	6.58585e-08
8.857458906	8.14825e-08
8.877822438	8.46982e-08
8.898185973	7.32263e-08
8.918549517	4.94515e-08
8.938913079	3.67122e-08
8.95927666	5.1285e-08
8.97964026	7.43822e-08
9.000003871	4.32996e-08
9.020367481	8.79583e-08
9.040731076	4.48795e-08
9.061094641	4.47971e-08
9.081458172	2.16288e-08
9.101821671	4.51304e-08
9.122185152	5.09964e-08
9.142548634	8.5152e-08
9.162912138	5.04507e-08
9.18327568	9.6343e-08
9.203639268	5.82989e-08
9.224002903	5.33823e-08
9.24436657	1.91381e-08
9.264730246	5.63185e-08
9.285093899	3.65884e-08
9.305457494	8.24371e-08
9.325821017	1.53866e-08
9.346184486	9.07699e-08
9.36654792	1.07311e-08
9.386911349	2.22119e-08
9.407274824	7.78122e-08
9.42763836	1.62295e-08
9.448001951	7.3885e-08
9.468365589	7.91382e-08
9.488729255	2.38837e-08
9.509092905	7.65017e-08
9.529456522	2.57127e-08
9.549820088	1.49544e-08
9.570183592	7.12432e-08
9.590547057	9.41148e-08
9.610910505	7.68227e-08
9.631273966	2.04922e-08
9.65163748	8.58176e-08
9.672001057	2.36915e-08
9.692364678	9.70141e-08
9.712728325	1.19513e-08
9.733091976	2.50516e-08
9.753455593	3.66778e-08
9.773819162	4.94661e-08
9.794182684	6.67326e-08
9.814546158	8.81683e-08
9.834909615	8.99475e-08
9.855273074	7.53181e-08
9.875636563	3.25422e-08
9.896000112	8.69245e-08
9.916363724	6.25273e-08
9.936727369	5.8765e-08
9.957091022	1.44188e-08
9.977454658	3.18067e-08
9.9978182462	7.95567e-08
10.018181781	8.36725e-08
10.038545276	8.59747e-08
10.05890874	9.51953e-08
10.079272183	9.5623e-08
10.099635651	5.78631e-08
10.119999168	8.8664e-08
10.140362738	3.42465e-08
10.160726361	4.71483e-08
10.181090022	1.96169e-08
10.201453664	6.09646e-08
10.221817265	8.74034e-08
10.24218082	8.32027e-08
10.262544327	2.05323e-08
10.282907811	1.69084e-08
10.303271285	6.59947e-08
10.323634756	9.77518e-08
10.343998258	3.147e-08
10.364361803	1.89694e-08
10.384725393	9.07847e-08
10.40508902	9.17779e-08
10.425452668	1.1892e-08
10.445816282	8.09521e-08
10.466179847	1.53301e-08
10.486543366	1.88585e-08
10.506906848	8.02949e-08
10.527270312	9.7284e-09
10.547633798	5.4013e-08
10.567997312	8.0686e-08
10.588360855	6.52391e-08
10.608724435	7.17574e-08
10.629088049	2.829e-08
10.649451675	7.94936e-08
10.669815299	4.32277e-08
10.690178877	5.0737e-08
10.710542403	8.95163e-08
10.730905881	2.9421e-08
10.751269345	9.95e-08
10.771632829	6.96399e-09
10.791996345	9.94447e-08
10.81235989	1.18913e-08
10.832723468	1.98059e-08
10.853087073	6.15133e-08
10.873450685	9.59246e-08
10.893814294	8.13667e-08
10.914177883	9.07879e-08
10.93454142	8.66738e-08
10.954904909	4.92539e-08
10.975268378	8.61652e-08
10.995631848	9.79651e-08
11.015995343	3.47609e-08
11.036358894	3.37144e-08
11.056722479	9.23994e-08
11.077086092	2.39438e-08
11.097449711	1.71788e-08
11.117813316	7.91175e-08
11.138176899	8.81756e-08
11.15854045	9.82929e-08
11.178903941	9.43729e-08
11.199267399	5.12741e-08
11.219630861	7.54942e-08
11.239994345	6.90711e-08
11.260357876	9.08393e-08
11.280721466	9.57009e-08
11.301085084	7.51028e-08
11.321448707	7.98855e-08
11.34181232	6.16436e-08
11.362175907	2.65385e-08
11.382539455	6.95753e-08
11.402902966	3.85549e-08
11.423266432	2.68628e-08
11.443629877	1.70368e-08
11.463993347	8.592e-08
11.484356861	8.39913e-08
11.504720438	9.14644e-08
11.525084064	8.31503e-08
11.545447707	8.8206e-08
11.565811333	9.41026e-08
11.586174929	8.80797e-08
11.606538478	8.36506e-08
11.626901984	6.95692e-08
11.647265457	8.51484e-08
11.667628898	7.27023e-08
11.687992337	9.37944e-08
11.708355824	6.297e-08
11.728719379	8.0503e-08
11.749082996	6.48128e-08
11.769446651	7.18393e-08
11.789810294	8.67783e-08
11.810173907	8.1457e-08
11.830537468	8.22621e-08
11.850900978	6.5373e-08
11.871264447	7.6653e-08
11.891627892	4.77501e-08
11.911991341	7.91079e-08
11.932354817	6.58843e-08
11.952718344	7.85141e-08
11.973081939	8.64771e-08
11.99344559434	8.44584e-08
12.01380925529	1.80642e-08
12.03417289179	8.28691e-08
12.05453648076	1.91391e-08
12.07490000782	8.76258e-08
12.09526348889	1.41489e-08
12.11562694407	1.5694e-08
12.13599037609	8.76975e-08
12.15635383144	9.8946e-08
12.17671733008	8.82432e-08
12.19708089675	8.54386e-08
12.21744452651	6.38211e-08
12.23780820658	7.65941e-08
12.25817186695	4.51014e-08
12.27853547415	6.69716e-08
12.29889902237	4.97707e-08
12.31926251112	6.80148e-08
12.33962596611	8.96059e-08
12.35998940793	7.8337e-08
12.38035284084	8.66704e-08
12.40071631628	5.81918e-08
12.42107985784	8.18317e-08
12.44144346227	7.28258e-08
12.46180712183	8.65725e-08
12.48217079302	9.79426e-08
12.50253443125	8.3241e-08
12.52289800715	7.64814e-08
12.54326151994	6.56995e-08
12.56362497754	9.41832e-08
12.58398841843	7.11825e-08
12.60435187275	1.13946e-08
12.62471534467	8.55779e-08
12.64507885982	1.71102e-08
12.665442439	1.29266e-08
12.68580607513	7.6666e-08
12.7061697389	9.57271e-08
12.72653339076	8.83614e-08
12.74689698692	8.33397e-08
12.76726052176	5.98471e-08
12.78762399747	8.20743e-08
12.80798744572	5.89577e-08
12.82835090632	1.65516e-08
12.84871437559	8.13832e-08
12.86907787691	2.00017e-08
12.88944143612	1.20714e-08
12.90980505083	7.89731e-08
12.93016869997	1.23773e-08
12.95053235982	9.41736e-08
12.97089597196	9.1717e-08
12.9912595269	6.72508e-08
13.01162302148	8.59979e-08
13.03198648033	4.90802e-08
13.05234994077	8.64317e-08
13.07271341256	7.1161e-08
13.09307690579	7.5815e-08
13.11344044901	9.48566e-08
13.13380404338	9.36066e-08
13.15416767578	1.48701e-08
13.17453132941	1.30454e-08
13.19489495271	9.13953e-08
13.21525852353	7.39675e-08
13.23562203445	8.9053e-08
13.25598550384	6.02305e-08
13.27634896623	2.65854e-08
13.29671244231	8.22619e-08
13.31707593321	2.96362e-08
13.33743946613	2.49101e-08
13.35780304472	2.26069e-08
13.37816666195	5.83257e-08
13.39853029428	9.15032e-08
13.41889392135	7.18907e-08
13.43925750265	7.21346e-08
13.45962102575	9.08018e-08
13.47998450311	7.77445e-08
13.5003479667	1.78936e-08
13.52071143701	6.89867e-08
13.54107493074	2.17848e-08
13.56143845968	1.54326e-08
13.58180202889	9.39132e-08
13.60216563541	7.5184e-08
13.62252925954	1.75488e-08
13.64289288686	8.99048e-08
13.6632564835	1.67104e-08
13.68362002358	1.12052e-08
13.70398351206	8.24869e-08
13.72434697794	1.38778e-08
13.74471044149	5.99749e-08
13.76507393006	9.56923e-08
13.7854374548	5.58473e-08
13.80580101807	7.50332e-08
13.82616461551	6.21209e-08
13.8465282397	7.22032e-08
13.86689186547	9.70438e-08
13.88725547992	7.93382e-08
13.90761903678	7.34903e-08
13.92798253824	7.64762e-08
13.94834600806	1.61601e-08
13.96870946542	5.3094e-08
13.98907293789	8.895e-08
14.0094364577312	5.22613e-08
14.0298000130973	7.83099e-08
14.0501636013946	5.99031e-08
14.0705272175708	7.26693e-08
14.0908908398268	2.17384e-08
14.1112544558006	9.41795e-08
14.131618032832	9.00848e-08
14.1519815536864	8.53225e-08
14.1723450349716	5.56659e-08
14.1927085077246	9.02345e-08
14.2130719896849	7.94537e-08
14.2334355040105	7.58593e-08
14.2537990549689	7.77514e-08
14.2741626356452	7.85078e-08
14.2945262384683	1.73007e-08
14.31488985414	7.02004e-08
14.3352534688751	9.37055e-09
14.3556170600466	6.26521e-08
14.3759805997988	1.07386e-08
14.3963440939232	1.16107e-08
14.4167075575528	8.62903e-08
14.4370710296378	2.11401e-08
14.4574345273653	8.93907e-08
14.4777980714691	8.86767e-08
14.4981616426774	7.82603e-08
14.5185252369021	7.82984e-08
14.5388888459439	8.61099e-08
14.5592524577909	8.93622e-09
14.5796160513772	6.86118e-08
14.5999796099103	1.38623e-08
14.6203431219358	8.33126e-08
14.6407065980394	1.47515e-08
14.661070072973	1.34724e-08
14.6814335632932	8.68425e-08
14.7017970968586	9.80533e-08
14.7221606625634	8.81476e-08
14.7425242495702	9.40464e-08
14.7628878511626	8.28878e-08
14.7832514573138	8.6571e-08
14.8036150489136	4.18058e-08
14.8239786175551	8.06845e-08
14.8443421450529	6.33531e-08
14.864705633971	8.94868e-08
14.8850691134089	2.25396e-08
14.9054325990543	1.11768e-08
14.9257961207536	5.00116e-08
14.946159684211	9.8667e-08
14.9665232657805	7.93315e-08
14.9868868609564	9.44205e-08
15.0072504552867	2.59107e-08
15.0276140424889	2.66035e-08
15.0479776114859	1.26322e-08
15.0683411540567	9.12843e-08
15.0887046650757	9.86873e-08
15.1090681553673	8.3205e-08
15.1294316430273	9.31024e-08
15.1497951588092	4.90123e-08
15.1701587138572	8.55581e-08
15.1905222925003	6.03738e-08
15.2108858824712	8.17441e-08
15.2312494716142	1.81148e-08
15.2516130543978	9.68155e-08
15.2719766214649	1.68691e-08
15.2923401732238	9.66098e-09
15.3127036979845	9.29462e-08
15.3330672000747	9.69041e-08
15.3534306944438	9.02918e-09
15.3737942095462	8.50723e-08
15.3941577577945	2.11522e-08
15.4145213355139	1.32997e-08
15.4348849216765	8.72998e-08
15.45524850525	1.38162e-08
15.4756120814072	9.09698e-08
15.495975642631	5.91752e-08
15.5163391908779	9.55993e-08
15.5367027230994	7.75415e-08
15.5570662339046	7.71217e-08
15.5774297450285	1.53799e-08
15.5977932655151	7.86275e-08
15.6181568125271	9.12308e-08
15.6385203870374	7.42023e-08
15.6588839749237	8.65367e-08
15.6792475573766	5.89182e-08
15.6996111267042	2.19667e-08
15.7199746823757	1.33386e-08
15.7403382259043	1.95468e-08
15.7607017621585	5.86437e-08
15.7810652801503	8.64258e-08
15.8014287964864	1.1806e-08
15.821792319031	8.41957e-08
15.8421558642616	4.13823e-08
15.8625194337963	8.35414e-08
15.882883019138	7.01939e-08
15.9032465996451	7.83845e-08
15.9236101656193	1.91167e-08
15.9439737165965	8.63667e-08
15.9643372553651	9.715e-08
15.9847007880873	8.20982e-08
16.005064314530316	9.81592e-08
16.025427839609687	6.68617e-08
16.04579137674909	2.4584e-08
16.066154928540364	8.14548e-08
16.086518499374051	3.52853e-08
16.10688208618156	8.01705e-08
16.127245666527617	5.62632e-08
16.147609230362654	6.58151e-08
16.167972775362568	1.24771e-08
16.188336305943039	1.28478e-08
16.208699829769682	9.2168e-08
16.229063362225954	9.52056e-08
16.249426892833952	8.93972e-08
16.26979043628527	1.77068e-08
16.290153994274586	1.66292e-08
16.310517569997717	1.31505e-08
16.330881159280445	6.72726e-08
16.351244750972302	9.30808e-09
16.371608318197907	5.50405e-08
16.39197185989423	1.05409e-08
16.412335382109532	7.68854e-08
16.432698893389571	9.48124e-09
16.453062413546668	6.56951e-08
16.473425948927133	1.21843e-08
16.493789494909741	9.61254e-08
16.514153057483711	1.51475e-08
16.534516639141877	8.67941e-08
16.554880230238282	1.6542e-08
16.575243823183683	1.37604e-08
16.595607394502302	8.22512e-09
16.615970935547551	9.50659e-08
16.636334451774388	9.12902e-08
16.656697958581017	1.22082e-08
16.677061467975005	9.4316e-09
16.697425000215073	9.37774e-08
16.717788545713017	8.6992e-08
16.738152114435053	1.02675e-08
16.7585157023994	6.31586e-08
16.778879305258897	6.7932e-09
16.799242907282778	4.43766e-08
16.819606488282375	7.89716e-08
16.839970036551211	6.4931e-08
16.860333552418282	8.58084e-08
16.880697050888323	4.29238e-08
16.901060555309918	9.11922e-08
16.921424077232807	6.98423e-08
16.941787618659045	8.9466e-08
16.962151186926544	1.6634e-08
16.982514777911007	9.73476e-08
17.002878382193554	9.23886e-09
17.023241989741933	9.93837e-08
17.04360558048392	7.22202e-09
17.063969136288385	9.88965e-08
17.084332654687227	1.16359e-08
17.104696146418927	8.09072e-09
17.125059636619341	1.00198e-08
17.14542313992623	5.5109e-08
17.165786670837196	9.28847e-08
17.186150233136328	5.74759e-08
17.206513824231038	9.76196e-08
17.226877433842162	7.74087e-08
17.247241051135862	8.6381e-08
17.267604653008632	4.33508e-08
17.287968219559257	9.17059e-08
17.308331745606385	8.96939e-08
17.328695236693456	9.86388e-08
17.349058718163192	1.17247e-08
17.369422207417781	6.46944e-09
17.389785734480775	9.50898e-08
17.410149294179377	8.58485e-08
17.430512887223482	1.57452e-08
17.450876503864535	9.39536e-08
17.471240124672097	1.62175e-08
17.49160373716294	6.65297e-08
17.511967326855	1.24842e-08
17.532330865303908	5.98947e-08
17.552694362811767	1.23191e-08
17.573057836411969	9.16579e-08
17.593421307358419	1.25628e-08
17.613784812519363	8.72974e-08
17.634148365895022	1.65815e-08
17.65451195338137	1.55697e-08
17.674875570982135	1.03928e-08
17.695239199312432	1.15857e-08
17.715602823160292	9.96459e-08
17.735966415826166	9.92274e-08
17.756329966833551	8.69583e-08
17.776693468844488	9.1535e-09
17.797056936834789	8.67924e-08
17.817420405019448	9.45772e-09
17.837783892424273	9.47501e-08
17.858147429748726	9.2172e-08
17.878511009679787	6.52479e-08
17.898874626701371	9.45021e-08
17.919238263361208	4.69887e-08
17.939601891934981	1.30521e-08
17.959965498946893	7.05521e-08
17.980329070417046	1.28975e-08
18.000692586686572	4.95162e-09
18.021056058558223	8.6604e-08
18.041419518504881	3.84038e-08
18.061783002703194	9.74101e-08
18.082146524728248	8.38639e-08
18.102510096680152	9.76951e-08
18.122873709516856	1.41184e-08
18.143237348939454	5.36016e-09
18.163600986634325	1.16935e-08
18.183964606603347	9.77901e-08
18.204328182843785	9.92224e-08
18.224691711820988	7.33085e-08
18.245055187587646	9.74604e-08
18.265418638606299	4.94807e-08
18.285782104381052	1.5195e-08
18.306145602653789	7.25421e-08
18.326509152774403	1.36577e-08
18.346872758864571	6.43525e-09
18.367236400991022	9.39782e-08
18.38760005104929	4.73365e-08
18.407963677795411	1.27749e-08
18.428327269705346	7.13756e-08
18.448690815872759	1.2657e-08
18.469054308111442	4.65462e-09
18.489417761853009	8.9646e-08
18.509781217426724	9.555e-09
18.530144696567966	5.7073e-09
18.550508234382271	6.54696e-09
18.570871830881437	6.22342e-08
18.591235471593642	7.88936e-09
18.611599130648568	3.61056e-08
18.631962773106508	9.81371e-08
18.65232638325195	8.64533e-08
18.672689945657726	5.33915e-09
18.693053451693164	7.37396e-08
18.713416916117637	2.27004e-08
18.733780362846996	8.47588e-08
18.754143820792596	1.7002e-08
18.774507333772565	1.8497e-08
18.79487090765868	1.15405e-08
18.815234536183535	5.23616e-09
18.835598194881722	9.08654e-08
18.855961847689553	9.97486e-09
18.876325475301879	6.44717e-09
18.896689048415144	6.76587e-09
18.917052568656807	6.43255e-08
18.937416033383958	7.48876e-09
18.957779471345752	3.77518e-08
18.978142926667076	9.18154e-09
18.998506419082386	6.10621e-08
19.018869969709424	1.01122e-08
19.039233588982782	4.54051e-09
19.059597249947831	9.52886e-08
19.079960915854745	5.05963e-08
19.100324550297486	1.2409e-08
19.12068814081254	6.64336e-08
19.141051676253102	1.4968e-08
19.161415159825257	5.94916e-09
19.181778602308832	9.7094e-08
19.202142048347902	1.02556e-08
19.222505521441327	5.86496e-09
19.242869059343374	6.64027e-09
19.263232662128292	6.28948e-08
19.283596321755777	8.1205e-09
19.303959998235012	3.66496e-08
19.324323650957361	9.89713e-08
19.344687262713553	8.99791e-08
19.365050816989946	4.93585e-09
19.385414310316893	1.49053e-08
19.405777756082614	9.63432e-08
19.426141190358308	4.14838e-08
19.446504657601846	9.92136e-08
19.466868173575662	8.81889e-08
19.487231753884561	5.65479e-09
19.507595396759108	1.54758e-08
19.527959073033518	9.85778e-08
19.548322737534924	6.76701e-09
19.568686368770202	9.65007e-08
19.589049935808166	6.50801e-09
19.609413441892517	6.4691e-08
19.629776895323829	5.22546e-09
19.650140324085889	4.44818e-08
19.670503774254556	1.09085e-08
19.690867266152907	7.0301e-08
19.711230821323472	1.20578e-08
19.73159444925788	4.04281e-09
19.751958129550523	9.8805e-08
19.772321811423804	5.56335e-08
19.792685453987765	1.24787e-08
19.813049044105917	7.05925e-08
19.833412570544095	1.57129e-08
19.853776041146514	6.61389e-09
19.874139476399382	9.98354e-08
19.894502917532012	1.07266e-08
19.914866389010324	6.61557e-08
19.935229917975168	6.26264e-09
19.955593524848609	4.25652e-08
19.975957187774572	1.32114e-08
19.996320874733271	7.26173e-08
20.016684550120743	4.91182e-09
20.037048167043981	4.51277e-08
20.057411710621192	7.94475e-09
20.077775192388618	7.74505e-08
20.098138628917507	1.01761e-08
20.118502059399074	5.77766e-09
20.138865508986495	4.87201e-09
20.159229023465087	7.04271e-09
20.179592607100602	9.97062e-08
20.199956255604565	1.09603e-08
20.220319945486132	4.82745e-09
20.240683620766543	9.02783e-09
20.261047257663286	6.21944e-08
20.281410832167804	5.13933e-09
20.301774331879244	3.7308e-08
20.322137783429373	9.38267e-08
20.342501213903304	7.8223e-08
20.362864648280748	9.97004e-09
20.383228138828642	5.84344e-08
20.403591704894403	9.53917e-08
20.423955336667486	7.86035e-08
20.444319020110335	1.56027e-08
20.464682706780074	1.60868e-08
20.4850463639211	6.22236e-09
20.505409951332151	9.18827e-09
20.525773468251913	5.65919e-09
20.546136926719758	6.42516e-09
20.566500353084983	9.36464e-08
20.58686379300913	9.8002e-09
20.60722726687111	5.65544e-08
20.627590801128761	5.80234e-09
20.64795441391718	3.56133e-08
20.668318080979176	9.75977e-08
20.688681773855972	7.85945e-08
20.709045453473365	1.22709e-08
20.729409068646017	1.2654e-08
20.749772611419541	9.5465e-08
20.770136084134176	1.38002e-08
20.790499510875151	9.78631e-08
20.810862941363315	1.40081e-08
20.831226395769434	5.79803e-08
20.851589903591321	1.02404e-08
20.871953493155498	4.22734e-08
20.892317147946429	2.05918e-08
20.91268084099665	1.19632e-08
20.933044522143433	1.21057e-08
20.953408158996417	6.54891e-08
20.973771726877139	6.53031e-09
20.994135216182315	5.35758e-09
21.014498647231765	9.93112e-08
21.034862066938341	5.18247e-08
21.055225523493107	1.24271e-08
21.075589028270947	6.74513e-08
21.09595260010617	1.34922e-08
21.11631624217042	5.51922e-09
21.13667993192826	9.95676e-08
21.157043622219458	9.45205e-09
21.177407283408883	6.4776e-08
21.197770879675883	5.23006e-09
21.218134389519353	4.21825e-08
21.238497836775693	1.345e-08
21.258861251796009	6.83908e-09
21.279224689518124	9.87448e-09
21.299588170345064	6.31876e-08
21.319951714716868	6.04996e-09
21.340315336185814	5.78775e-09
21.360679016026531	9.79687e-08
21.381042711383849	5.09923e-08
21.401406374446395	1.21225e-08
21.421769982472028	6.94559e-08
21.442133515127527	1.24365e-08
21.462496976693785	5.37167e-09
21.482860393048234	9.74006e-08
21.503223817820857	9.04262e-09
21.523587279345897	6.27919e-08
21.543950801098713	4.94246e-09
21.564314404308888	4.12066e-08
21.584678068102271	1.37695e-08
21.60504176411683	6.65916e-08
21.625405459474745	5.11961e-09
21.645769099746477	4.92872e-09
21.666132665713675	6.51974e-09
21.686496148420083	5.52521e-09
21.706859570535677	9.451e-08
21.727222982663253	1.0746e-08
21.747586416941004	5.87197e-08
21.767949909192897	4.62753e-09
21.788313486009717	3.63657e-08
21.808677133241211	9.52588e-08
21.82904082416303	1.40543e-08
21.84940450995434	7.48322e-09
21.869768163850789	6.42735e-08
21.890131757987671	1.02171e-08
21.910495265390686	4.95369e-08
21.930858711015972	1.31609e-08
21.951222125836654	7.25389e-08
21.971585546894623	7.43174e-09
21.991949032552363	8.68477e-09
22.012312594521671	7.50189e-09
22.032676231675797	6.31983e-09
22.053039921498861	9.64947e-08
22.073403617439212	1.06301e-08
22.093767290316517	5.93884e-08
22.11413090833793	4.49428e-09
22.134494442141261	3.71329e-08
22.154857900803545	9.24393e-08
22.175221313392186	7.47507e-08
22.195584715794094	1.52806e-08
22.215948170867208	1.42539e-08
22.236311697438328	5.62449e-09
22.256675313076805	7.35459e-09
22.277038993220245	9.70305e-08
22.297402693861933	1.10899e-08
22.317766383220821	5.8944e-08
22.338130025571573	4.42898e-09
22.358493582187311	3.86017e-08
22.378857061052425	9.87796e-08
22.399220481773654	1.4647e-08
22.419583895858359	7.9119e-09
22.439947335198902	6.73747e-08
22.460310834521337	1.15102e-08
22.480674424477382	5.39713e-08
22.501038087444623	1.20344e-08
22.521401788752353	8.04246e-08
22.541765492376552	7.23488e-09
22.562129139950628	1.09469e-08
22.582492716432704	7.89648e-09
22.602856210030499	7.12464e-09
22.623219640807665	4.14421e-09
22.643583051397837	1.03318e-08
22.663946473054299	5.9894e-08
22.684309943929183	5.55793e-09
22.704673505427493	3.64246e-08
22.725037149903759	9.35915e-08
22.745400850564987	1.33244e-08
22.765764552275609	9.14924e-09
22.786128222006329	6.51914e-08
22.806491828034719	8.5383e-09
22.826855346473121	4.82271e-08
22.847218799590618	1.11157e-08
22.867582217501894	6.82848e-08
22.887945634097271	4.91498e-09
22.908309106293434	7.93754e-09
22.92867264901551	7.33826e-09
22.949036275302998	6.58779e-09
22.969399965008808	9.93756e-08
22.989763671657332	1.14301e-08
23.010127361297862	6.23803e-08
23.030490993522683	4.79061e-09
23.050854533067184	3.9987e-08
23.071217994148828	9.99713e-08
23.091581405819909	7.62576e-08
23.111944803823064	1.66598e-08
23.132308252160367	1.74026e-08
23.152671765690044	5.68969e-09
23.173035367031051	8.80744e-09
23.193399040358599	3.53209e-09
23.213762745133188	9.69119e-09
23.234126447919824	6.11724e-08
23.25449010954231	5.7409e-09
23.274853677613862	3.66179e-08
23.295217156919623	9.63773e-08
23.315580573516542	1.26373e-08
23.335943981323261	9.40508e-09
23.356307414132171	6.6095e-08
23.37667090907922	8.53455e-09
23.397034492955648	4.7925e-08
23.417398150314526	8.83646e-09
23.437761852332706	6.91368e-08
23.458125564408579	3.62933e-09
23.478489225051852	7.65968e-09
23.498852815992024	7.60095e-09
23.519216312847252	7.30334e-09
23.539579735056286	4.5188e-09
23.559943132218134	9.52126e-09
23.580306540359711	6.24111e-08
23.600670001421321	6.94534e-09
23.62103356212419	3.68961e-08
23.641397207797173	9.81521e-08
23.661760910283551	7.84441e-08
23.682124636277155	1.73574e-08
23.702488321250797	1.66495e-08
23.722851940926763	6.22219e-09
23.743215467303472	6.88976e-09
23.76357890781405	4.02092e-09
23.783942303927983	9.26929e-09
23.804305693568754	5.59727e-09
23.824669145037038	7.57242e-09
23.845032677024168	6.54795e-09
23.86539630690309	6.72571e-09
23.885760004833365	6.80126e-08
23.906123740626054	8.39334e-09
23.926487447230215	3.89153e-08
23.946851076301261	4.93765e-09
23.967214620869765	7.13695e-08
23.987578078687442	9.05136e-09
24.007941474296214	3.72635e-08
24.028304869266204	8.39782e-09
24.048668298354464	6.89403e-08
24.069031799320179	6.00476e-09
24.089395403838481	7.86291e-09
24.109759093951048	5.74428e-09
24.130122817491152	8.79857e-09
24.150486536959775	6.35803e-08
24.170850209303936	7.16577e-09
24.191213782934252	3.77672e-08
24.211577260378977	1.09469e-08
24.231940667272966	6.69749e-08
24.252304030937584	9.84954e-09
24.27266742773709	7.87202e-09
24.29303088959303	6.16e-09
24.313394460327938	4.05085e-08
24.333758126194521	8.95111e-09
24.354121850063009	7.22312e-08
24.374485586972728	6.72947e-09
24.394849266520666	4.34385e-09
24.415212866213007	7.76297e-09
24.435576364518589	5.89472e-09
24.455939782519607	7.24659e-08
24.476303145141401	1.06923e-08
24.496666523707098	4.38442e-08
24.517029980765866	5.54198e-09
24.537393530153125	7.91394e-08
24.557757183072273	8.74505e-09
24.578120913468052	4.72719e-08
24.598484651143629	8.50315e-09
24.618848355032487	7.58808e-08
24.639211984905074	5.95426e-09
24.659575505640507	7.65292e-09
24.679938933285644	8.44914e-09
24.700302313586253	7.57851e-09
24.720665679601389	7.2806e-09
24.741029108276663	8.35958e-09
24.761392622853592	7.46186e-09
24.781756249522203	6.072e-09
24.802119966137091	7.13453e-08
24.822483739195025	1.11925e-08
24.842847480441502	4.13788e-08
24.863211130155808	5.17149e-09
24.883574677830214	7.75483e-08
24.903938118685954	8.93218e-09
24.924301489587016	4.45525e-08
24.944664857588347	8.5783e-09
24.965028257237616	7.42239e-08
24.985391733923858	6.13667e-09
25.005755331007084	9.24138e-09
25.026119032656361	8.31769e-09
25.046482791358319	4.03992e-08
25.066846529128842	1.13839e-08
25.087210206546306	6.58809e-08
25.107573787465157	8.26594e-09
25.127937252401914	6.42187e-09
25.148300628919007	7.23033e-08
25.168663956002622	1.22172e-08
25.189027313091845	4.17985e-08
25.209390767273558	6.20573e-09
25.229754330779979	6.40815e-09
25.250118010659651	9.04349e-09
25.270481772583135	6.45216e-08
25.290845570645399	1.23163e-08
25.311209307111348	4.70626e-09
25.331572949001824	6.69517e-09
25.35193645723302	4.23411e-08
25.372299860795703	1.19993e-08
25.392663204515063	7.34247e-08
25.413026535971451	1.39045e-08
25.433389941821957	4.76042e-09
25.453753449337011	4.74468e-09
25.474117088525951	8.49676e-09
25.494480833022898	6.64042e-08
25.514844645433637	1.43292e-08
25.535208425378862	3.55933e-08
25.555572098340242	7.36854e-09
25.575935651126475	7.02193e-08
25.596299076349741	9.52179e-09
25.616662413782411	3.56286e-08
25.637025744395114	1.15558e-08
25.657389107638647	6.14981e-08
25.677752556723014	9.79878e-09
25.698116145452584	8.01898e-09
25.718479857862278	6.75273e-08
25.738843666344923	1.29612e-08
25.759207478527276	3.61252e-08
25.779571202936921	6.75666e-09
25.799934813981277	7.10307e-09
25.820298285132495	6.1415e-09
25.840661646552995	7.00167e-08
25.861024940033911	1.34264e-08
25.881388256413263	4.09636e-08
25.901751672720469	9.72501e-08
25.92211520757122	8.25894e-09
25.942478876291563	1.53525e-08
25.962842649415744	3.62641e-08
25.983206446696908	9.9491e-08
26.003570207336136	9.00011e-08
26.023933877493128	9.11549e-09
26.044297405037394	1.24783e-08
26.064660806841896	7.09243e-08
26.085024112324486	1.43633e-08
26.105387408624846	4.15148e-08
26.125750778628653	1.40013e-08
26.146114253525365	7.68325e-09
26.166477873326201	6.86474e-09
26.186841613372415	6.37137e-08
26.207205438158997	1.29796e-08
26.227569247303006	5.81425e-09
26.247932986897357	7.16418e-09
26.268296585461627	4.41102e-08
26.288660043674508	9.75619e-08
26.309023399778891	8.54834e-08
26.329386700808669	2.43614e-08
26.349750033870851	2.09475e-08
26.370113443801682	9.82229e-09
26.390476994578464	8.54166e-09
26.41084067647148	6.58292e-08
26.431204469883731	1.13552e-08
26.451568291574503	3.52214e-08
26.471932043805786	7.42711e-09
26.492295694091176	6.05882e-09
26.512659203631063	5.9113e-09
26.533022595620114	6.4536e-08
26.553385904383227	1.33066e-08
26.573749213967687	5.82299e-09
26.594112569758529	7.83481e-09
26.614476053178155	4.24593e-08
26.634839677702924	8.98052e-08
26.655203412734359	8.20657e-08
26.675567220104927	2.37224e-08
26.695931000218383	2.02739e-08
26.716294706606046	9.64512e-09
26.736658280016631	9.43741e-08
26.757021728910257	7.44736e-08
26.777385072563092	9.60528e-08
26.797748386361878	7.35972e-08
26.818111744614686	2.3681e-08
26.838475183490907	1.73764e-08
26.858838739847492	1.28886e-08
26.879202426747749	9.4358e-09
26.899566208214292	9.75933e-08
26.919930002722523	9.73399e-09
26.940293752598766	9.57828e-08
26.960657385135985	9.92166e-08
26.981020895167685	8.20619e-08
27.001384287142127	9.54019e-08
27.021747617257077	6.96296e-08
27.04211096220418	2.80567e-08
27.06247435828827	9.72414e-08
27.082837851078175	3.26137e-08
27.10320147657767	1.92294e-08
27.123565210290774	1.07618e-08
27.143928992399459	4.20599e-08
27.164292735452808	9.7784e-09
27.184656402444293	7.24589e-08
27.205019961888436	1.04359e-08
27.225383406562791	6.40615e-09
27.245746770410019	8.39064e-08
27.266110123283976	1.38454e-08
27.286473498208132	9.35172e-08
27.306836968559203	9.68118e-08
27.327200544708514	8.37039e-08
27.347564231651692	9.86708e-08
27.367927990529147	6.76889e-08
27.38829174498094	3.017e-08
27.408655447189744	8.58942e-08
27.429019058382128	4.07008e-08
27.449382552002394	2.36815e-08
27.469745952134183	1.84048e-08
27.490109314386856	8.39605e-09
27.510472677147	6.22015e-08
27.530836085484637	9.89623e-08
27.551199603956618	5.45921e-08
27.571563236453809	8.76664e-08
27.591926953986086	9.54007e-08
27.612290699546254	1.55187e-08
27.632654421144462	6.40882e-08
27.653018073273753	1.23397e-08
27.67338161540232	9.52846e-09
27.693745060200381	8.63222e-08
27.714108447554931	6.93669e-08
27.734471840596786	2.1501e-08
27.754835264038594	8.49734e-08
27.775198755595191	2.07755e-08
27.795562348963127	1.24998e-08
27.815926028744183	9.48233e-08
27.83628975410431	1.22447e-08
27.856653481061898	7.18096e-08
27.877017158745478	7.07854e-09
27.897380737335737	6.81077e-08
27.917744219770221	1.48276e-08
27.938107633615708	8.63635e-09
27.958471013704628	8.83261e-08
27.978834420132504	9.3645e-08
27.999197878429207	8.77219e-08
28.019561430360074	9.4781e-08
28.039925068820654	7.92672e-08
28.060288767770952	2.49516e-08
28.080652492707582	5.51763e-08
28.101016190553946	2.42646e-08
28.121379803878	6.21178e-08
28.141743323350173	3.85422e-08
28.162106769211185	4.3749e-08
28.182470167988441	1.18781e-08
28.202833580034152	1.30199e-08
28.22319702465478	7.77677e-08
28.243560548692106	7.95325e-08
28.263924152526943	7.29539e-08
28.284287823138722	1.82617e-08
28.304651531360612	6.11825e-08
28.325015236491904	1.82668e-08
28.345378872169842	7.65546e-08
28.365742419934922	1.01126e-08
28.386105892711281	1.39509e-08
28.406469310055357	7.69275e-08
28.426832725349826	9.67948e-08
28.447196163690268	8.4231e-08
28.467559667076646	8.49107e-08
28.487923241463257	6.92135e-08
28.508286884228458	9.30798e-08
28.52865057136481	9.05874e-08
28.549014255414662	1.97578e-08
28.569377901311537	1.93877e-08
28.589741472758817	9.93448e-08
28.610104973442933	8.89305e-08
28.630468414975208	8.40428e-08
28.650831841443363	2.67841e-08
28.671195283069771	9.61886e-08
28.691558775316711	3.35943e-08
28.711922336875094	3.6502e-08
28.732285958221283	9.53534e-08
28.752649626491959	1.73132e-08
28.773013301906989	9.61643e-08
28.793376956075367	1.47597e-08
28.813740544348455	1.84617e-08
28.834104066309635	5.36921e-08
28.854467528001887	8.24214e-08
28.874830965600147	5.85695e-08
28.89519442357825	9.76118e-08
28.915557917384977	8.11061e-08
28.935921461593946	8.441e-08
28.956285066803535	9.71541e-08
28.976648718541544	1.72167e-08
28.997012383669599	8.17296e-08
29.017376038550044	8.16264e-08
29.037739639119238	8.11561e-08
29.058103178594443	6.88005e-08
29.078466658507747	7.51722e-08
29.098830107921408	4.62498e-08
29.119193567962011	8.7806e-08
29.139557059330077	8.04583e-08
29.159920594161147	8.11344e-08
29.180284185977783	8.11094e-08
29.20064782351831	8.72039e-08
29.221011478393862	1.96551e-08
29.24137512884765	1.71853e-08
29.261738737321714	9.57766e-08
29.282102290075006	9.13223e-08
29.302465785014309	8.19993e-08
29.322829245157468	5.18785e-08
29.343192708440025	2.82013e-08
29.363556195247764	8.02314e-08
29.383919724283253	3.56274e-08
29.404283307946592	1.15046e-08
29.424646937097258	2.01723e-08
29.445010586913412	4.21096e-08
29.465374224328926	8.19786e-08
29.485737833779044	7.7653e-08
29.506101395538654	8.55839e-08
29.526464905293693	7.39022e-08
29.546828377876057	7.82005e-08
29.567191847266141	1.43816e-08
29.587555333550434	9.9458e-08
29.607918867257876	1.50003e-08
29.628282447367621	8.56954e-08
29.648646072700814	1.51313e-08
29.66900972085234	1.78137e-08
29.689373359816113	7.27522e-08
29.709736973667368	5.86819e-08
29.73010054461821	6.42429e-08
29.750464063320806	8.68816e-08
29.770827542514006	7.99322e-08
29.791191012942136	1.56264e-08
29.811554494649901	1.13561e-08
29.831918019413379	8.9814e-08
29.852281590609927	8.93535e-08
29.87264520875712	9.15864e-08
29.89300885430772	5.4412e-08
29.913372495213348	9.66737e-08
29.933736114591522	9.66494e-08
29.954099693238337	1.44268e-08
29.974463220840743	2.58153e-08
29.994826707695101	1.54533e-08
30.015190181571576	1.29817e-08
30.035553661185784	9.17144e-08
30.055917179699463	9.59755e-08
30.076280743646912	7.43337e-08
30.096644354761622	9.40389e-08
30.117007997950033	8.33372e-08
30.137371641594168	9.39056e-08
30.157735267420321	7.39621e-08
30.178098855891079	8.11615e-08
30.198462392699231	2.84682e-08
30.218825890426725	8.81186e-08
30.239189364361248	9.92385e-08
30.25955283640474	2.6729e-08
30.279916343344524	2.7461e-08
30.300279901474731	1.67049e-08
30.320643505871359	7.34092e-08
30.341007144795867	9.9738e-08
30.361370787860917	1.18108e-08
30.38173441640977	1.4199e-08
30.402098002055496	8.89662e-08
30.422461542382091	8.40992e-08
30.442825038809239	9.23322e-08
30.463188507629678	4.68605e-08
30.483551982196627	9.79055e-08
30.503915479960785	1.66931e-08
30.524279019671781	1.86172e-08
30.544642614129003	1.02502e-08
30.565006251276188	8.94935e-08
30.585369897179056	1.06455e-08
30.605733532385997	9.83044e-08
30.626097126908075	9.78329e-08
30.646460676326459	7.61694e-08
30.666824183007936	9.07279e-08
30.68718765791288	8.21245e-08
30.70755112813757	1.62015e-08
30.727914612778346	7.77971e-08
30.74827813405777	3.39706e-08
30.768641712684627	2.0965e-08
30.789005337506143	9.91491e-09
30.809368982382612	6.50788e-08
30.829732621913394	9.58595e-08
30.85009622315296	5.49876e-08
30.870459774979732	7.08222e-08
30.89082328426715	5.04195e-08
30.911186762143487	7.09001e-08
30.931550227926319	9.78227e-08
30.951913700647534	8.95624e-08
30.972277216292159	9.27008e-08
30.99264078078324	6.04895e-08
31.013004398024645	7.40659e-08
31.033368049325158	5.16103e-08
31.053731686881758	1.75295e-08
31.074095294915224	1.55335e-08
31.094458854078141	9.54621e-08
31.114822368233284	8.79708e-08
31.135185846461376	9.20891e-08
31.155549313645068	4.96532e-08
31.175912791862725	2.81248e-08
31.196276296315418	8.35915e-08
31.216639844086959	4.0578e-08
31.237003445110048	4.0115e-08
31.257367086949198	1.86025e-08
31.277730729327711	1.09054e-08
31.298094345589757	8.4481e-08
31.31845791233382	9.62924e-08
31.338821430963677	7.42583e-08
31.359184908245393	7.77766e-08
31.379548373595291	5.28282e-08
31.399911846107827	1.28914e-08
31.42027533663024	6.4881e-08
31.440638864969024	1.4796e-08
31.461002448072534	1.12107e-08
31.481366076926601	8.47511e-08
31.501729727028618	1.79927e-08
31.522093357567218	1.41221e-08
31.54245693915508	1.24141e-08
31.562820469756151	6.88609e-08
31.583183953157157	8.87672e-08
31.603547416865229	4.45136e-08
31.623910892771228	1.20138e-08
31.644274376916581	1.16027e-08
31.664637901141017	9.22368e-08
31.685001468901451	7.57497e-08
31.705365082454122	8.63577e-08
31.725728724496872	4.42389e-08
31.746092355299915	2.38769e-08
31.766455945489476	7.74842e-08
31.78681948414529	3.26146e-08
31.807182976042906	2.29077e-08
31.827546438685353	2.40464e-08
31.847909908332529	1.04538e-08
31.868273388992424	8.78107e-08
31.888636902195078	9.81113e-08
31.909000453982117	7.00206e-08
31.929364050449163	7.71592e-08
31.949727681493954	5.00988e-08
31.970091319836328	1.49238e-08
31.99045492777417	1.29516e-08
32.010818480590061	9.69353e-08
32.031181983267793	7.12946e-08
32.051545447767268	7.66833e-08
32.071908910466945	1.83992e-08
32.092272393226914	9.86779e-08
32.112635899908689	5.95085e-08
32.132999446517466	8.89163e-08
32.153363029990324	8.1967e-08
32.173726647004273	9.54446e-08
32.194090277245749	1.65074e-08
32.214453898162198	2.59479e-08
32.234817463349977	8.69629e-08
32.255180974268661	6.96962e-08
32.275544439263712	9.44279e-08
32.29590789308488	6.41744e-08
32.316271372615553	2.439e-08
32.336634879166908	2.74349e-08
32.356998418754273	1.55055e-08
32.377361991437226	7.69572e-08
32.397725596571597	1.52916e-08
32.418089219122585	9.63194e-08
32.438452845142351	9.29486e-08
32.458816429063369	8.74314e-08
32.479179956321005	6.54579e-08
32.499543430979493	8.19674e-08
32.519906884382515	4.30083e-08
32.54027035472555	1.6988e-08
32.560633859650864	1.17829e-08
32.580997396171533	1.51901e-08
32.601360961253675	6.46312e-08
32.621724556019672	8.47235e-08
32.642088169671162	4.47356e-08
32.662451781608709	9.98851e-08
32.682815376931032	9.54424e-08
32.703178917021681	9.4624e-08
32.723542407112411	8.89888e-08
32.743905864163892	8.51243e-08
32.764269327846783	1.4103e-08
32.784632818593217	1.16911e-08
32.804996355353701	1.16469e-08
32.825359916838835	6.20447e-08
32.84572350506587	8.82636e-08
32.866087112154659	5.01861e-08
32.886450719673952	1.05155e-08
32.906814317370291	9.6765e-09
32.927177873310406	9.69642e-08
32.947541376043965	7.75622e-08
32.967904837004795	8.49519e-08
32.988268294506561	1.90666e-08
33.008631770540099	1.73127e-08
33.028995298909599	5.4986e-08
33.049358863031472	9.64332e-08
33.069722448457128	6.38015e-08
33.090086050100041	7.54535e-08
33.110449652861313	1.4233e-08
33.130813246995004	9.35246e-08
33.151176816866048	8.97562e-08
33.1715403311781	6.15132e-08
33.191903797107386	7.81962e-08
33.212267249861625	4.41146e-08
33.232630726931269	1.23634e-08
33.252994243121272	5.75589e-08
33.273357805020318	6.68297e-09
33.293721390941002	9.76448e-08
33.314084991809864	9.71773e-08
33.334448593570443	9.78438e-08
33.354812186461636	9.07363e-08
33.375175756630952	1.8955e-08
33.395539289482258	7.92497e-08
33.415902768628726	3.53881e-08
33.436266224090033	9.36844e-08
33.456629693813483	4.20807e-08
33.476993195667212	3.25804e-08
33.497356752782458	2.30527e-08
33.51772034047346	6.42339e-08
33.538083942457092	8.59666e-08
33.558447544074106	4.24959e-08
33.578811130218412	8.8974e-08
33.599174696168021	9.48991e-08
33.619538239230614	1.51909e-08
33.639901733357902	1.92911e-08
33.660265192902465	1.05382e-08
33.680628657404057	8.59237e-09
33.700992146093988	8.50239e-08
33.72135568862511	9.52493e-08
33.74171927992208	7.97776e-08
33.7620828869075	9.00067e-08
33.782446493696057	4.92118e-08
33.802810083714384	9.78878e-08
33.823173651242627	9.77889e-08
33.843537193214573	9.46861e-08
33.863900701786868	9.62607e-08
33.88426416850367	8.25214e-08
33.904627630249685	6.07488e-08
33.924991121397497	1.90426e-08
33.945354652701489	9.75379e-08
33.965718235514359	2.18055e-08
33.986081843508423	1.3094e-08
34.006445452401067	9.84415e-08
34.026809043929454	1.08209e-08
34.047172611331931	9.22649e-09
34.067536149540302	1.14125e-08
34.087899665707049	5.74177e-08
34.10826313855793	8.67324e-08
34.128626597975774	4.56779e-08
34.148990079543786	9.95907e-08
34.169353596538116	9.42749e-09
34.189717163630704	1.03886e-08
34.210080778737996	1.30503e-08
34.230444397737827	9.12159e-08
34.250807999429156	8.79043e-09
34.271171574687841	8.96281e-08
34.29153511645152	9.35636e-08
34.31189863138227	8.15377e-08
34.332262125094203	9.53409e-08
34.352625592125648	7.67836e-08
34.372989070406817	1.21631e-08
34.393352575710423	5.57343e-08
34.413716126078214	9.16256e-08
34.434079729690765	6.05084e-08
34.454443350227919	9.9069e-08
34.474806957928791	7.9729e-08
34.495170539215401	1.43373e-08
34.515534083500555	7.44582e-08
34.535897598551124	5.60648e-08
34.556261096180513	5.25287e-08
34.576624566461938	2.01244e-08
34.596988041795022	1.0683e-08
34.617351539110338	8.92588e-08
34.637715085658932	5.14095e-08
34.658078681241221	9.39327e-08
34.678442308605106	7.26945e-08
34.69880592771046	8.22033e-08
34.719169514695707	1.08786e-08
34.739533064183682	8.27511e-08
34.759896577899568	9.92535e-08
34.780260068573625	7.72062e-08
34.800623542514778	9.10506e-08
34.820987014581092	5.05349e-08
34.841350515775083	1.06378e-08
34.861714054611078	6.15065e-08
34.882077640448017	9.73713e-08
34.902441267104379	1.22078e-08
34.922804902211027	1.10853e-08
34.94316850432503	1.28733e-08
34.963532065900964	9.28181e-08
34.983895584634411	1.28546e-08
35.004259072060215	6.09343e-08
35.02462254540486	9.68001e-08
35.044986017078479	4.45422e-08
35.065349511987897	8.36261e-08
35.085713040643611	9.65113e-08
35.106076614982129	1.32455e-08
35.126440233414669	8.91401e-08
35.146803869453208	2.74652e-08
35.167167481325087	1.99083e-08
35.187531052949829	9.71866e-08
35.207894576650915	6.23246e-08
35.228258068502647	2.70408e-08
35.248621546065884	9.70472e-08
35.268985021138135	3.26878e-08
35.289348513815987	1.58843e-08
35.309712036308703	1.56209e-08
35.330075607047611	5.41043e-08
35.350439217894547	9.99887e-08
35.370802853456993	7.94164e-08
35.391166479728177	9.42613e-08
35.411530060186379	1.49613e-08
35.431893592280744	1.41926e-08
35.452257084131752	9.40692e-09
35.47262055304229	6.41059e-08
35.492984021819126	6.70527e-09
35.513347508534899	5.1e-08
35.53371103257733	8.8933e-08
35.55407459683267	7.67735e-08
35.574438204215589	8.56318e-08
35.594801839739958	3.71549e-08
35.615165472341694	9.03205e-08
35.635529066311634	7.90016e-08
35.655892609933865	9.75635e-08
35.676256105997041	1.41366e-08
35.696619570751963	7.85281e-09
35.716983040221614	1.28876e-08
35.737346526475989	9.67913e-08
35.757710046027732	9.74668e-08
35.778073604352002	8.37579e-08
35.798437206570007	9.6407e-09
35.81880084046086	5.20648e-08
35.839164489832989	9.72811e-08
35.859528107419642	5.63773e-08
35.879891665365115	6.97994e-09
35.900255169455832	7.31116e-08
35.920618630882949	9.29199e-09
35.940982086134355	5.58506e-08
35.961345571781791	8.37039e-09
35.981709084330461	9.90468e-08
36.002072634526399	1.01604e-08
36.022436231349886	1.43918e-08
36.042799863448479	9.10974e-08
36.063163504300277	6.04339e-09
36.083527134911925	5.06419e-09
36.103890707192313	9.88046e-08
36.124254221581594	9.35382e-08
36.144617692144003	1.0284e-08
36.164981140560805	9.59277e-08
36.185344609215498	1.01462e-08
36.20570811116314	6.11368e-08
36.226071649617353	1.02722e-08
36.246435239003283	5.16216e-08
36.266798865258181	1.32478e-08
36.287162509928223	8.22793e-08
36.307526152197248	1.0724e-08
36.327889747986866	7.57659e-09
36.348253282069756	9.48401e-08
36.368616761375705	1.1879e-08
36.388980206306293	9.72444e-08
36.409343660700138	7.33953e-09
36.429707147066502	9.89168e-08
36.450070684030443	9.94126e-08
36.470434266754282	9.13715e-08
36.490797891344471	1.04002e-08
36.511161540865992	6.48508e-09
36.531525181842007	9.67606e-09
36.551888798397322	5.70858e-08
36.572252354131649	9.72089e-08
36.592615845278075	5.76108e-08
36.612979300691073	9.77744e-08
36.633342745953762	7.1608e-08
36.653706211548062	9.57791e-08
36.674069735386873	6.32901e-08
36.694433311896418	1.22212e-08
36.714796931708364	6.38856e-08
36.735160582717171	1.09076e-08
36.75552423112093	1.03928e-08
36.775887858460599	7.24487e-09
36.796251427490006	6.4585e-09
36.8166149305654	8.88394e-08
36.836978386245477	1.24319e-08
36.85734181950388	9.57285e-08
36.877705279267722	9.44161e-08
36.89806878547396	6.88357e-08
36.918432345507107	4.71446e-09
36.938795959685564	5.82067e-08
36.959159605498314	1.97069e-08
36.979523261145246	7.18956e-08
36.999886902290946	1.53621e-08
37.020250493667774	6.23221e-08
37.040614015258235	1.17274e-08
37.060977479800421	1.72901e-08
37.081340908739513	6.44037e-09
37.101704353691936	1.02542e-08
37.122067838536019	7.04476e-09
37.142431394698129	6.00299e-09
37.162795003753445	8.98617e-08
37.183158652050295	1.12748e-08
37.203522317659854	9.82298e-08
37.223885960705992	4.85107e-09
37.244249565245298	6.51875e-08
37.264613110358312	9.89404e-08
37.284976584134675	5.18901e-08
37.305340021557363	1.71106e-08
37.325703451437533	6.26755e-08
37.346066908207156	1.08454e-08
37.366430436986001	3.87807e-08
37.386794034518587	8.86617e-09
37.407157677576095	7.5875e-08
37.427521347724095	1.07422e-08
37.447885003217067	4.58914e-09
37.468248624069652	9.7639e-08
37.488612182599766	9.93052e-08
37.508975672224445	8.99751e-08
37.529339112058913	9.23567e-09
37.549702530583744	9.49106e-08
37.570065982862587	7.32859e-09
37.590429489502668	9.98322e-08
37.610793075522921	8.2828e-09
37.631156715777415	6.9618e-08
37.651520393957995	6.32914e-09
37.671884067595357	5.48505e-08
37.692247698360276	1.28082e-08
37.712611275591613	8.3591e-08
37.732974788574467	1.73878e-08
37.75333823780614	9.99315e-09
37.773701650449041	4.43211e-09
37.79406508332508	9.07497e-09
37.814428561735717	7.27434e-09
37.834792121806323	5.84017e-09
37.855155752642602	9.25223e-08
37.8755194222977	1.22087e-08
37.895883104310194	5.68679e-09
37.916246752470073	8.87966e-09
37.936610350320557	6.20336e-08
37.956973883091102	6.94428e-09
37.977337346994616	3.79881e-08
37.99770077295517	9.7262e-08
38.018064192920335	8.23797e-08
38.038427644010547	9.80835e-09
38.058791174351285	7.16705e-08
38.079154787874671	2.58904e-08
38.099518453396939	9.19414e-08
38.119882143939066	1.40788e-08
38.140245809304602	2.25565e-08
38.160609428410574	1.19183e-08
38.180972973914336	4.68348e-09
38.201336454673687	9.3579e-08
38.221699883051336	1.16519e-08
38.242063289404307	5.67616e-09
38.262426733590786	8.70276e-09
38.282790237013465	9.84583e-08
38.303153826396304	8.03192e-09
38.323517486824095	5.85897e-08
38.343881186093626	9.38788e-08
38.36424487333597	4.38422e-08
38.38460850633993	1.27691e-08
38.404972074930832	7.20272e-08
38.425335572599344	1.70183e-08
38.445699012472097	6.25462e-09
38.466062413919701	5.93315e-09
38.486425838036261	8.16512e-09
38.506789311466626	6.68926e-09
38.527152872607985	5.68521e-09
38.547516515274758	6.62572e-08
38.567880216151998	7.55401e-09
38.58824391882041	3.85135e-08
38.608607574849806	6.64883e-09
38.628971168172299	6.47942e-08
38.649334685653564	9.33486e-09
38.669698137187552	4.84406e-09
38.690061538461677	9.77314e-08
38.710424945088178	4.62115e-08
38.73078840926852	9.86786e-09
38.751151944648186	6.6765e-08
38.77151556338918	1.35726e-08
38.791879248503875	5.00325e-09
38.812242955058323	9.81949e-08
38.832606627933359	8.11512e-09
38.852970244933687	5.47158e-09
38.873333779498601	5.70122e-09
38.893697243112555	6.39717e-08
38.914060650638397	9.11508e-09
38.934424045550308	3.71615e-08
38.954787485416233	9.82753e-08
38.975150990315939	9.62652e-08
38.995514580159778	5.20668e-09
39.015878251342912	1.53141e-08
39.036241968124166	4.56896e-09
39.05660566493308	3.66152e-08
39.076969297762268	9.51719e-09
39.09733285748483	7.30113e-08
39.117696339893982	9.87758e-09
39.138059769897254	5.34444e-09
39.158423168275519	9.71062e-08
39.178786593294895	7.36636e-09
39.199150071306121	5.20596e-09
39.219513639615137	5.59418e-09
39.239877290134309	6.41953e-08
39.260241007262657	8.7073e-09
39.280604720499305	3.69841e-08
39.300968377535071	9.88506e-08
39.321331962909277	9.73191e-08
39.34169546503513	5.04608e-09
39.362058899498166	1.54874e-08
39.382422295032171	4.35666e-09
39.402785699674283	9.20012e-09
39.423149144502062	5.29977e-09
39.443512677864739	5.63168e-09
39.463876298338178	6.47752e-08
39.484239998019646	8.62069e-09
39.504603722191803	3.73632e-08
39.524967403267901	8.1621e-09
39.545331019390375	7.94164e-09
39.565694546320877	5.725e-09
39.586057998308355	6.5605e-08
39.606421398078297	8.67527e-09
39.62678479495117	3.99941e-08
39.647148240119847	9.87831e-08
39.667511752455489	9.68451e-08
39.687875350300459	5.17273e-09
39.708239026923472	1.51658e-08
39.728602753043887	4.59504e-09
39.748966452469645	9.04191e-09
39.769330096373778	5.27833e-09
39.789693648428269	5.57103e-09
39.810057116799662	6.45517e-08
39.830420518232081	8.97143e-09
39.850783907296531	3.78883e-08
39.87114732915753	7.82191e-09
39.89151080872518	6.29727e-08
39.911874371598927	8.78468e-09
39.932238024797002	5.22641e-09
39.952601742349358	9.91555e-08
39.972965460072196	5.08452e-08
39.993329115595046	1.18283e-08
40.013692694523591	7.14139e-08
