0.012	5
0.0264	4
0.04368	5
0.0642855	4
0.0881494	4
0.115209	4
0.145412	4
0.176419	4
0.206965	4
0.237206	4
0.267275	4
0.297172	4
0.326767	4
0.356065	4
0.385065	4
0.413802	4
0.442322	5
0.470609	3
0.498713	3
0.526637	3
0.554397	3
0.582024	3
0.609503	3
0.636859	3
0.664022	3
0.691016	3
0.71784	3
0.74451	3
0.771029	3
0.797406	3
0.823649	3
0.849761	3
0.875753	3
0.901624	3
0.927388	3
0.95304	3
0.978595	3
1.00405	3
1.02941	3
1.05468	3
1.07985	3
1.10493	3
1.12991	3
1.1548	3
1.17961	3
1.20432	3
1.22896	3
1.25352	3
1.27799	3
1.3024	3
1.32673	3
1.35098	3
1.37517	2
1.3993	3
1.42335	3
1.44735	3
1.47128	3
1.49515	3
1.51897	3
1.54273	3
1.56643	3
1.59007	3
1.61366	3
1.63718	3
1.66065	3
1.68407	3
1.70743	3
1.73074	3
1.754	3
1.7772	2
1.80036	2
1.82347	2
1.84653	2
1.86954	2
1.89251	2
1.91543	2
1.93832	2
1.96115	2
1.98395	2
2.006708	2
2.029425	2
2.052103	2
2.074742	2
2.097341	2
2.119901	2
2.142422	2
2.164905	2
2.187351	2
2.209761	2
2.232135	2
2.254474	2
2.276778	2
2.299048	2
2.321285	2
2.34349	2
2.365662	2
2.387802	2
2.409911	2
2.431987	2
2.454033	2
2.476048	2
2.498033	2
2.519988	2
2.541915	2
2.563812	2
2.585681	2
2.607523	2
2.629337	2
2.651124	2
2.672885	2
2.69462	2
2.716329	1
2.738012	1
2.759671	1
2.781305	1
2.802915	1
2.824501	1
2.846063	1
2.867602	1
2.889118	2
2.910612	2
2.932084	2
2.953533	2
2.974961	2
2.996368	1
3.017753	1
3.039118	1
3.060463	1
3.081787	1
3.103092	2
3.124376	1
3.145642	1
3.166888	1
3.188116	0
3.209325	0
3.230516	0
3.251689	1
3.272844	1
3.293982	1
3.315102	1
3.336206	1
3.357293	1
3.378364	2
3.399419	2
3.420458	2
3.441481	2
3.46249	2
3.483483	1
3.504463	1
3.525427	1
3.546378	1
3.567315	1
3.588238	1
3.609148	1
3.630044	1
3.650927	1
3.671797	1
3.692654	1
3.713499	0
3.734332	0
3.755152	0
3.77596	0
3.796755	0
3.817539	0
3.838311	1
3.859071	1
3.879818	1
3.900554	1
3.921278	1
3.94199	1
3.96269	1
3.983378	1
4.0040539	1
4.0247181	0
4.0453707	0
4.0660121	1
4.0866425	1
4.1072621	1
4.1278713	0
4.1484705	0
4.1690599	1
4.1896399	0
4.2102109	0
4.2307729	0
4.2513263	0
4.2718713	0
4.2924084	0
4.3129377	0
4.3334596	0
4.3539744	0
4.3744824	0
4.3949838	0
4.4154788	0
4.4359678	0
4.456451	0
4.4769286	0
4.4974008	0
4.5178679	0
4.5383301	0
4.5587876	0
4.5792406	0
4.5996894	0
4.6201341	0
4.640575	0
4.6610122	0
4.6814459	0
4.7018763	0
4.7223035	0
4.7427278	0
4.7631493	0
4.783568	0
4.8039842	0
4.8243979	0
4.8448093	0
4.8652185	0
4.8856256	0
4.9060306	0
4.9264337	0
4.946835	0
4.9672345	0
4.9876323	0
5.0080286	0
5.0284233	0
5.0488167	0
5.0692087	0
5.0895993	0
5.1099888	0
5.1303771	0
5.1507643	0
5.1711504	0
5.1915355	0
5.2119197	0
5.2323029	0
5.2526853	0
5.2730668	0
5.2934476	0
5.3138275	0
5.3342068	0
5.3545854	0
5.3749633	0
5.3953406	0
5.4157173	0
5.4360934	0
5.456469	0
5.4768441	0
5.4972187	0
5.5175928	0
5.5379665	0
5.5583397	0
5.5787126	0
5.599085	0
5.6194571	0
5.6398288	0
5.6602002	0
5.6805713	0
5.700942	0
5.7213125	0
5.7416826	0
5.7620525	0
5.7824221	0
5.8027915	0
5.8231607	0
5.8435296	0
5.8638983	0
5.8842667	0
5.904635	0
5.9250031	0
5.945371	0
5.9657387	0
5.9861063	0
6.00647367	0
6.02684089	0
6.04720797	0
6.0675749	0
6.08794169	0
6.10830834	0
6.12867487	0
6.14904127	0
6.16940756	0
6.18977373	0
6.21013979	0
6.23050575	0
6.25087161	0
6.27123737	0
6.29160303	0
6.31196861	0
6.33233411	0
6.35269952	0
6.37306485	0
6.3934301	0
6.41379529	0
6.4341604	0
6.45452545	0
6.47489043	0
6.49525535	0
6.51562022	0
6.53598502	0
6.55634978	0
6.57671448	0
6.59707913	0
6.61744374	0
6.63780831	0
6.65817283	0
6.67853732	0
6.69890177	0
6.71926618	0
6.73963056	0
6.75999491	0
6.78035922	0
6.8007235	0
6.82108775	0
6.84145197	0
6.86181617	0
6.88218034	0
6.90254448	0
6.9229086	0
6.94327269	0
6.96363677	0
6.98400082	0
7.00436485	0
7.02472885	0
7.04509285	0
7.06545682	0
7.08582077	0
7.10618471	0
7.12654863	0
7.14691254	0
7.16727643	0
7.18764031	0
7.20800417	0
7.22836802	0
7.24873186	0
7.26909569	0
7.2894595	0
7.30982331	0
7.33018711	0
7.35055089	0
7.37091466	0
7.39127843	0
7.41164219	0
7.43200593	0
7.45236967	0
7.4727334	0
7.49309713	0
7.51346084	0
7.53382455	0
7.55418826	0
7.57455196	0
7.59491565	0
7.61527934	0
7.63564302	0
7.6560067	0
7.67637037	0
7.69673403	0
7.71709769	0
7.73746135	0
7.757825	0
7.77818864	0
7.79855229	0
7.81891593	0
7.83927957	0
7.8596432	0
7.88000684	0
7.90037046	0
7.92073409	0
7.94109771	0
7.96146133	0
7.98182494	0
8.002188551	0
8.02255216	0
8.042915766	0
8.06327937	0
8.083642972	0
8.104006571	0
8.124370169	0
8.144733765	0
8.16509736	0
8.185460954	0
8.205824548	0
8.22618814	0
8.246551731	0
8.266915321	0
8.287278908	0
8.307642492	0
8.328006072	0
8.348369649	0
8.368733224	0
8.389096797	0
8.40946037	0
8.429823944	0
8.450187521	0
8.470551101	0
8.490914683	0
8.511278265	0
8.531641845	0
8.55200542	0
8.57236899	0
8.592732554	0
8.613096113	0
8.633459668	0
8.653823225	0
8.674186786	0
8.694550353	0
8.71491393	0
8.735277513	0
8.755641099	0
8.776004682	0
8.796368257	0
8.81673182	0
8.837095369	0
8.857458906	0
8.877822438	0
8.898185973	0
8.918549517	0
8.938913079	0
8.95927666	0
8.97964026	0
9.000003871	1
9.020367481	0
9.040731076	1
9.061094641	1
9.081458172	1
9.101821671	0
9.122185152	0
9.142548634	0
9.162912138	1
9.18327568	0
9.203639268	1
9.224002903	1
9.24436657	1
9.264730246	0
9.285093899	1
9.305457494	0
9.325821017	1
9.346184486	0
9.36654792	1
9.386911349	1
9.407274824	0
9.42763836	1
9.448001951	0
9.468365589	0
9.488729255	1
9.509092905	0
9.529456522	1
9.549820088	1
9.570183592	0
9.590547057	0
9.610910505	0
9.631273966	1
9.65163748	0
9.672001057	1
9.692364678	0
9.712728325	1
9.733091976	1
9.753455593	0
9.773819162	0
9.794182684	0
9.814546158	0
9.834909615	0
9.855273074	0
9.875636563	1
9.896000112	0
9.916363724	1
9.936727369	1
9.957091022	1
9.977454658	1
9.9978182462	0
10.018181781	0
10.038545276	0
10.05890874	0
10.079272183	0
10.099635651	0
10.119999168	0
10.140362738	1
10.160726361	1
10.181090022	1
10.201453664	0
10.221817265	0
10.24218082	0
10.262544327	1
10.282907811	1
10.303271285	0
10.323634756	0
10.343998258	1
10.364361803	1
10.384725393	0
10.40508902	0
10.425452668	1
10.445816282	0
10.466179847	1
10.486543366	1
10.506906848	0
10.527270312	1
10.547633798	0
10.567997312	0
10.588360855	0
10.608724435	0
10.629088049	1
10.649451675	0
10.669815299	1
10.690178877	1
10.710542403	0
10.730905881	1
10.751269345	0
10.771632829	1
10.791996345	0
10.81235989	1
10.832723468	1
10.853087073	0
10.873450685	0
10.893814294	0
10.914177883	0
10.93454142	0
10.954904909	0
10.975268378	0
10.995631848	0
11.015995343	1
11.036358894	1
11.056722479	0
11.077086092	1
11.097449711	1
11.117813316	0
11.138176899	0
11.15854045	0
11.178903941	0
11.199267399	0
11.219630861	0
11.239994345	0
11.260357876	0
11.280721466	0
11.301085084	0
11.321448707	0
11.34181232	0
11.362175907	1
11.382539455	0
11.402902966	1
11.423266432	1
11.443629877	1
11.463993347	0
11.484356861	0
11.504720438	0
11.525084064	0
11.545447707	0
11.565811333	0
11.586174929	0
11.606538478	0
11.626901984	0
11.647265457	0
11.667628898	0
11.687992337	0
11.708355824	0
11.728719379	0
11.749082996	0
11.769446651	0
11.789810294	0
11.810173907	0
11.830537468	0
11.850900978	0
11.871264447	0
11.891627892	0
11.911991341	0
11.932354817	0
11.952718344	0
11.973081939	0
11.99344559434	0
12.01380925529	1
12.03417289179	0
12.05453648076	1
12.07490000782	0
12.09526348889	1
12.11562694407	1
12.13599037609	0
12.15635383144	0
12.17671733008	0
12.19708089675	0
12.21744452651	0
12.23780820658	0
12.25817186695	0
12.27853547415	0
12.29889902237	0
12.31926251112	0
12.33962596611	0
12.35998940793	0
12.38035284084	0
12.40071631628	0
12.42107985784	0
12.44144346227	0
12.46180712183	0
12.48217079302	0
12.50253443125	0
12.52289800715	0
12.54326151994	0
12.56362497754	0
12.58398841843	0
12.60435187275	1
12.62471534467	0
12.64507885982	1
12.665442439	1
12.68580607513	0
12.7061697389	0
12.72653339076	0
12.74689698692	0
12.76726052176	0
12.78762399747	0
12.80798744572	0
12.82835090632	1
12.84871437559	0
12.86907787691	1
12.88944143612	1
12.90980505083	0
12.93016869997	1
12.95053235982	0
12.97089597196	0
12.9912595269	0
13.01162302148	0
13.03198648033	0
13.05234994077	0
13.07271341256	0
13.09307690579	0
13.11344044901	0
13.13380404338	0
13.15416767578	1
13.17453132941	1
13.19489495271	0
13.21525852353	0
13.23562203445	0
13.25598550384	0
13.27634896623	1
13.29671244231	0
13.31707593321	1
13.33743946613	1
13.35780304472	1
13.37816666195	0
13.39853029428	0
13.41889392135	0
13.43925750265	0
13.45962102575	0
13.47998450311	0
13.5003479667	1
13.52071143701	0
13.54107493074	1
13.56143845968	1
13.58180202889	0
13.60216563541	0
13.62252925954	1
13.64289288686	0
13.6632564835	1
13.68362002358	1
13.70398351206	0
13.72434697794	1
13.74471044149	0
13.76507393006	0
13.7854374548	0
13.80580101807	0
13.82616461551	0
13.8465282397	0
13.86689186547	0
13.88725547992	0
13.90761903678	0
13.92798253824	0
13.94834600806	1
13.96870946542	0
13.98907293789	0
14.0094364577312	0
14.0298000130973	0
14.0501636013946	0
14.0705272175708	0
14.0908908398268	1
14.1112544558006	0
14.131618032832	0
14.1519815536864	0
14.1723450349716	0
14.1927085077246	0
14.2130719896849	0
14.2334355040105	0
14.2537990549689	0
14.2741626356452	0
14.2945262384683	1
14.31488985414	0
14.3352534688751	1
14.3556170600466	0
14.3759805997988	1
14.3963440939232	1
14.4167075575528	0
14.4370710296378	1
14.4574345273653	0
14.4777980714691	0
14.4981616426774	0
14.5185252369021	0
14.5388888459439	0
14.5592524577909	1
14.5796160513772	0
14.5999796099103	1
14.6203431219358	0
14.6407065980394	1
14.661070072973	1
14.6814335632932	0
14.7017970968586	0
14.7221606625634	0
14.7425242495702	0
14.7628878511626	0
14.7832514573138	0
14.8036150489136	0
14.8239786175551	0
14.8443421450529	0
14.864705633971	0
14.8850691134089	1
14.9054325990543	1
14.9257961207536	0
14.946159684211	0
14.9665232657805	0
14.9868868609564	0
15.0072504552867	1
15.0276140424889	1
15.0479776114859	1
15.0683411540567	0
15.0887046650757	0
15.1090681553673	0
15.1294316430273	0
15.1497951588092	0
15.1701587138572	0
15.1905222925003	0
15.2108858824712	0
15.2312494716142	1
15.2516130543978	0
15.2719766214649	1
15.2923401732238	1
15.3127036979845	0
15.3330672000747	0
15.3534306944438	1
15.3737942095462	0
15.3941577577945	1
15.4145213355139	1
15.4348849216765	0
15.45524850525	1
15.4756120814072	0
15.495975642631	0
15.5163391908779	0
15.5367027230994	0
15.5570662339046	0
15.5774297450285	1
15.5977932655151	0
15.6181568125271	0
15.6385203870374	0
15.6588839749237	0
15.6792475573766	0
15.6996111267042	1
15.7199746823757	1
15.7403382259043	1
15.7607017621585	0
15.7810652801503	0
15.8014287964864	1
15.821792319031	0
15.8421558642616	0
15.8625194337963	0
15.882883019138	0
15.9032465996451	0
15.9236101656193	1
15.9439737165965	0
15.9643372553651	0
15.9847007880873	0
16.005064314530316	0
16.025427839609687	0
16.04579137674909	1
16.066154928540364	0
16.086518499374051	1
16.10688208618156	0
16.127245666527617	1
16.147609230362654	1
16.167972775362568	1
16.188336305943039	1
16.208699829769682	0
16.229063362225954	0
16.249426892833952	0
16.26979043628527	1
16.290153994274586	1
16.310517569997717	1
16.330881159280445	0
16.351244750972302	1
16.371608318197907	0
16.39197185989423	1
16.412335382109532	0
16.432698893389571	1
16.453062413546668	0
16.473425948927133	1
16.493789494909741	0
16.514153057483711	1
16.534516639141877	0
16.554880230238282	1
16.575243823183683	1
16.595607394502302	1
16.615970935547551	0
16.636334451774388	0
16.656697958581017	1
16.677061467975005	1
16.697425000215073	0
16.717788545713017	0
16.738152114435053	1
16.7585157023994	0
16.778879305258897	1
16.799242907282778	0
16.819606488282375	0
16.839970036551211	0
16.860333552418282	0
16.880697050888323	0
16.901060555309918	0
16.921424077232807	0
16.941787618659045	0
16.962151186926544	1
16.982514777911007	0
17.002878382193554	1
17.023241989741933	0
17.04360558048392	1
17.063969136288385	0
17.084332654687227	1
17.104696146418927	1
17.125059636619341	1
17.14542313992623	0
17.165786670837196	0
17.186150233136328	0
17.206513824231038	0
17.226877433842162	0
17.247241051135862	0
17.267604653008632	0
17.287968219559257	0
17.308331745606385	0
17.328695236693456	0
17.349058718163192	1
17.369422207417781	1
17.389785734480775	0
17.410149294179377	0
17.430512887223482	1
17.450876503864535	0
17.471240124672097	1
17.49160373716294	0
17.511967326855	1
17.532330865303908	0
17.552694362811767	1
17.573057836411969	0
17.593421307358419	1
17.613784812519363	0
17.634148365895022	1
17.65451195338137	1
17.674875570982135	1
17.695239199312432	1
17.715602823160292	0
17.735966415826166	0
17.756329966833551	0
17.776693468844488	1
17.797056936834789	0
17.817420405019448	1
17.837783892424273	0
17.858147429748726	0
17.878511009679787	0
17.898874626701371	0
17.919238263361208	0
17.939601891934981	1
17.959965498946893	0
17.980329070417046	1
18.000692586686572	1
18.021056058558223	0
18.041419518504881	0
18.061783002703194	0
18.082146524728248	0
18.102510096680152	0
18.122873709516856	1
18.143237348939454	1
18.163600986634325	1
18.183964606603347	0
18.204328182843785	0
18.224691711820988	0
18.245055187587646	0
18.265418638606299	0
18.285782104381052	1
18.306145602653789	0
18.326509152774403	1
18.346872758864571	1
18.367236400991022	0
18.38760005104929	0
18.407963677795411	1
18.428327269705346	0
18.448690815872759	1
18.469054308111442	1
18.489417761853009	0
18.509781217426724	1
18.530144696567966	1
18.550508234382271	1
18.570871830881437	0
18.591235471593642	1
18.611599130648568	0
18.631962773106508	0
18.65232638325195	0
18.672689945657726	1
18.693053451693164	0
18.713416916117637	1
18.733780362846996	0
18.754143820792596	1
18.774507333772565	1
18.79487090765868	1
18.815234536183535	1
18.835598194881722	0
18.855961847689553	1
18.876325475301879	1
18.896689048415144	1
18.917052568656807	0
18.937416033383958	1
18.957779471345752	0
18.978142926667076	1
18.998506419082386	0
19.018869969709424	1
19.039233588982782	1
19.059597249947831	0
19.079960915854745	0
19.100324550297486	1
19.12068814081254	0
19.141051676253102	1
19.161415159825257	1
19.181778602308832	0
19.202142048347902	1
19.222505521441327	1
19.242869059343374	1
19.263232662128292	0
19.283596321755777	1
19.303959998235012	0
19.324323650957361	0
19.344687262713553	0
19.365050816989946	1
19.385414310316893	1
19.405777756082614	0
19.426141190358308	0
19.446504657601846	0
19.466868173575662	0
19.487231753884561	1
19.507595396759108	1
19.527959073033518	0
19.548322737534924	1
19.568686368770202	0
19.589049935808166	1
19.609413441892517	0
19.629776895323829	1
19.650140324085889	0
19.670503774254556	1
19.690867266152907	0
19.711230821323472	1
19.73159444925788	1
19.751958129550523	0
19.772321811423804	0
19.792685453987765	1
19.813049044105917	0
19.833412570544095	1
19.853776041146514	1
19.874139476399382	0
19.894502917532012	1
19.914866389010324	0
19.935229917975168	1
19.955593524848609	0
19.975957187774572	1
19.996320874733271	0
20.016684550120743	1
20.037048167043981	0
20.057411710621192	1
20.077775192388618	0
20.098138628917507	1
20.118502059399074	1
20.138865508986495	1
20.159229023465087	1
20.179592607100602	0
20.199956255604565	1
20.220319945486132	1
20.240683620766543	1
20.261047257663286	0
20.281410832167804	1
20.301774331879244	0
20.322137783429373	0
20.342501213903304	0
20.362864648280748	1
20.383228138828642	0
20.403591704894403	0
20.423955336667486	0
20.444319020110335	1
20.464682706780074	1
20.4850463639211	1
20.505409951332151	1
20.525773468251913	1
20.546136926719758	1
20.566500353084983	0
20.58686379300913	1
20.60722726687111	0
20.627590801128761	1
20.64795441391718	0
20.668318080979176	0
20.688681773855972	0
20.709045453473365	1
20.729409068646017	1
20.749772611419541	0
20.770136084134176	1
20.790499510875151	0
20.810862941363315	1
20.831226395769434	0
20.851589903591321	1
20.871953493155498	0
20.892317147946429	1
20.91268084099665	1
20.933044522143433	1
20.953408158996417	0
20.973771726877139	1
20.994135216182315	1
21.014498647231765	0
21.034862066938341	0
21.055225523493107	1
21.075589028270947	0
21.09595260010617	1
21.11631624217042	1
21.13667993192826	0
21.157043622219458	1
21.177407283408883	0
21.197770879675883	1
21.218134389519353	0
21.238497836775693	1
21.258861251796009	1
21.279224689518124	1
21.299588170345064	0
21.319951714716868	1
21.340315336185814	1
21.360679016026531	0
21.381042711383849	0
21.401406374446395	1
21.421769982472028	0
21.442133515127527	1
21.462496976693785	1
21.482860393048234	0
21.503223817820857	1
21.523587279345897	0
21.543950801098713	1
21.564314404308888	0
21.584678068102271	1
21.60504176411683	0
21.625405459474745	1
21.645769099746477	1
21.666132665713675	1
21.686496148420083	1
21.706859570535677	0
21.727222982663253	1
21.747586416941004	0
21.767949909192897	1
21.788313486009717	0
21.808677133241211	0
21.82904082416303	1
21.84940450995434	1
21.869768163850789	0
21.890131757987671	1
21.910495265390686	0
21.930858711015972	1
21.951222125836654	0
21.971585546894623	1
21.991949032552363	1
22.012312594521671	1
22.032676231675797	1
22.053039921498861	0
22.073403617439212	1
22.093767290316517	0
22.11413090833793	1
22.134494442141261	0
22.154857900803545	0
22.175221313392186	0
22.195584715794094	1
22.215948170867208	1
22.236311697438328	1
22.256675313076805	1
22.277038993220245	0
22.297402693861933	1
22.317766383220821	0
22.338130025571573	1
22.358493582187311	0
22.378857061052425	0
22.399220481773654	1
22.419583895858359	1
22.439947335198902	0
22.460310834521337	1
22.480674424477382	0
22.501038087444623	1
22.521401788752353	0
22.541765492376552	1
22.562129139950628	1
22.582492716432704	1
22.602856210030499	1
22.623219640807665	1
22.643583051397837	1
22.663946473054299	0
22.684309943929183	1
22.704673505427493	0
22.725037149903759	0
22.745400850564987	1
22.765764552275609	1
22.786128222006329	0
22.806491828034719	1
22.826855346473121	0
22.847218799590618	1
22.867582217501894	0
22.887945634097271	1
22.908309106293434	1
22.92867264901551	1
22.949036275302998	1
22.969399965008808	0
22.989763671657332	1
23.010127361297862	0
23.030490993522683	1
23.050854533067184	0
23.071217994148828	0
23.091581405819909	0
23.111944803823064	1
23.132308252160367	1
23.152671765690044	1
23.173035367031051	1
23.193399040358599	1
23.213762745133188	1
23.234126447919824	0
23.25449010954231	1
23.274853677613862	0
23.295217156919623	0
23.315580573516542	1
23.335943981323261	1
23.356307414132171	0
23.37667090907922	1
23.397034492955648	0
23.417398150314526	1
23.437761852332706	0
23.458125564408579	1
23.478489225051852	1
23.498852815992024	1
23.519216312847252	1
23.539579735056286	1
23.559943132218134	1
23.580306540359711	0
23.600670001421321	1
23.62103356212419	0
23.641397207797173	0
23.661760910283551	0
23.682124636277155	1
23.702488321250797	1
23.722851940926763	1
23.743215467303472	1
23.76357890781405	1
23.783942303927983	1
23.804305693568754	1
23.824669145037038	1
23.845032677024168	1
23.86539630690309	1
23.885760004833365	0
23.906123740626054	1
23.926487447230215	0
23.946851076301261	1
23.967214620869765	0
23.987578078687442	1
24.007941474296214	0
24.028304869266204	1
24.048668298354464	0
24.069031799320179	1
24.089395403838481	1
24.109759093951048	1
24.130122817491152	1
24.150486536959775	0
24.170850209303936	1
24.191213782934252	0
24.211577260378977	1
24.231940667272966	0
24.252304030937584	1
24.27266742773709	1
24.29303088959303	1
24.313394460327938	0
24.333758126194521	1
24.354121850063009	0
24.374485586972728	1
24.394849266520666	1
24.415212866213007	1
24.435576364518589	1
24.455939782519607	0
24.476303145141401	1
24.496666523707098	0
24.517029980765866	1
24.537393530153125	0
24.557757183072273	1
24.578120913468052	0
24.598484651143629	1
24.618848355032487	0
24.639211984905074	1
24.659575505640507	1
24.679938933285644	1
24.700302313586253	1
24.720665679601389	1
24.741029108276663	1
24.761392622853592	1
24.781756249522203	1
24.802119966137091	0
24.822483739195025	1
24.842847480441502	0
24.863211130155808	1
24.883574677830214	0
24.903938118685954	1
24.924301489587016	0
24.944664857588347	1
24.965028257237616	0
24.985391733923858	1
25.005755331007084	1
25.026119032656361	1
25.046482791358319	0
25.066846529128842	1
25.087210206546306	0
25.107573787465157	1
25.127937252401914	1
25.148300628919007	0
25.168663956002622	1
25.189027313091845	0
25.209390767273558	1
25.229754330779979	1
25.250118010659651	1
25.270481772583135	0
25.290845570645399	1
25.311209307111348	1
25.331572949001824	1
25.35193645723302	0
25.372299860795703	1
25.392663204515063	0
25.413026535971451	1
25.433389941821957	1
25.453753449337011	1
25.474117088525951	1
25.494480833022898	0
25.514844645433637	1
25.535208425378862	0
25.555572098340242	1
25.575935651126475	0
25.596299076349741	1
25.616662413782411	0
25.637025744395114	1
25.657389107638647	0
25.677752556723014	1
25.698116145452584	1
25.718479857862278	0
25.738843666344923	1
25.759207478527276	0
25.779571202936921	1
25.799934813981277	1
25.820298285132495	1
25.840661646552995	0
25.861024940033911	1
25.881388256413263	0
25.901751672720469	0
25.92211520757122	1
25.942478876291563	1
25.962842649415744	0
25.983206446696908	0
26.003570207336136	0
26.023933877493128	1
26.044297405037394	1
26.064660806841896	0
26.085024112324486	1
26.105387408624846	0
26.125750778628653	1
26.146114253525365	1
26.166477873326201	1
26.186841613372415	0
26.207205438158997	1
26.227569247303006	1
26.247932986897357	1
26.268296585461627	0
26.288660043674508	0
26.309023399778891	0
26.329386700808669	1
26.349750033870851	1
26.370113443801682	1
26.390476994578464	1
26.41084067647148	0
26.431204469883731	1
26.451568291574503	0
26.471932043805786	1
26.492295694091176	1
26.512659203631063	1
26.533022595620114	0
26.553385904383227	1
26.573749213967687	1
26.594112569758529	1
26.614476053178155	0
26.634839677702924	0
26.655203412734359	0
26.675567220104927	1
26.695931000218383	1
26.716294706606046	1
26.736658280016631	0
26.757021728910257	0
26.777385072563092	0
26.797748386361878	0
26.818111744614686	1
26.838475183490907	1
26.858838739847492	1
26.879202426747749	1
26.899566208214292	0
26.919930002722523	1
26.940293752598766	0
26.960657385135985	0
26.981020895167685	0
27.001384287142127	0
27.021747617257077	0
27.04211096220418	1
27.06247435828827	0
27.082837851078175	1
27.10320147657767	1
27.123565210290774	1
27.143928992399459	0
27.164292735452808	1
27.184656402444293	0
27.205019961888436	1
27.225383406562791	1
27.245746770410019	0
27.266110123283976	1
27.286473498208132	0
27.306836968559203	0
27.327200544708514	0
27.347564231651692	0
27.367927990529147	0
27.38829174498094	1
27.408655447189744	0
27.429019058382128	1
27.449382552002394	1
27.469745952134183	1
27.490109314386856	1
27.510472677147	0
27.530836085484637	0
27.551199603956618	0
27.571563236453809	0
27.591926953986086	0
27.612290699546254	1
27.632654421144462	0
27.653018073273753	1
27.67338161540232	1
27.693745060200381	0
27.714108447554931	0
27.734471840596786	1
27.754835264038594	0
27.775198755595191	1
27.795562348963127	1
27.815926028744183	0
27.83628975410431	1
27.856653481061898	0
27.877017158745478	1
27.897380737335737	0
27.917744219770221	1
27.938107633615708	1
27.958471013704628	0
27.978834420132504	0
27.999197878429207	0
28.019561430360074	0
28.039925068820654	0
28.060288767770952	1
28.080652492707582	0
28.101016190553946	1
28.121379803878	0
28.141743323350173	1
28.162106769211185	1
28.182470167988441	1
28.202833580034152	1
28.22319702465478	0
28.243560548692106	0
28.263924152526943	0
28.284287823138722	1
28.304651531360612	0
28.325015236491904	1
28.345378872169842	0
28.365742419934922	1
28.386105892711281	1
28.406469310055357	0
28.426832725349826	0
28.447196163690268	0
28.467559667076646	0
28.487923241463257	0
28.508286884228458	0
28.52865057136481	0
28.549014255414662	1
28.569377901311537	1
28.589741472758817	0
28.610104973442933	0
28.630468414975208	0
28.650831841443363	1
28.671195283069771	0
28.691558775316711	1
28.711922336875094	1
28.732285958221283	0
28.752649626491959	1
28.773013301906989	0
28.793376956075367	1
28.813740544348455	1
28.834104066309635	0
28.854467528001887	0
28.874830965600147	0
28.89519442357825	0
28.915557917384977	0
28.935921461593946	0
28.956285066803535	0
28.976648718541544	1
28.997012383669599	0
29.017376038550044	0
29.037739639119238	0
29.058103178594443	0
29.078466658507747	0
29.098830107921408	0
29.119193567962011	0
29.139557059330077	0
29.159920594161147	0
29.180284185977783	0
29.20064782351831	0
29.221011478393862	1
29.24137512884765	1
29.261738737321714	0
29.282102290075006	0
29.302465785014309	0
29.322829245157468	0
29.343192708440025	1
29.363556195247764	0
29.383919724283253	1
29.404283307946592	1
29.424646937097258	1
29.445010586913412	0
29.465374224328926	0
29.485737833779044	0
29.506101395538654	0
29.526464905293693	0
29.546828377876057	0
29.567191847266141	1
29.587555333550434	0
29.607918867257876	1
29.628282447367621	0
29.648646072700814	1
29.66900972085234	1
29.689373359816113	0
29.709736973667368	0
29.73010054461821	0
29.750464063320806	0
29.770827542514006	0
29.791191012942136	1
29.811554494649901	1
29.831918019413379	0
29.852281590609927	0
29.87264520875712	0
29.89300885430772	0
29.913372495213348	0
29.933736114591522	0
29.954099693238337	1
29.974463220840743	1
29.994826707695101	1
30.015190181571576	1
30.035553661185784	0
30.055917179699463	0
30.076280743646912	0
30.096644354761622	0
30.117007997950033	0
30.137371641594168	0
30.157735267420321	0
30.178098855891079	0
30.198462392699231	0
30.218825890426725	0
30.239189364361248	0
30.25955283640474	1
30.279916343344524	1
30.300279901474731	1
30.320643505871359	0
30.341007144795867	0
30.361370787860917	1
30.38173441640977	1
30.402098002055496	0
30.422461542382091	0
30.442825038809239	0
30.463188507629678	0
30.483551982196627	0
30.503915479960785	1
30.524279019671781	1
30.544642614129003	1
30.565006251276188	0
30.585369897179056	1
30.605733532385997	0
30.626097126908075	0
30.646460676326459	0
30.666824183007936	0
30.68718765791288	0
30.70755112813757	1
30.727914612778346	0
30.74827813405777	1
30.768641712684627	1
30.789005337506143	1
30.809368982382612	0
30.829732621913394	0
30.85009622315296	0
30.870459774979732	0
30.89082328426715	0
30.911186762143487	0
30.931550227926319	0
30.951913700647534	0
30.972277216292159	0
30.99264078078324	0
31.013004398024645	0
31.033368049325158	0
31.053731686881758	1
31.074095294915224	1
31.094458854078141	0
31.114822368233284	0
31.135185846461376	0
31.155549313645068	0
31.175912791862725	1
31.196276296315418	0
31.216639844086959	1
31.237003445110048	1
31.257367086949198	1
31.277730729327711	1
31.298094345589757	0
31.31845791233382	0
31.338821430963677	0
31.359184908245393	0
31.379548373595291	0
31.399911846107827	1
31.42027533663024	0
31.440638864969024	1
31.461002448072534	1
31.481366076926601	0
31.501729727028618	1
31.522093357567218	1
31.54245693915508	1
31.562820469756151	0
31.583183953157157	0
31.603547416865229	0
31.623910892771228	1
31.644274376916581	1
31.664637901141017	0
31.685001468901451	0
31.705365082454122	0
31.725728724496872	0
31.746092355299915	1
31.766455945489476	0
31.78681948414529	1
31.807182976042906	1
31.827546438685353	1
31.847909908332529	1
31.868273388992424	0
31.888636902195078	0
31.909000453982117	0
31.929364050449163	0
31.949727681493954	0
31.970091319836328	1
31.99045492777417	1
32.010818480590061	0
32.031181983267793	0
32.051545447767268	0
32.071908910466945	1
32.092272393226914	0
32.112635899908689	0
32.132999446517466	0
32.153363029990324	0
32.173726647004273	0
32.194090277245749	1
32.214453898162198	1
32.234817463349977	0
32.255180974268661	0
32.275544439263712	0
32.29590789308488	0
32.316271372615553	1
32.336634879166908	1
32.356998418754273	1
32.377361991437226	0
32.397725596571597	1
32.418089219122585	0
32.438452845142351	0
32.458816429063369	0
32.479179956321005	0
32.499543430979493	0
32.519906884382515	0
32.54027035472555	1
32.560633859650864	1
32.580997396171533	1
32.601360961253675	0
32.621724556019672	0
32.642088169671162	0
32.662451781608709	0
32.682815376931032	0
32.703178917021681	0
32.723542407112411	0
32.743905864163892	0
32.764269327846783	1
32.784632818593217	1
32.804996355353701	1
32.825359916838835	0
32.84572350506587	0
32.866087112154659	0
32.886450719673952	1
32.906814317370291	1
32.927177873310406	0
32.947541376043965	0
32.967904837004795	0
32.988268294506561	1
33.008631770540099	1
33.028995298909599	0
33.049358863031472	0
33.069722448457128	0
33.090086050100041	0
33.110449652861313	1
33.130813246995004	0
33.151176816866048	0
33.1715403311781	0
33.191903797107386	0
33.212267249861625	0
33.232630726931269	1
33.252994243121272	0
33.273357805020318	1
33.293721390941002	0
33.314084991809864	0
33.334448593570443	0
33.354812186461636	0
33.375175756630952	1
33.395539289482258	0
33.415902768628726	1
33.436266224090033	0
33.456629693813483	1
33.476993195667212	1
33.497356752782458	1
33.51772034047346	0
33.538083942457092	0
33.558447544074106	0
33.578811130218412	0
33.599174696168021	0
33.619538239230614	1
33.639901733357902	1
33.660265192902465	1
33.680628657404057	1
33.700992146093988	0
33.72135568862511	0
33.74171927992208	0
33.7620828869075	0
33.782446493696057	0
33.802810083714384	0
33.823173651242627	0
33.843537193214573	0
33.863900701786868	0
33.88426416850367	0
33.904627630249685	0
33.924991121397497	1
33.945354652701489	0
33.965718235514359	1
33.986081843508423	1
34.006445452401067	0
34.026809043929454	1
34.047172611331931	1
34.067536149540302	1
34.087899665707049	0
34.10826313855793	0
34.128626597975774	0
34.148990079543786	0
34.169353596538116	1
34.189717163630704	1
34.210080778737996	1
34.230444397737827	0
34.250807999429156	1
34.271171574687841	0
34.29153511645152	0
34.31189863138227	0
34.332262125094203	0
34.352625592125648	0
34.372989070406817	1
34.393352575710423	0
34.413716126078214	0
34.434079729690765	0
34.454443350227919	0
34.474806957928791	0
34.495170539215401	1
34.515534083500555	0
34.535897598551124	1
34.556261096180513	1
34.576624566461938	1
34.596988041795022	1
34.617351539110338	0
34.637715085658932	0
34.658078681241221	0
34.678442308605106	0
34.69880592771046	0
34.719169514695707	1
34.739533064183682	0
34.759896577899568	0
34.780260068573625	0
34.800623542514778	0
34.820987014581092	0
34.841350515775083	1
34.861714054611078	0
34.882077640448017	0
34.902441267104379	1
34.922804902211027	1
34.94316850432503	1
34.963532065900964	0
34.983895584634411	1
35.004259072060215	0
35.02462254540486	0
35.044986017078479	0
35.065349511987897	0
35.085713040643611	0
35.106076614982129	1
35.126440233414669	0
35.146803869453208	1
35.167167481325087	1
35.187531052949829	0
35.207894576650915	0
35.228258068502647	1
35.248621546065884	0
35.268985021138135	1
35.289348513815987	1
35.309712036308703	1
35.330075607047611	0
35.350439217894547	0
35.370802853456993	0
35.391166479728177	0
35.411530060186379	1
35.431893592280744	1
35.452257084131752	1
35.47262055304229	0
35.492984021819126	1
35.513347508534899	0
35.53371103257733	0
35.55407459683267	0
35.574438204215589	0
35.594801839739958	0
35.615165472341694	0
35.635529066311634	0
35.655892609933865	0
35.676256105997041	1
35.696619570751963	1
35.716983040221614	1
35.737346526475989	0
35.757710046027732	0
35.778073604352002	0
35.798437206570007	1
35.81880084046086	0
35.839164489832989	0
35.859528107419642	0
35.879891665365115	1
35.900255169455832	0
35.920618630882949	1
35.940982086134355	0
35.961345571781791	1
35.981709084330461	0
36.002072634526399	1
36.022436231349886	1
36.042799863448479	0
36.063163504300277	1
36.083527134911925	1
36.103890707192313	0
36.124254221581594	0
36.144617692144003	1
36.164981140560805	0
36.185344609215498	1
36.20570811116314	0
36.226071649617353	1
36.246435239003283	0
36.266798865258181	1
36.287162509928223	0
36.307526152197248	1
36.327889747986866	1
36.348253282069756	0
36.368616761375705	1
36.388980206306293	0
36.409343660700138	1
36.429707147066502	0
36.450070684030443	0
36.470434266754282	0
36.490797891344471	1
36.511161540865992	1
36.531525181842007	1
36.551888798397322	0
36.572252354131649	0
36.592615845278075	0
36.612979300691073	0
36.633342745953762	0
36.653706211548062	0
36.674069735386873	0
36.694433311896418	1
36.714796931708364	0
36.735160582717171	1
36.75552423112093	1
36.775887858460599	1
36.796251427490006	1
36.8166149305654	0
36.836978386245477	1
36.85734181950388	0
36.877705279267722	0
36.89806878547396	0
36.918432345507107	1
36.938795959685564	0
36.959159605498314	1
36.979523261145246	0
36.999886902290946	1
37.020250493667774	0
37.040614015258235	1
37.060977479800421	1
37.081340908739513	1
37.101704353691936	1
37.122067838536019	1
37.142431394698129	1
37.162795003753445	0
37.183158652050295	1
37.203522317659854	0
37.223885960705992	1
37.244249565245298	0
37.264613110358312	0
37.284976584134675	0
37.305340021557363	1
37.325703451437533	0
37.346066908207156	1
37.366430436986001	0
37.386794034518587	1
37.407157677576095	0
37.427521347724095	1
37.447885003217067	1
37.468248624069652	0
37.488612182599766	0
37.508975672224445	0
37.529339112058913	1
37.549702530583744	0
37.570065982862587	1
37.590429489502668	0
37.610793075522921	1
37.631156715777415	0
37.651520393957995	1
37.671884067595357	0
37.692247698360276	1
37.712611275591613	0
37.732974788574467	1
37.75333823780614	1
37.773701650449041	1
37.79406508332508	1
37.814428561735717	1
37.834792121806323	1
37.855155752642602	0
37.8755194222977	1
37.895883104310194	1
37.916246752470073	1
37.936610350320557	0
37.956973883091102	1
37.977337346994616	0
37.99770077295517	0
38.018064192920335	0
38.038427644010547	1
38.058791174351285	0
38.079154787874671	1
38.099518453396939	0
38.119882143939066	1
38.140245809304602	1
38.160609428410574	1
38.180972973914336	1
38.201336454673687	0
38.221699883051336	1
38.242063289404307	1
38.262426733590786	1
38.282790237013465	0
38.303153826396304	1
38.323517486824095	0
38.343881186093626	0
38.36424487333597	0
38.38460850633993	1
38.404972074930832	0
38.425335572599344	1
38.445699012472097	1
38.466062413919701	1
38.486425838036261	1
38.506789311466626	1
38.527152872607985	1
38.547516515274758	0
38.567880216151998	1
38.58824391882041	0
38.608607574849806	1
38.628971168172299	0
38.649334685653564	1
38.669698137187552	1
38.690061538461677	0
38.710424945088178	0
38.73078840926852	1
38.751151944648186	0
38.77151556338918	1
38.791879248503875	1
38.812242955058323	0
38.832606627933359	1
38.852970244933687	1
38.873333779498601	1
38.893697243112555	0
38.914060650638397	1
38.934424045550308	0
38.954787485416233	0
38.975150990315939	0
38.995514580159778	1
39.015878251342912	1
39.036241968124166	1
39.05660566493308	0
39.076969297762268	1
39.09733285748483	0
39.117696339893982	1
39.138059769897254	1
39.158423168275519	0
39.178786593294895	1
39.199150071306121	1
39.219513639615137	1
39.239877290134309	0
39.260241007262657	1
39.280604720499305	0
39.300968377535071	0
39.321331962909277	0
39.34169546503513	1
39.362058899498166	1
39.382422295032171	1
39.402785699674283	1
39.423149144502062	1
39.443512677864739	1
39.463876298338178	0
39.484239998019646	1
39.504603722191803	0
39.524967403267901	1
39.545331019390375	1
39.565694546320877	1
39.586057998308355	0
39.606421398078297	1
39.62678479495117	0
39.647148240119847	0
39.667511752455489	0
39.687875350300459	1
39.708239026923472	1
39.728602753043887	1
39.748966452469645	1
39.769330096373778	1
39.789693648428269	1
39.810057116799662	0
39.830420518232081	1
39.850783907296531	0
39.87114732915753	1
39.89151080872518	0
39.911874371598927	1
39.932238024797002	1
39.952601742349358	0
39.972965460072196	0
39.993329115595046	1
40.013692694523591	0
