0.012	6
0.0264	4
0.04368	4
0.0642855	4
0.0881494	4
0.115209	4
0.145412	4
0.176419	4
0.206965	4
0.237206	4
0.267275	4
0.297172	4
0.326767	4
0.356065	4
0.385065	4
0.413802	4
0.442322	4
0.470609	5
0.498713	5
0.526637	4
0.554397	4
0.582024	4
0.609503	4
0.636859	4
0.664022	4
0.691016	4
0.71784	4
0.74451	4
0.771029	4
0.797406	4
0.823649	4
0.849761	4
0.875753	4
0.901624	4
0.927388	4
0.95304	4
0.978595	4
1.00405	4
1.02941	4
1.05468	4
1.07985	4
1.10493	4
1.12991	4
1.1548	4
1.17961	4
1.20432	4
1.22896	4
1.25352	4
1.27799	4
1.3024	4
1.32673	4
1.35098	4
1.37517	4
1.3993	3
1.42335	3
1.44735	3
1.47128	3
1.49515	3
1.51897	3
1.54273	3
1.56643	3
1.59007	3
1.61366	3
1.63718	3
1.66065	3
1.68407	3
1.70743	3
1.73074	3
1.754	3
1.7772	4
1.80036	4
1.82347	4
1.84653	4
1.86954	4
1.89251	4
1.91543	4
1.93832	4
1.96115	4
1.98395	4
2.006708	4
2.029425	4
2.052103	4
2.074742	4
2.097341	4
2.119901	4
2.142422	4
2.164905	4
2.187351	4
2.209761	4
2.232135	4
2.254474	4
2.276778	4
2.299048	4
2.321285	4
2.34349	4
2.365662	4
2.387802	4
2.409911	4
2.431987	4
2.454033	4
2.476048	4
2.498033	4
2.519988	4
2.541915	4
2.563812	4
2.585681	4
2.607523	4
2.629337	4
2.651124	4
2.672885	4
2.69462	4
2.716329	4
2.738012	4
2.759671	4
2.781305	4
2.802915	4
2.824501	4
2.846063	4
2.867602	4
2.889118	3
2.910612	3
2.932084	3
2.953533	3
2.974961	3
2.996368	3
3.017753	3
3.039118	3
3.060463	3
3.081787	3
3.103092	3
3.124376	3
3.145642	3
3.166888	3
3.188116	4
3.209325	4
3.230516	4
3.251689	4
3.272844	4
3.293982	4
3.315102	4
3.336206	4
3.357293	4
3.378364	3
3.399419	3
3.420458	3
3.441481	3
3.46249	3
3.483483	3
3.504463	3
3.525427	3
3.546378	3
3.567315	3
3.588238	3
3.609148	3
3.630044	3
3.650927	3
3.671797	3
3.692654	3
3.713499	4
3.734332	4
3.755152	4
3.77596	4
3.796755	4
3.817539	4
3.838311	4
3.859071	4
3.879818	4
3.900554	4
3.921278	4
3.94199	4
3.96269	4
3.983378	4
4.0040539	4
4.0247181	4
4.0453707	4
4.0660121	3
4.0866425	3
4.1072621	3
4.1278713	4
4.1484705	4
4.1690599	3
4.1896399	4
4.2102109	4
4.2307729	4
4.2513263	4
4.2718713	4
4.2924084	4
4.3129377	4
4.3334596	4
4.3539744	4
4.3744824	4
4.3949838	4
4.4154788	4
4.4359678	4
4.456451	4
4.4769286	4
4.4974008	4
4.5178679	4
4.5383301	4
4.5587876	4
4.5792406	4
4.5996894	4
4.6201341	4
4.640575	4
4.6610122	4
4.6814459	4
4.7018763	4
4.7223035	4
4.7427278	4
4.7631493	4
4.783568	4
4.8039842	4
4.8243979	4
4.8448093	4
4.8652185	3
4.8856256	3
4.9060306	3
4.9264337	3
4.946835	3
4.9672345	3
4.9876323	3
5.0080286	3
5.0284233	3
5.0488167	3
5.0692087	3
5.0895993	3
5.1099888	3
5.1303771	3
5.1507643	3
5.1711504	3
5.1915355	3
5.2119197	3
5.2323029	3
5.2526853	3
5.2730668	3
5.2934476	3
5.3138275	3
5.3342068	3
5.3545854	3
5.3749633	2
5.3953406	3
5.4157173	2
5.4360934	3
5.456469	2
5.4768441	3
5.4972187	2
5.5175928	2
5.5379665	2
5.5583397	2
5.5787126	2
5.599085	2
5.6194571	2
5.6398288	2
5.6602002	2
5.6805713	2
5.700942	2
5.7213125	2
5.7416826	2
5.7620525	2
5.7824221	2
5.8027915	2
5.8231607	2
5.8435296	2
5.8638983	2
5.8842667	2
5.904635	2
5.9250031	2
5.945371	1
5.9657387	1
5.9861063	1
6.00647367	2
6.02684089	2
6.04720797	1
6.0675749	1
6.08794169	1
6.10830834	1
6.12867487	1
6.14904127	1
6.16940756	2
6.18977373	1
6.21013979	1
6.23050575	1
6.25087161	1
6.27123737	1
6.29160303	1
6.31196861	1
6.33233411	1
6.35269952	1
6.37306485	1
6.3934301	1
6.41379529	1
6.4341604	1
6.45452545	1
6.47489043	1
6.49525535	1
6.51562022	1
6.53598502	1
6.55634978	1
6.57671448	2
6.59707913	1
6.61744374	1
6.63780831	1
6.65817283	1
6.67853732	1
6.69890177	1
6.71926618	1
6.73963056	1
6.75999491	1
6.78035922	1
6.8007235	1
6.82108775	1
6.84145197	1
6.86181617	1
6.88218034	1
6.90254448	1
6.9229086	1
6.94327269	1
6.96363677	1
6.98400082	1
7.00436485	1
7.02472885	1
7.04509285	1
7.06545682	1
7.08582077	1
7.10618471	1
7.12654863	1
7.14691254	1
7.16727643	1
7.18764031	1
7.20800417	1
7.22836802	1
7.24873186	1
7.26909569	1
7.2894595	1
7.30982331	1
7.33018711	1
7.35055089	1
7.37091466	1
7.39127843	1
7.41164219	1
7.43200593	1
7.45236967	1
7.4727334	1
7.49309713	1
7.51346084	1
7.53382455	1
7.55418826	1
7.57455196	1
7.59491565	1
7.61527934	1
7.63564302	1
7.6560067	1
7.67637037	1
7.69673403	1
7.71709769	1
7.73746135	1
7.757825	1
7.77818864	1
7.79855229	1
7.81891593	1
7.83927957	1
7.8596432	1
7.88000684	1
7.90037046	1
7.92073409	1
7.94109771	1
7.96146133	1
7.98182494	1
8.002188551	1
8.02255216	1
8.042915766	1
8.06327937	1
8.083642972	1
8.104006571	1
8.124370169	1
8.144733765	1
8.16509736	1
8.185460954	1
8.205824548	1
8.22618814	1
8.246551731	1
8.266915321	1
8.287278908	1
8.307642492	1
8.328006072	1
8.348369649	1
8.368733224	1
8.389096797	1
8.40946037	1
8.429823944	1
8.450187521	1
8.470551101	1
8.490914683	1
8.511278265	1
8.531641845	1
8.55200542	1
8.57236899	1
8.592732554	1
8.613096113	1
8.633459668	1
8.653823225	1
8.674186786	1
8.694550353	1
8.71491393	1
8.735277513	1
8.755641099	1
8.776004682	1
8.796368257	1
8.81673182	1
8.837095369	1
8.857458906	1
8.877822438	1
8.898185973	1
8.918549517	1
8.938913079	1
8.95927666	1
8.97964026	1
9.000003871	1
9.020367481	1
9.040731076	1
9.061094641	1
9.081458172	1
9.101821671	1
9.122185152	1
9.142548634	1
9.162912138	1
9.18327568	1
9.203639268	1
9.224002903	1
9.24436657	1
9.264730246	1
9.285093899	1
9.305457494	1
9.325821017	1
9.346184486	1
9.36654792	1
9.386911349	1
9.407274824	1
9.42763836	1
9.448001951	1
9.468365589	1
9.488729255	1
9.509092905	1
9.529456522	1
9.549820088	1
9.570183592	1
9.590547057	1
9.610910505	1
9.631273966	1
9.65163748	1
9.672001057	1
9.692364678	1
9.712728325	1
9.733091976	1
9.753455593	1
9.773819162	1
9.794182684	1
9.814546158	1
9.834909615	1
9.855273074	1
9.875636563	1
9.896000112	1
9.916363724	1
9.936727369	1
9.957091022	1
9.977454658	1
9.9978182462	1
10.018181781	1
10.038545276	1
10.05890874	1
10.079272183	1
10.099635651	1
10.119999168	1
10.140362738	1
10.160726361	1
10.181090022	1
10.201453664	1
10.221817265	1
10.24218082	1
10.262544327	1
10.282907811	1
10.303271285	1
10.323634756	1
10.343998258	1
10.364361803	1
10.384725393	1
10.40508902	1
10.425452668	1
10.445816282	1
10.466179847	1
10.486543366	1
10.506906848	1
10.527270312	1
10.547633798	1
10.567997312	1
10.588360855	1
10.608724435	1
10.629088049	1
10.649451675	1
10.669815299	1
10.690178877	1
10.710542403	1
10.730905881	1
10.751269345	1
10.771632829	1
10.791996345	1
10.81235989	1
10.832723468	1
10.853087073	1
10.873450685	1
10.893814294	1
10.914177883	1
10.93454142	1
10.954904909	1
10.975268378	1
10.995631848	1
11.015995343	1
11.036358894	1
11.056722479	1
11.077086092	1
11.097449711	1
11.117813316	1
11.138176899	1
11.15854045	1
11.178903941	1
11.199267399	1
11.219630861	1
11.239994345	1
11.260357876	1
11.280721466	1
11.301085084	1
11.321448707	1
11.34181232	1
11.362175907	1
11.382539455	1
11.402902966	1
11.423266432	1
11.443629877	1
11.463993347	1
11.484356861	1
11.504720438	1
11.525084064	1
11.545447707	1
11.565811333	1
11.586174929	1
11.606538478	1
11.626901984	1
11.647265457	1
11.667628898	1
11.687992337	1
11.708355824	1
11.728719379	1
11.749082996	1
11.769446651	1
11.789810294	1
11.810173907	1
11.830537468	1
11.850900978	1
11.871264447	1
11.891627892	1
11.911991341	1
11.932354817	1
11.952718344	1
11.973081939	1
11.99344559434	1
12.01380925529	1
12.03417289179	1
12.05453648076	1
12.07490000782	1
12.09526348889	1
12.11562694407	1
12.13599037609	1
12.15635383144	1
12.17671733008	1
12.19708089675	1
12.21744452651	1
12.23780820658	1
12.25817186695	1
12.27853547415	1
12.29889902237	1
12.31926251112	1
12.33962596611	1
12.35998940793	1
12.38035284084	1
12.40071631628	1
12.42107985784	1
12.44144346227	1
12.46180712183	1
12.48217079302	1
12.50253443125	1
12.52289800715	1
12.54326151994	1
12.56362497754	1
12.58398841843	1
12.60435187275	1
12.62471534467	1
12.64507885982	1
12.665442439	1
12.68580607513	1
12.7061697389	1
12.72653339076	1
12.74689698692	1
12.76726052176	1
12.78762399747	1
12.80798744572	1
12.82835090632	1
12.84871437559	1
12.86907787691	1
12.88944143612	1
12.90980505083	1
12.93016869997	1
12.95053235982	1
12.97089597196	1
12.9912595269	1
13.01162302148	1
13.03198648033	1
13.05234994077	1
13.07271341256	1
13.09307690579	1
13.11344044901	1
13.13380404338	1
13.15416767578	1
13.17453132941	1
13.19489495271	1
13.21525852353	1
13.23562203445	1
13.25598550384	1
13.27634896623	1
13.29671244231	1
13.31707593321	1
13.33743946613	1
13.35780304472	1
13.37816666195	1
13.39853029428	1
13.41889392135	1
13.43925750265	1
13.45962102575	1
13.47998450311	1
13.5003479667	1
13.52071143701	1
13.54107493074	1
13.56143845968	1
13.58180202889	1
13.60216563541	1
13.62252925954	1
13.64289288686	1
13.6632564835	1
13.68362002358	1
13.70398351206	1
13.72434697794	1
13.74471044149	1
13.76507393006	1
13.7854374548	1
13.80580101807	1
13.82616461551	1
13.8465282397	1
13.86689186547	1
13.88725547992	1
13.90761903678	1
13.92798253824	1
13.94834600806	1
13.96870946542	1
13.98907293789	1
14.0094364577312	1
14.0298000130973	1
14.0501636013946	1
14.0705272175708	1
14.0908908398268	1
14.1112544558006	1
14.131618032832	1
14.1519815536864	1
14.1723450349716	1
14.1927085077246	1
14.2130719896849	1
14.2334355040105	1
14.2537990549689	1
14.2741626356452	1
14.2945262384683	1
14.31488985414	1
14.3352534688751	1
14.3556170600466	1
14.3759805997988	1
14.3963440939232	1
14.4167075575528	1
14.4370710296378	1
14.4574345273653	1
14.4777980714691	1
14.4981616426774	1
14.5185252369021	1
14.5388888459439	1
14.5592524577909	1
14.5796160513772	1
14.5999796099103	1
14.6203431219358	1
14.6407065980394	1
14.661070072973	1
14.6814335632932	1
14.7017970968586	1
14.7221606625634	1
14.7425242495702	1
14.7628878511626	1
14.7832514573138	1
14.8036150489136	1
14.8239786175551	1
14.8443421450529	1
14.864705633971	1
14.8850691134089	1
14.9054325990543	1
14.9257961207536	1
14.946159684211	1
14.9665232657805	1
14.9868868609564	1
15.0072504552867	1
15.0276140424889	1
15.0479776114859	1
15.0683411540567	1
15.0887046650757	1
15.1090681553673	1
15.1294316430273	1
15.1497951588092	1
15.1701587138572	1
15.1905222925003	1
15.2108858824712	1
15.2312494716142	1
15.2516130543978	1
15.2719766214649	1
15.2923401732238	1
15.3127036979845	1
15.3330672000747	1
15.3534306944438	1
15.3737942095462	1
15.3941577577945	1
15.4145213355139	1
15.4348849216765	1
15.45524850525	1
15.4756120814072	1
15.495975642631	1
15.5163391908779	1
15.5367027230994	1
15.5570662339046	1
15.5774297450285	1
15.5977932655151	1
15.6181568125271	1
15.6385203870374	1
15.6588839749237	1
15.6792475573766	1
15.6996111267042	1
15.7199746823757	1
15.7403382259043	1
15.7607017621585	1
15.7810652801503	1
15.8014287964864	1
15.821792319031	1
15.8421558642616	1
15.8625194337963	1
15.882883019138	1
15.9032465996451	1
15.9236101656193	1
15.9439737165965	1
15.9643372553651	1
15.9847007880873	1
16.005064314530316	1
16.025427839609687	1
16.04579137674909	1
16.066154928540364	1
16.086518499374051	1
16.10688208618156	1
16.127245666527617	1
16.147609230362654	1
16.167972775362568	1
16.188336305943039	1
16.208699829769682	1
16.229063362225954	1
16.249426892833952	1
16.26979043628527	1
16.290153994274586	1
16.310517569997717	1
16.330881159280445	1
16.351244750972302	1
16.371608318197907	1
16.39197185989423	1
16.412335382109532	1
16.432698893389571	1
16.453062413546668	1
16.473425948927133	1
16.493789494909741	1
16.514153057483711	1
16.534516639141877	1
16.554880230238282	1
16.575243823183683	1
16.595607394502302	1
16.615970935547551	1
16.636334451774388	1
16.656697958581017	1
16.677061467975005	1
16.697425000215073	1
16.717788545713017	1
16.738152114435053	1
16.7585157023994	1
16.778879305258897	1
16.799242907282778	1
16.819606488282375	1
16.839970036551211	1
16.860333552418282	1
16.880697050888323	1
16.901060555309918	1
16.921424077232807	1
16.941787618659045	1
16.962151186926544	1
16.982514777911007	1
17.002878382193554	1
17.023241989741933	1
17.04360558048392	1
17.063969136288385	1
17.084332654687227	1
17.104696146418927	1
17.125059636619341	1
17.14542313992623	1
17.165786670837196	1
17.186150233136328	1
17.206513824231038	1
17.226877433842162	1
17.247241051135862	1
17.267604653008632	1
17.287968219559257	1
17.308331745606385	1
17.328695236693456	1
17.349058718163192	1
17.369422207417781	1
17.389785734480775	1
17.410149294179377	1
17.430512887223482	1
17.450876503864535	1
17.471240124672097	1
17.49160373716294	1
17.511967326855	1
17.532330865303908	1
17.552694362811767	1
17.573057836411969	1
17.593421307358419	1
17.613784812519363	1
17.634148365895022	1
17.65451195338137	1
17.674875570982135	1
17.695239199312432	1
17.715602823160292	1
17.735966415826166	1
17.756329966833551	1
17.776693468844488	1
17.797056936834789	1
17.817420405019448	1
17.837783892424273	1
17.858147429748726	1
17.878511009679787	1
17.898874626701371	1
17.919238263361208	1
17.939601891934981	1
17.959965498946893	1
17.980329070417046	1
18.000692586686572	1
18.021056058558223	1
18.041419518504881	1
18.061783002703194	1
18.082146524728248	1
18.102510096680152	1
18.122873709516856	1
18.143237348939454	1
18.163600986634325	1
18.183964606603347	1
18.204328182843785	1
18.224691711820988	1
18.245055187587646	1
18.265418638606299	1
18.285782104381052	1
18.306145602653789	1
18.326509152774403	1
18.346872758864571	1
18.367236400991022	1
18.38760005104929	1
18.407963677795411	1
18.428327269705346	1
18.448690815872759	1
18.469054308111442	1
18.489417761853009	1
18.509781217426724	1
18.530144696567966	1
18.550508234382271	1
18.570871830881437	1
18.591235471593642	1
18.611599130648568	1
18.631962773106508	1
18.65232638325195	1
18.672689945657726	1
18.693053451693164	1
18.713416916117637	1
18.733780362846996	1
18.754143820792596	1
18.774507333772565	1
18.79487090765868	1
18.815234536183535	1
18.835598194881722	1
18.855961847689553	1
18.876325475301879	1
18.896689048415144	1
18.917052568656807	1
18.937416033383958	1
18.957779471345752	1
18.978142926667076	1
18.998506419082386	1
19.018869969709424	1
19.039233588982782	1
19.059597249947831	1
19.079960915854745	1
19.100324550297486	1
19.12068814081254	1
19.141051676253102	1
19.161415159825257	1
19.181778602308832	1
19.202142048347902	1
19.222505521441327	1
19.242869059343374	1
19.263232662128292	1
19.283596321755777	1
19.303959998235012	1
19.324323650957361	1
19.344687262713553	1
19.365050816989946	1
19.385414310316893	1
19.405777756082614	1
19.426141190358308	1
19.446504657601846	1
19.466868173575662	1
19.487231753884561	1
19.507595396759108	1
19.527959073033518	1
19.548322737534924	1
19.568686368770202	1
19.589049935808166	1
19.609413441892517	1
19.629776895323829	1
19.650140324085889	1
19.670503774254556	1
19.690867266152907	1
19.711230821323472	1
19.73159444925788	1
19.751958129550523	1
19.772321811423804	1
19.792685453987765	1
19.813049044105917	1
19.833412570544095	1
19.853776041146514	1
19.874139476399382	1
19.894502917532012	1
19.914866389010324	1
19.935229917975168	1
19.955593524848609	1
19.975957187774572	1
19.996320874733271	1
20.016684550120743	1
20.037048167043981	1
20.057411710621192	1
20.077775192388618	1
20.098138628917507	1
20.118502059399074	1
20.138865508986495	1
20.159229023465087	1
20.179592607100602	1
20.199956255604565	1
20.220319945486132	1
20.240683620766543	1
20.261047257663286	1
20.281410832167804	1
20.301774331879244	1
20.322137783429373	1
20.342501213903304	1
20.362864648280748	1
20.383228138828642	1
20.403591704894403	1
20.423955336667486	1
20.444319020110335	1
20.464682706780074	1
20.4850463639211	1
20.505409951332151	1
20.525773468251913	1
20.546136926719758	1
20.566500353084983	1
20.58686379300913	1
20.60722726687111	1
20.627590801128761	1
20.64795441391718	1
20.668318080979176	1
20.688681773855972	1
20.709045453473365	1
20.729409068646017	1
20.749772611419541	1
20.770136084134176	1
20.790499510875151	1
20.810862941363315	1
20.831226395769434	1
20.851589903591321	1
20.871953493155498	1
20.892317147946429	1
20.91268084099665	1
20.933044522143433	1
20.953408158996417	1
20.973771726877139	1
20.994135216182315	1
21.014498647231765	1
21.034862066938341	1
21.055225523493107	1
21.075589028270947	1
21.09595260010617	1
21.11631624217042	1
21.13667993192826	1
21.157043622219458	1
21.177407283408883	1
21.197770879675883	1
21.218134389519353	1
21.238497836775693	1
21.258861251796009	1
21.279224689518124	1
21.299588170345064	1
21.319951714716868	1
21.340315336185814	1
21.360679016026531	1
21.381042711383849	1
21.401406374446395	1
21.421769982472028	1
21.442133515127527	1
21.462496976693785	1
21.482860393048234	1
21.503223817820857	1
21.523587279345897	1
21.543950801098713	1
21.564314404308888	1
21.584678068102271	1
21.60504176411683	1
21.625405459474745	1
21.645769099746477	1
21.666132665713675	1
21.686496148420083	1
21.706859570535677	1
21.727222982663253	1
21.747586416941004	1
21.767949909192897	1
21.788313486009717	1
21.808677133241211	1
21.82904082416303	1
21.84940450995434	1
21.869768163850789	1
21.890131757987671	1
21.910495265390686	1
21.930858711015972	1
21.951222125836654	1
21.971585546894623	1
21.991949032552363	1
22.012312594521671	1
22.032676231675797	1
22.053039921498861	1
22.073403617439212	1
22.093767290316517	1
22.11413090833793	1
22.134494442141261	1
22.154857900803545	1
22.175221313392186	1
22.195584715794094	1
22.215948170867208	1
22.236311697438328	1
22.256675313076805	1
22.277038993220245	1
22.297402693861933	1
22.317766383220821	1
22.338130025571573	1
22.358493582187311	1
22.378857061052425	1
22.399220481773654	1
22.419583895858359	1
22.439947335198902	1
22.460310834521337	1
22.480674424477382	1
22.501038087444623	1
22.521401788752353	1
22.541765492376552	1
22.562129139950628	1
22.582492716432704	1
22.602856210030499	1
22.623219640807665	1
22.643583051397837	1
22.663946473054299	1
22.684309943929183	1
22.704673505427493	1
22.725037149903759	1
22.745400850564987	1
22.765764552275609	1
22.786128222006329	1
22.806491828034719	1
22.826855346473121	1
22.847218799590618	1
22.867582217501894	1
22.887945634097271	1
22.908309106293434	1
22.92867264901551	1
22.949036275302998	1
22.969399965008808	1
22.989763671657332	1
23.010127361297862	1
23.030490993522683	1
23.050854533067184	1
23.071217994148828	1
23.091581405819909	1
23.111944803823064	1
23.132308252160367	1
23.152671765690044	1
23.173035367031051	1
23.193399040358599	1
23.213762745133188	1
23.234126447919824	1
23.25449010954231	1
23.274853677613862	1
23.295217156919623	1
23.315580573516542	1
23.335943981323261	1
23.356307414132171	1
23.37667090907922	1
23.397034492955648	1
23.417398150314526	1
23.437761852332706	1
23.458125564408579	1
23.478489225051852	1
23.498852815992024	1
23.519216312847252	1
23.539579735056286	1
23.559943132218134	1
23.580306540359711	1
23.600670001421321	1
23.62103356212419	1
23.641397207797173	1
23.661760910283551	1
23.682124636277155	1
23.702488321250797	1
23.722851940926763	1
23.743215467303472	1
23.76357890781405	1
23.783942303927983	1
23.804305693568754	1
23.824669145037038	1
23.845032677024168	1
23.86539630690309	1
23.885760004833365	1
23.906123740626054	1
23.926487447230215	1
23.946851076301261	1
23.967214620869765	1
23.987578078687442	1
24.007941474296214	1
24.028304869266204	1
24.048668298354464	1
24.069031799320179	1
24.089395403838481	1
24.109759093951048	1
24.130122817491152	1
24.150486536959775	1
24.170850209303936	1
24.191213782934252	1
24.211577260378977	1
24.231940667272966	1
24.252304030937584	1
24.27266742773709	1
24.29303088959303	1
24.313394460327938	1
24.333758126194521	1
24.354121850063009	1
24.374485586972728	1
24.394849266520666	1
24.415212866213007	1
24.435576364518589	1
24.455939782519607	1
24.476303145141401	1
24.496666523707098	1
24.517029980765866	1
24.537393530153125	1
24.557757183072273	1
24.578120913468052	1
24.598484651143629	1
24.618848355032487	1
24.639211984905074	1
24.659575505640507	1
24.679938933285644	1
24.700302313586253	1
24.720665679601389	1
24.741029108276663	1
24.761392622853592	1
24.781756249522203	1
24.802119966137091	1
24.822483739195025	1
24.842847480441502	1
24.863211130155808	1
24.883574677830214	1
24.903938118685954	1
24.924301489587016	1
24.944664857588347	1
24.965028257237616	1
24.985391733923858	1
25.005755331007084	1
25.026119032656361	1
25.046482791358319	1
25.066846529128842	1
25.087210206546306	1
25.107573787465157	1
25.127937252401914	1
25.148300628919007	1
25.168663956002622	1
25.189027313091845	1
25.209390767273558	1
25.229754330779979	1
25.250118010659651	1
25.270481772583135	1
25.290845570645399	1
25.311209307111348	1
25.331572949001824	1
25.35193645723302	1
25.372299860795703	1
25.392663204515063	1
25.413026535971451	1
25.433389941821957	1
25.453753449337011	1
25.474117088525951	1
25.494480833022898	1
25.514844645433637	1
25.535208425378862	1
25.555572098340242	1
25.575935651126475	1
25.596299076349741	1
25.616662413782411	1
25.637025744395114	1
25.657389107638647	1
25.677752556723014	1
25.698116145452584	1
25.718479857862278	1
25.738843666344923	1
25.759207478527276	1
25.779571202936921	1
25.799934813981277	1
25.820298285132495	1
25.840661646552995	1
25.861024940033911	1
25.881388256413263	1
25.901751672720469	1
25.92211520757122	1
25.942478876291563	1
25.962842649415744	1
25.983206446696908	1
26.003570207336136	1
26.023933877493128	1
26.044297405037394	1
26.064660806841896	1
26.085024112324486	1
26.105387408624846	1
26.125750778628653	1
26.146114253525365	1
26.166477873326201	1
26.186841613372415	1
26.207205438158997	1
26.227569247303006	1
26.247932986897357	1
26.268296585461627	1
26.288660043674508	1
26.309023399778891	1
26.329386700808669	1
26.349750033870851	1
26.370113443801682	1
26.390476994578464	1
26.41084067647148	1
26.431204469883731	1
26.451568291574503	1
26.471932043805786	1
26.492295694091176	1
26.512659203631063	1
26.533022595620114	1
26.553385904383227	1
26.573749213967687	1
26.594112569758529	1
26.614476053178155	1
26.634839677702924	1
26.655203412734359	1
26.675567220104927	1
26.695931000218383	1
26.716294706606046	1
26.736658280016631	1
26.757021728910257	1
26.777385072563092	1
26.797748386361878	1
26.818111744614686	1
26.838475183490907	1
26.858838739847492	1
26.879202426747749	1
26.899566208214292	1
26.919930002722523	1
26.940293752598766	1
26.960657385135985	1
26.981020895167685	1
27.001384287142127	1
27.021747617257077	1
27.04211096220418	1
27.06247435828827	1
27.082837851078175	1
27.10320147657767	1
27.123565210290774	1
27.143928992399459	1
27.164292735452808	1
27.184656402444293	1
27.205019961888436	1
27.225383406562791	1
27.245746770410019	1
27.266110123283976	1
27.286473498208132	1
27.306836968559203	1
27.327200544708514	1
27.347564231651692	1
27.367927990529147	1
27.38829174498094	1
27.408655447189744	1
27.429019058382128	1
27.449382552002394	1
27.469745952134183	1
27.490109314386856	1
27.510472677147	1
27.530836085484637	1
27.551199603956618	1
27.571563236453809	1
27.591926953986086	1
27.612290699546254	1
27.632654421144462	1
27.653018073273753	1
27.67338161540232	1
27.693745060200381	1
27.714108447554931	1
27.734471840596786	1
27.754835264038594	1
27.775198755595191	1
27.795562348963127	1
27.815926028744183	1
27.83628975410431	1
27.856653481061898	1
27.877017158745478	1
27.897380737335737	1
27.917744219770221	1
27.938107633615708	1
27.958471013704628	1
27.978834420132504	1
27.999197878429207	1
28.019561430360074	1
28.039925068820654	1
28.060288767770952	1
28.080652492707582	1
28.101016190553946	1
28.121379803878	1
28.141743323350173	1
28.162106769211185	1
28.182470167988441	1
28.202833580034152	1
28.22319702465478	1
28.243560548692106	1
28.263924152526943	1
28.284287823138722	1
28.304651531360612	1
28.325015236491904	1
28.345378872169842	1
28.365742419934922	1
28.386105892711281	1
28.406469310055357	1
28.426832725349826	1
28.447196163690268	1
28.467559667076646	1
28.487923241463257	1
28.508286884228458	1
28.52865057136481	1
28.549014255414662	1
28.569377901311537	1
28.589741472758817	1
28.610104973442933	1
28.630468414975208	1
28.650831841443363	1
28.671195283069771	1
28.691558775316711	1
28.711922336875094	1
28.732285958221283	1
28.752649626491959	1
28.773013301906989	1
28.793376956075367	1
28.813740544348455	1
28.834104066309635	1
28.854467528001887	1
28.874830965600147	1
28.89519442357825	1
28.915557917384977	1
28.935921461593946	1
28.956285066803535	1
28.976648718541544	1
28.997012383669599	1
29.017376038550044	1
29.037739639119238	1
29.058103178594443	1
29.078466658507747	1
29.098830107921408	1
29.119193567962011	1
29.139557059330077	1
29.159920594161147	1
29.180284185977783	1
29.20064782351831	1
29.221011478393862	1
29.24137512884765	1
29.261738737321714	1
29.282102290075006	1
29.302465785014309	1
29.322829245157468	1
29.343192708440025	1
29.363556195247764	1
29.383919724283253	1
29.404283307946592	1
29.424646937097258	1
29.445010586913412	1
29.465374224328926	1
29.485737833779044	1
29.506101395538654	1
29.526464905293693	1
29.546828377876057	1
29.567191847266141	1
29.587555333550434	1
29.607918867257876	1
29.628282447367621	1
29.648646072700814	1
29.66900972085234	1
29.689373359816113	1
29.709736973667368	1
29.73010054461821	1
29.750464063320806	1
29.770827542514006	1
29.791191012942136	1
29.811554494649901	1
29.831918019413379	1
29.852281590609927	1
29.87264520875712	1
29.89300885430772	1
29.913372495213348	1
29.933736114591522	1
29.954099693238337	1
29.974463220840743	1
29.994826707695101	1
30.015190181571576	1
30.035553661185784	1
30.055917179699463	1
30.076280743646912	1
30.096644354761622	1
30.117007997950033	1
30.137371641594168	1
30.157735267420321	1
30.178098855891079	1
30.198462392699231	1
30.218825890426725	1
30.239189364361248	1
30.25955283640474	1
30.279916343344524	1
30.300279901474731	1
30.320643505871359	1
30.341007144795867	1
30.361370787860917	1
30.38173441640977	1
30.402098002055496	1
30.422461542382091	1
30.442825038809239	1
30.463188507629678	1
30.483551982196627	1
30.503915479960785	1
30.524279019671781	1
30.544642614129003	1
30.565006251276188	1
30.585369897179056	1
30.605733532385997	1
30.626097126908075	1
30.646460676326459	1
30.666824183007936	1
30.68718765791288	1
30.70755112813757	1
30.727914612778346	1
30.74827813405777	1
30.768641712684627	1
30.789005337506143	1
30.809368982382612	1
30.829732621913394	1
30.85009622315296	1
30.870459774979732	1
30.89082328426715	1
30.911186762143487	1
30.931550227926319	1
30.951913700647534	1
30.972277216292159	1
30.99264078078324	1
31.013004398024645	1
31.033368049325158	1
31.053731686881758	1
31.074095294915224	1
31.094458854078141	1
31.114822368233284	1
31.135185846461376	1
31.155549313645068	1
31.175912791862725	1
31.196276296315418	1
31.216639844086959	1
31.237003445110048	1
31.257367086949198	1
31.277730729327711	1
31.298094345589757	1
31.31845791233382	1
31.338821430963677	1
31.359184908245393	1
31.379548373595291	1
31.399911846107827	1
31.42027533663024	1
31.440638864969024	1
31.461002448072534	1
31.481366076926601	1
31.501729727028618	1
31.522093357567218	1
31.54245693915508	1
31.562820469756151	1
31.583183953157157	1
31.603547416865229	1
31.623910892771228	1
31.644274376916581	1
31.664637901141017	1
31.685001468901451	1
31.705365082454122	1
31.725728724496872	1
31.746092355299915	1
31.766455945489476	1
31.78681948414529	1
31.807182976042906	1
31.827546438685353	1
31.847909908332529	1
31.868273388992424	1
31.888636902195078	1
31.909000453982117	1
31.929364050449163	1
31.949727681493954	1
31.970091319836328	1
31.99045492777417	1
32.010818480590061	1
32.031181983267793	1
32.051545447767268	1
32.071908910466945	1
32.092272393226914	1
32.112635899908689	1
32.132999446517466	1
32.153363029990324	1
32.173726647004273	1
32.194090277245749	1
32.214453898162198	1
32.234817463349977	1
32.255180974268661	1
32.275544439263712	1
32.29590789308488	1
32.316271372615553	1
32.336634879166908	1
32.356998418754273	1
32.377361991437226	1
32.397725596571597	1
32.418089219122585	1
32.438452845142351	1
32.458816429063369	1
32.479179956321005	1
32.499543430979493	1
32.519906884382515	1
32.54027035472555	1
32.560633859650864	1
32.580997396171533	1
32.601360961253675	1
32.621724556019672	1
32.642088169671162	1
32.662451781608709	1
32.682815376931032	1
32.703178917021681	1
32.723542407112411	1
32.743905864163892	1
32.764269327846783	1
32.784632818593217	1
32.804996355353701	1
32.825359916838835	1
32.84572350506587	1
32.866087112154659	1
32.886450719673952	1
32.906814317370291	1
32.927177873310406	1
32.947541376043965	1
32.967904837004795	1
32.988268294506561	1
33.008631770540099	1
33.028995298909599	1
33.049358863031472	1
33.069722448457128	1
33.090086050100041	1
33.110449652861313	1
33.130813246995004	1
33.151176816866048	1
33.1715403311781	1
33.191903797107386	1
33.212267249861625	1
33.232630726931269	1
33.252994243121272	1
33.273357805020318	1
33.293721390941002	1
33.314084991809864	1
33.334448593570443	1
33.354812186461636	1
33.375175756630952	1
33.395539289482258	1
33.415902768628726	1
33.436266224090033	1
33.456629693813483	1
33.476993195667212	1
33.497356752782458	1
33.51772034047346	1
33.538083942457092	1
33.558447544074106	1
33.578811130218412	1
33.599174696168021	1
33.619538239230614	1
33.639901733357902	1
33.660265192902465	1
33.680628657404057	1
33.700992146093988	1
33.72135568862511	1
33.74171927992208	1
33.7620828869075	1
33.782446493696057	1
33.802810083714384	1
33.823173651242627	1
33.843537193214573	1
33.863900701786868	1
33.88426416850367	1
33.904627630249685	1
33.924991121397497	1
33.945354652701489	1
33.965718235514359	1
33.986081843508423	1
34.006445452401067	1
34.026809043929454	1
34.047172611331931	1
34.067536149540302	1
34.087899665707049	1
34.10826313855793	1
34.128626597975774	1
34.148990079543786	1
34.169353596538116	1
34.189717163630704	1
34.210080778737996	1
34.230444397737827	1
34.250807999429156	1
34.271171574687841	1
34.29153511645152	1
34.31189863138227	1
34.332262125094203	1
34.352625592125648	1
34.372989070406817	1
34.393352575710423	1
34.413716126078214	1
34.434079729690765	1
34.454443350227919	1
34.474806957928791	1
34.495170539215401	1
34.515534083500555	1
34.535897598551124	1
34.556261096180513	1
34.576624566461938	1
34.596988041795022	1
34.617351539110338	1
34.637715085658932	1
34.658078681241221	1
34.678442308605106	1
34.69880592771046	1
34.719169514695707	1
34.739533064183682	1
34.759896577899568	1
34.780260068573625	1
34.800623542514778	1
34.820987014581092	1
34.841350515775083	1
34.861714054611078	1
34.882077640448017	1
34.902441267104379	1
34.922804902211027	1
34.94316850432503	1
34.963532065900964	1
34.983895584634411	1
35.004259072060215	1
35.02462254540486	1
35.044986017078479	1
35.065349511987897	1
35.085713040643611	1
35.106076614982129	1
35.126440233414669	1
35.146803869453208	1
35.167167481325087	1
35.187531052949829	1
35.207894576650915	1
35.228258068502647	1
35.248621546065884	1
35.268985021138135	1
35.289348513815987	1
35.309712036308703	1
35.330075607047611	1
35.350439217894547	1
35.370802853456993	1
35.391166479728177	1
35.411530060186379	1
35.431893592280744	1
35.452257084131752	1
35.47262055304229	1
35.492984021819126	1
35.513347508534899	1
35.53371103257733	1
35.55407459683267	1
35.574438204215589	1
35.594801839739958	1
35.615165472341694	1
35.635529066311634	1
35.655892609933865	1
35.676256105997041	1
35.696619570751963	1
35.716983040221614	1
35.737346526475989	1
35.757710046027732	1
35.778073604352002	1
35.798437206570007	1
35.81880084046086	1
35.839164489832989	1
35.859528107419642	1
35.879891665365115	1
35.900255169455832	1
35.920618630882949	1
35.940982086134355	1
35.961345571781791	1
35.981709084330461	1
36.002072634526399	1
36.022436231349886	1
36.042799863448479	1
36.063163504300277	1
36.083527134911925	1
36.103890707192313	1
36.124254221581594	1
36.144617692144003	1
36.164981140560805	1
36.185344609215498	1
36.20570811116314	1
36.226071649617353	1
36.246435239003283	1
36.266798865258181	1
36.287162509928223	1
36.307526152197248	1
36.327889747986866	1
36.348253282069756	1
36.368616761375705	1
36.388980206306293	1
36.409343660700138	1
36.429707147066502	1
36.450070684030443	1
36.470434266754282	1
36.490797891344471	1
36.511161540865992	1
36.531525181842007	1
36.551888798397322	1
36.572252354131649	1
36.592615845278075	1
36.612979300691073	1
36.633342745953762	1
36.653706211548062	1
36.674069735386873	1
36.694433311896418	1
36.714796931708364	1
36.735160582717171	1
36.75552423112093	1
36.775887858460599	1
36.796251427490006	1
36.8166149305654	1
36.836978386245477	1
36.85734181950388	1
36.877705279267722	1
36.89806878547396	1
36.918432345507107	1
36.938795959685564	1
36.959159605498314	1
36.979523261145246	1
36.999886902290946	1
37.020250493667774	1
37.040614015258235	1
37.060977479800421	1
37.081340908739513	1
37.101704353691936	1
37.122067838536019	1
37.142431394698129	1
37.162795003753445	1
37.183158652050295	1
37.203522317659854	1
37.223885960705992	1
37.244249565245298	1
37.264613110358312	1
37.284976584134675	1
37.305340021557363	1
37.325703451437533	1
37.346066908207156	1
37.366430436986001	1
37.386794034518587	1
37.407157677576095	1
37.427521347724095	1
37.447885003217067	1
37.468248624069652	1
37.488612182599766	1
37.508975672224445	1
37.529339112058913	1
37.549702530583744	1
37.570065982862587	1
37.590429489502668	1
37.610793075522921	1
37.631156715777415	1
37.651520393957995	1
37.671884067595357	1
37.692247698360276	1
37.712611275591613	1
37.732974788574467	1
37.75333823780614	1
37.773701650449041	1
37.79406508332508	1
37.814428561735717	1
37.834792121806323	1
37.855155752642602	1
37.8755194222977	1
37.895883104310194	1
37.916246752470073	1
37.936610350320557	1
37.956973883091102	1
37.977337346994616	1
37.99770077295517	1
38.018064192920335	1
38.038427644010547	1
38.058791174351285	1
38.079154787874671	1
38.099518453396939	1
38.119882143939066	1
38.140245809304602	1
38.160609428410574	1
38.180972973914336	1
38.201336454673687	1
38.221699883051336	1
38.242063289404307	1
38.262426733590786	1
38.282790237013465	1
38.303153826396304	1
38.323517486824095	1
38.343881186093626	1
38.36424487333597	1
38.38460850633993	1
38.404972074930832	1
38.425335572599344	1
38.445699012472097	1
38.466062413919701	1
38.486425838036261	1
38.506789311466626	1
38.527152872607985	1
38.547516515274758	1
38.567880216151998	1
38.58824391882041	1
38.608607574849806	1
38.628971168172299	1
38.649334685653564	1
38.669698137187552	1
38.690061538461677	1
38.710424945088178	1
38.73078840926852	1
38.751151944648186	1
38.77151556338918	1
38.791879248503875	1
38.812242955058323	1
38.832606627933359	1
38.852970244933687	1
38.873333779498601	1
38.893697243112555	1
38.914060650638397	1
38.934424045550308	1
38.954787485416233	1
38.975150990315939	1
38.995514580159778	1
39.015878251342912	1
39.036241968124166	1
39.05660566493308	1
39.076969297762268	1
39.09733285748483	1
39.117696339893982	1
39.138059769897254	1
39.158423168275519	1
39.178786593294895	1
39.199150071306121	1
39.219513639615137	1
39.239877290134309	1
39.260241007262657	1
39.280604720499305	1
39.300968377535071	1
39.321331962909277	1
39.34169546503513	1
39.362058899498166	1
39.382422295032171	1
39.402785699674283	1
39.423149144502062	1
39.443512677864739	1
39.463876298338178	1
39.484239998019646	1
39.504603722191803	1
39.524967403267901	1
39.545331019390375	1
39.565694546320877	1
39.586057998308355	1
39.606421398078297	1
39.62678479495117	1
39.647148240119847	1
39.667511752455489	1
39.687875350300459	1
39.708239026923472	1
39.728602753043887	1
39.748966452469645	1
39.769330096373778	1
39.789693648428269	1
39.810057116799662	1
39.830420518232081	1
39.850783907296531	1
39.87114732915753	1
39.89151080872518	1
39.911874371598927	1
39.932238024797002	1
39.952601742349358	1
39.972965460072196	1
39.993329115595046	1
40.013692694523591	1
