0.012	0.012
0.0264	0.0264
0.04368	0.04368
0.0642855	0.0642855
0.0881494	0.0881494
0.115209	0.115209
0.145412	0.145412
0.176419	0.176419
0.206965	0.206965
0.237206	0.237206
0.267275	0.267275
0.297172	0.297172
0.326767	0.326767
0.356065	0.356065
0.385065	0.385065
0.413802	0.413802
0.442322	0.442322
0.470609	0.470609
0.498713	0.498713
0.526637	0.526637
0.554397	0.554397
0.582024	0.582024
0.609503	0.609503
0.636859	0.636859
0.664022	0.664022
0.691016	0.691016
0.71784	0.71784
0.74451	0.74451
0.771029	0.771029
0.797406	0.797406
0.823649	0.823649
0.849761	0.849761
0.875753	0.875753
0.901624	0.901624
0.927388	0.927388
0.95304	0.95304
0.978595	0.978595
1.00405	1.00405
1.02941	1.02941
1.05468	1.05468
1.07985	1.07985
1.10493	1.10493
1.12991	1.12991
1.1548	1.1548
1.17961	1.17961
1.20432	1.20432
1.22896	1.22896
1.25352	1.25352
1.27799	1.27799
1.3024	1.3024
1.32673	1.32673
1.35098	1.35098
1.37517	1.37517
1.3993	1.3993
1.42335	1.42335
1.44735	1.44735
1.47128	1.47128
1.49515	1.49515
1.51897	1.51897
1.54273	1.54273
1.56643	1.56643
1.59007	1.59007
1.61366	1.61366
1.63718	1.63718
1.66065	1.66065
1.68407	1.68407
1.70743	1.70743
1.73074	1.73074
1.754	1.754
1.7772	1.7772
1.80036	1.80036
1.82347	1.82347
1.84653	1.84653
1.86954	1.86954
1.89251	1.89251
1.91543	1.91543
1.93832	1.93832
1.96115	1.96115
1.98395	1.98395
2.006708	2.006708
2.029425	2.029425
2.052103	2.052103
2.074742	2.074742
2.097341	2.097341
2.119901	2.119901
2.142422	2.142422
2.164905	2.164905
2.187351	2.187351
2.209761	2.209761
2.232135	2.232135
2.254474	2.254474
2.276778	2.276778
2.299048	2.299048
2.321285	2.321285
2.34349	2.34349
2.365662	2.365662
2.387802	2.387802
2.409911	2.409911
2.431987	2.431987
2.454033	2.454033
2.476048	2.476048
2.498033	2.498033
2.519988	2.519988
2.541915	2.541915
2.563812	2.563812
2.585681	2.585681
2.607523	2.607523
2.629337	2.629337
2.651124	2.651124
2.672885	2.672885
2.69462	2.69462
2.716329	2.716329
2.738012	2.738012
2.759671	2.759671
2.781305	2.781305
2.802915	2.802915
2.824501	2.824501
2.846063	2.846063
2.867602	2.867602
2.889118	2.889118
2.910612	2.910612
2.932084	2.932084
2.953533	2.953533
2.974961	2.974961
2.996368	2.996368
3.017753	3.017753
3.039118	3.039118
3.060463	3.060463
3.081787	3.081787
3.103092	3.103092
3.124376	3.124376
3.145642	3.145642
3.166888	3.166888
3.188116	3.188116
3.209325	3.209325
3.230516	3.230516
3.251689	3.251689
3.272844	3.272844
3.293982	3.293982
3.315102	3.315102
3.336206	3.336206
3.357293	3.357293
3.378364	3.378364
3.399419	3.399419
3.420458	3.420458
3.441481	3.441481
3.46249	3.46249
3.483483	3.483483
3.504463	3.504463
3.525427	3.525427
3.546378	3.546378
3.567315	3.567315
3.588238	3.588238
3.609148	3.609148
3.630044	3.630044
3.650927	3.650927
3.671797	3.671797
3.692654	3.692654
3.713499	3.713499
3.734332	3.734332
3.755152	3.755152
3.77596	3.77596
3.796755	3.796755
3.817539	3.817539
3.838311	3.838311
3.859071	3.859071
3.879818	3.879818
3.900554	3.900554
3.921278	3.921278
3.94199	3.94199
3.96269	3.96269
3.983378	3.983378
4.0040539	4.0040539
4.0247181	4.0247181
4.0453707	4.0453707
4.0660121	4.0660121
4.0866425	4.0866425
4.1072621	4.1072621
4.1278713	4.1278713
4.1484705	4.1484705
4.1690599	4.1690599
4.1896399	4.1896399
4.2102109	4.2102109
4.2307729	4.2307729
4.2513263	4.2513263
4.2718713	4.2718713
4.2924084	4.2924084
4.3129377	4.3129377
4.3334596	4.3334596
4.3539744	4.3539744
4.3744824	4.3744824
4.3949838	4.3949838
4.4154788	4.4154788
4.4359678	4.4359678
4.456451	4.456451
4.4769286	4.4769286
4.4974008	4.4974008
4.5178679	4.5178679
4.5383301	4.5383301
4.5587876	4.5587876
4.5792406	4.5792406
4.5996894	4.5996894
4.6201341	4.6201341
4.640575	4.640575
4.6610122	4.6610122
4.6814459	4.6814459
4.7018763	4.7018763
4.7223035	4.7223035
4.7427278	4.7427278
4.7631493	4.7631493
4.783568	4.783568
4.8039842	4.8039842
4.8243979	4.8243979
4.8448093	4.8448093
4.8652185	4.8652185
4.8856256	4.8856256
4.9060306	4.9060306
4.9264337	4.9264337
4.946835	4.946835
4.9672345	4.9672345
4.9876323	4.9876323
5.0080286	5.0080286
5.0284233	5.0284233
5.0488167	5.0488167
5.0692087	5.0692087
5.0895993	5.0895993
5.1099888	5.1099888
5.1303771	5.1303771
5.1507643	5.1507643
5.1711504	5.1711504
5.1915355	5.1915355
5.2119197	5.2119197
5.2323029	5.2323029
5.2526853	5.2526853
5.2730668	5.2730668
5.2934476	5.2934476
5.3138275	5.3138275
5.3342068	5.3342068
5.3545854	5.3545854
5.3749633	5.3749633
5.3953406	5.3953406
5.4157173	5.4157173
5.4360934	5.4360934
5.456469	5.456469
5.4768441	5.4768441
5.4972187	5.4972187
5.5175928	5.5175928
5.5379665	5.5379665
5.5583397	5.5583397
5.5787126	5.5787126
5.599085	5.599085
5.6194571	5.6194571
5.6398288	5.6398288
5.6602002	5.6602002
5.6805713	5.6805713
5.700942	5.700942
5.7213125	5.7213125
5.7416826	5.7416826
5.7620525	5.7620525
5.7824221	5.7824221
5.8027915	5.8027915
5.8231607	5.8231607
5.8435296	5.8435296
5.8638983	5.8638983
5.8842667	5.8842667
5.904635	5.904635
5.9250031	5.9250031
5.945371	5.945371
5.9657387	5.9657387
5.9861063	5.9861063
6.00647367	6.00647367
6.02684089	6.02684089
6.04720797	6.04720797
6.0675749	6.0675749
6.08794169	6.08794169
6.10830834	6.10830834
6.12867487	6.12867487
6.14904127	6.14904127
6.16940756	6.16940756
6.18977373	6.18977373
6.21013979	6.21013979
6.23050575	6.23050575
6.25087161	6.25087161
6.27123737	6.27123737
6.29160303	6.29160303
6.31196861	6.31196861
6.33233411	6.33233411
6.35269952	6.35269952
6.37306485	6.37306485
6.3934301	6.3934301
6.41379529	6.41379529
6.4341604	6.4341604
6.45452545	6.45452545
6.47489043	6.47489043
6.49525535	6.49525535
6.51562022	6.51562022
6.53598502	6.53598502
6.55634978	6.55634978
6.57671448	6.57671448
6.59707913	6.59707913
6.61744374	6.61744374
6.63780831	6.63780831
6.65817283	6.65817283
6.67853732	6.67853732
6.69890177	6.69890177
6.71926618	6.71926618
6.73963056	6.73963056
6.75999491	6.75999491
6.78035922	6.78035922
6.8007235	6.8007235
6.82108775	6.82108775
6.84145197	6.84145197
6.86181617	6.86181617
6.88218034	6.88218034
6.90254448	6.90254448
6.9229086	6.9229086
6.94327269	6.94327269
6.96363677	6.96363677
6.98400082	6.98400082
7.00436485	7.00436485
7.02472885	7.02472885
7.04509285	7.04509285
7.06545682	7.06545682
7.08582077	7.08582077
7.10618471	7.10618471
7.12654863	7.12654863
7.14691254	7.14691254
7.16727643	7.16727643
7.18764031	7.18764031
7.20800417	7.20800417
7.22836802	7.22836802
7.24873186	7.24873186
7.26909569	7.26909569
7.2894595	7.2894595
7.30982331	7.30982331
7.33018711	7.33018711
7.35055089	7.35055089
7.37091466	7.37091466
7.39127843	7.39127843
7.41164219	7.41164219
7.43200593	7.43200593
7.45236967	7.45236967
7.4727334	7.4727334
7.49309713	7.49309713
7.51346084	7.51346084
7.53382455	7.53382455
7.55418826	7.55418826
7.57455196	7.57455196
7.59491565	7.59491565
7.61527934	7.61527934
7.63564302	7.63564302
7.6560067	7.6560067
7.67637037	7.67637037
7.69673403	7.69673403
7.71709769	7.71709769
7.73746135	7.73746135
7.757825	7.757825
7.77818864	7.77818864
7.79855229	7.79855229
7.81891593	7.81891593
7.83927957	7.83927957
7.8596432	7.8596432
7.88000684	7.88000684
7.90037046	7.90037046
7.92073409	7.92073409
7.94109771	7.94109771
7.96146133	7.96146133
7.98182494	7.98182494
8.002188551	8.002188551
8.02255216	8.02255216
8.042915766	8.042915766
8.06327937	8.06327937
8.083642972	8.083642972
8.104006571	8.104006571
8.124370169	8.124370169
8.144733765	8.144733765
8.16509736	8.16509736
8.185460954	8.185460954
8.205824548	8.205824548
8.22618814	8.22618814
8.246551731	8.246551731
8.266915321	8.266915321
8.287278908	8.287278908
8.307642492	8.307642492
8.328006072	8.328006072
8.348369649	8.348369649
8.368733224	8.368733224
8.389096797	8.389096797
8.40946037	8.40946037
8.429823944	8.429823944
8.450187521	8.450187521
8.470551101	8.470551101
8.490914683	8.490914683
8.511278265	8.511278265
8.531641845	8.531641845
8.55200542	8.55200542
8.57236899	8.57236899
8.592732554	8.592732554
8.613096113	8.613096113
8.633459668	8.633459668
8.653823225	8.653823225
8.674186786	8.674186786
8.694550353	8.694550353
8.71491393	8.71491393
8.735277513	8.735277513
8.755641099	8.755641099
8.776004682	8.776004682
8.796368257	8.796368257
8.81673182	8.81673182
8.837095369	8.837095369
8.857458906	8.857458906
8.877822438	8.877822438
8.898185973	8.898185973
8.918549517	8.918549517
8.938913079	8.938913079
8.95927666	8.95927666
8.97964026	8.97964026
9.000003871	9.000003871
9.020367481	9.020367481
9.040731076	9.040731076
9.061094641	9.061094641
9.081458172	9.081458172
9.101821671	9.101821671
9.122185152	9.122185152
9.142548634	9.142548634
9.162912138	9.162912138
9.18327568	9.18327568
9.203639268	9.203639268
9.224002903	9.224002903
9.24436657	9.24436657
9.264730246	9.264730246
9.285093899	9.285093899
9.305457494	9.305457494
9.325821017	9.325821017
9.346184486	9.346184486
9.36654792	9.36654792
9.386911349	9.386911349
9.407274824	9.407274824
9.42763836	9.42763836
9.448001951	9.448001951
9.468365589	9.468365589
9.488729255	9.488729255
9.509092905	9.509092905
9.529456522	9.529456522
9.549820088	9.549820088
9.570183592	9.570183592
9.590547057	9.590547057
9.610910505	9.610910505
9.631273966	9.631273966
9.65163748	9.65163748
9.672001057	9.672001057
9.692364678	9.692364678
9.712728325	9.712728325
9.733091976	9.733091976
9.753455593	9.753455593
9.773819162	9.773819162
9.794182684	9.794182684
9.814546158	9.814546158
9.834909615	9.834909615
9.855273074	9.855273074
9.875636563	9.875636563
9.896000112	9.896000112
9.916363724	9.916363724
9.936727369	9.936727369
9.957091022	9.957091022
9.977454658	9.977454658
9.9978182462	9.9978182462
10.018181781	10.018181781
10.038545276	10.038545276
10.05890874	10.05890874
10.079272183	10.079272183
10.099635651	10.099635651
10.119999168	10.119999168
10.140362738	10.140362738
10.160726361	10.160726361
10.181090022	10.181090022
10.201453664	10.201453664
10.221817265	10.221817265
10.24218082	10.24218082
10.262544327	10.262544327
10.282907811	10.282907811
10.303271285	10.303271285
10.323634756	10.323634756
10.343998258	10.343998258
10.364361803	10.364361803
10.384725393	10.384725393
10.40508902	10.40508902
10.425452668	10.425452668
10.445816282	10.445816282
10.466179847	10.466179847
10.486543366	10.486543366
10.506906848	10.506906848
10.527270312	10.527270312
10.547633798	10.547633798
10.567997312	10.567997312
10.588360855	10.588360855
10.608724435	10.608724435
10.629088049	10.629088049
10.649451675	10.649451675
10.669815299	10.669815299
10.690178877	10.690178877
10.710542403	10.710542403
10.730905881	10.730905881
10.751269345	10.751269345
10.771632829	10.771632829
10.791996345	10.791996345
10.81235989	10.81235989
10.832723468	10.832723468
10.853087073	10.853087073
10.873450685	10.873450685
10.893814294	10.893814294
10.914177883	10.914177883
10.93454142	10.93454142
10.954904909	10.954904909
10.975268378	10.975268378
10.995631848	10.995631848
11.015995343	11.015995343
11.036358894	11.036358894
11.056722479	11.056722479
11.077086092	11.077086092
11.097449711	11.097449711
11.117813316	11.117813316
11.138176899	11.138176899
11.15854045	11.15854045
11.178903941	11.178903941
11.199267399	11.199267399
11.219630861	11.219630861
11.239994345	11.239994345
11.260357876	11.260357876
11.280721466	11.280721466
11.301085084	11.301085084
11.321448707	11.321448707
11.34181232	11.34181232
11.362175907	11.362175907
11.382539455	11.382539455
11.402902966	11.402902966
11.423266432	11.423266432
11.443629877	11.443629877
11.463993347	11.463993347
11.484356861	11.484356861
11.504720438	11.504720438
11.525084064	11.525084064
11.545447707	11.545447707
11.565811333	11.565811333
11.586174929	11.586174929
11.606538478	11.606538478
11.626901984	11.626901984
11.647265457	11.647265457
11.667628898	11.667628898
11.687992337	11.687992337
11.708355824	11.708355824
11.728719379	11.728719379
11.749082996	11.749082996
11.769446651	11.769446651
11.789810294	11.789810294
11.810173907	11.810173907
11.830537468	11.830537468
11.850900978	11.850900978
11.871264447	11.871264447
11.891627892	11.891627892
11.911991341	11.911991341
11.932354817	11.932354817
11.952718344	11.952718344
11.973081939	11.973081939
11.99344559434	11.99344559434
12.01380925529	12.01380925529
12.03417289179	12.03417289179
12.05453648076	12.05453648076
12.07490000782	12.07490000782
12.09526348889	12.09526348889
12.11562694407	12.11562694407
12.13599037609	12.13599037609
12.15635383144	12.15635383144
12.17671733008	12.17671733008
12.19708089675	12.19708089675
12.21744452651	12.21744452651
12.23780820658	12.23780820658
12.25817186695	12.25817186695
12.27853547415	12.27853547415
12.29889902237	12.29889902237
12.31926251112	12.31926251112
12.33962596611	12.33962596611
12.35998940793	12.35998940793
12.38035284084	12.38035284084
12.40071631628	12.40071631628
12.42107985784	12.42107985784
12.44144346227	12.44144346227
12.46180712183	12.46180712183
12.48217079302	12.48217079302
12.50253443125	12.50253443125
12.52289800715	12.52289800715
12.54326151994	12.54326151994
12.56362497754	12.56362497754
12.58398841843	12.58398841843
12.60435187275	12.60435187275
12.62471534467	12.62471534467
12.64507885982	12.64507885982
12.665442439	12.665442439
12.68580607513	12.68580607513
12.7061697389	12.7061697389
12.72653339076	12.72653339076
12.74689698692	12.74689698692
12.76726052176	12.76726052176
12.78762399747	12.78762399747
12.80798744572	12.80798744572
12.82835090632	12.82835090632
12.84871437559	12.84871437559
12.86907787691	12.86907787691
12.88944143612	12.88944143612
12.90980505083	12.90980505083
12.93016869997	12.93016869997
12.95053235982	12.95053235982
12.97089597196	12.97089597196
12.9912595269	12.9912595269
13.01162302148	13.01162302148
13.03198648033	13.03198648033
13.05234994077	13.05234994077
13.07271341256	13.07271341256
13.09307690579	13.09307690579
13.11344044901	13.11344044901
13.13380404338	13.13380404338
13.15416767578	13.15416767578
13.17453132941	13.17453132941
13.19489495271	13.19489495271
13.21525852353	13.21525852353
13.23562203445	13.23562203445
13.25598550384	13.25598550384
13.27634896623	13.27634896623
13.29671244231	13.29671244231
13.31707593321	13.31707593321
13.33743946613	13.33743946613
13.35780304472	13.35780304472
13.37816666195	13.37816666195
13.39853029428	13.39853029428
13.41889392135	13.41889392135
13.43925750265	13.43925750265
13.45962102575	13.45962102575
13.47998450311	13.47998450311
13.5003479667	13.5003479667
13.52071143701	13.52071143701
13.54107493074	13.54107493074
13.56143845968	13.56143845968
13.58180202889	13.58180202889
13.60216563541	13.60216563541
13.62252925954	13.62252925954
13.64289288686	13.64289288686
13.6632564835	13.6632564835
13.68362002358	13.68362002358
13.70398351206	13.70398351206
13.72434697794	13.72434697794
13.74471044149	13.74471044149
13.76507393006	13.76507393006
13.7854374548	13.7854374548
13.80580101807	13.80580101807
13.82616461551	13.82616461551
13.8465282397	13.8465282397
13.86689186547	13.86689186547
13.88725547992	13.88725547992
13.90761903678	13.90761903678
13.92798253824	13.92798253824
13.94834600806	13.94834600806
13.96870946542	13.96870946542
13.98907293789	13.98907293789
14.0094364577312	14.0094364577312
14.0298000130973	14.0298000130973
14.0501636013946	14.0501636013946
14.0705272175708	14.0705272175708
14.0908908398268	14.0908908398268
14.1112544558006	14.1112544558006
14.131618032832	14.131618032832
14.1519815536864	14.1519815536864
14.1723450349716	14.1723450349716
14.1927085077246	14.1927085077246
14.2130719896849	14.2130719896849
14.2334355040105	14.2334355040105
14.2537990549689	14.2537990549689
14.2741626356452	14.2741626356452
14.2945262384683	14.2945262384683
14.31488985414	14.31488985414
14.3352534688751	14.3352534688751
14.3556170600466	14.3556170600466
14.3759805997988	14.3759805997988
14.3963440939232	14.3963440939232
14.4167075575528	14.4167075575528
14.4370710296378	14.4370710296378
14.4574345273653	14.4574345273653
14.4777980714691	14.4777980714691
14.4981616426774	14.4981616426774
14.5185252369021	14.5185252369021
14.5388888459439	14.5388888459439
14.5592524577909	14.5592524577909
14.5796160513772	14.5796160513772
14.5999796099103	14.5999796099103
14.6203431219358	14.6203431219358
14.6407065980394	14.6407065980394
14.661070072973	14.661070072973
14.6814335632932	14.6814335632932
14.7017970968586	14.7017970968586
14.7221606625634	14.7221606625634
14.7425242495702	14.7425242495702
14.7628878511626	14.7628878511626
14.7832514573138	14.7832514573138
14.8036150489136	14.8036150489136
14.8239786175551	14.8239786175551
14.8443421450529	14.8443421450529
14.864705633971	14.864705633971
14.8850691134089	14.8850691134089
14.9054325990543	14.9054325990543
14.9257961207536	14.9257961207536
14.946159684211	14.946159684211
14.9665232657805	14.9665232657805
14.9868868609564	14.9868868609564
15.0072504552867	15.0072504552867
15.0276140424889	15.0276140424889
15.0479776114859	15.0479776114859
15.0683411540567	15.0683411540567
15.0887046650757	15.0887046650757
15.1090681553673	15.1090681553673
15.1294316430273	15.1294316430273
15.1497951588092	15.1497951588092
15.1701587138572	15.1701587138572
15.1905222925003	15.1905222925003
15.2108858824712	15.2108858824712
15.2312494716142	15.2312494716142
15.2516130543978	15.2516130543978
15.2719766214649	15.2719766214649
15.2923401732238	15.2923401732238
15.3127036979845	15.3127036979845
15.3330672000747	15.3330672000747
15.3534306944438	15.3534306944438
15.3737942095462	15.3737942095462
15.3941577577945	15.3941577577945
15.4145213355139	15.4145213355139
15.4348849216765	15.4348849216765
15.45524850525	15.45524850525
15.4756120814072	15.4756120814072
15.495975642631	15.495975642631
15.5163391908779	15.5163391908779
15.5367027230994	15.5367027230994
15.5570662339046	15.5570662339046
15.5774297450285	15.5774297450285
15.5977932655151	15.5977932655151
15.6181568125271	15.6181568125271
15.6385203870374	15.6385203870374
15.6588839749237	15.6588839749237
15.6792475573766	15.6792475573766
15.6996111267042	15.6996111267042
15.7199746823757	15.7199746823757
15.7403382259043	15.7403382259043
15.7607017621585	15.7607017621585
15.7810652801503	15.7810652801503
15.8014287964864	15.8014287964864
15.821792319031	15.821792319031
15.8421558642616	15.8421558642616
15.8625194337963	15.8625194337963
15.882883019138	15.882883019138
15.9032465996451	15.9032465996451
15.9236101656193	15.9236101656193
15.9439737165965	15.9439737165965
15.9643372553651	15.9643372553651
15.9847007880873	15.9847007880873
16.005064314530316	16.005064314530316
16.025427839609687	16.025427839609687
16.04579137674909	16.04579137674909
16.066154928540364	16.066154928540364
16.086518499374051	16.086518499374051
16.10688208618156	16.10688208618156
16.127245666527617	16.127245666527617
16.147609230362654	16.147609230362654
16.167972775362568	16.167972775362568
16.188336305943039	16.188336305943039
16.208699829769682	16.208699829769682
16.229063362225954	16.229063362225954
16.249426892833952	16.249426892833952
16.26979043628527	16.26979043628527
16.290153994274586	16.290153994274586
16.310517569997717	16.310517569997717
16.330881159280445	16.330881159280445
16.351244750972302	16.351244750972302
16.371608318197907	16.371608318197907
16.39197185989423	16.39197185989423
16.412335382109532	16.412335382109532
16.432698893389571	16.432698893389571
16.453062413546668	16.453062413546668
16.473425948927133	16.473425948927133
16.493789494909741	16.493789494909741
16.514153057483711	16.514153057483711
16.534516639141877	16.534516639141877
16.554880230238282	16.554880230238282
16.575243823183683	16.575243823183683
16.595607394502302	16.595607394502302
16.615970935547551	16.615970935547551
16.636334451774388	16.636334451774388
16.656697958581017	16.656697958581017
16.677061467975005	16.677061467975005
16.697425000215073	16.697425000215073
16.717788545713017	16.717788545713017
16.738152114435053	16.738152114435053
16.7585157023994	16.7585157023994
16.778879305258897	16.778879305258897
16.799242907282778	16.799242907282778
16.819606488282375	16.819606488282375
16.839970036551211	16.839970036551211
16.860333552418282	16.860333552418282
16.880697050888323	16.880697050888323
16.901060555309918	16.901060555309918
16.921424077232807	16.921424077232807
16.941787618659045	16.941787618659045
16.962151186926544	16.962151186926544
16.982514777911007	16.982514777911007
17.002878382193554	17.002878382193554
17.023241989741933	17.023241989741933
17.04360558048392	17.04360558048392
17.063969136288385	17.063969136288385
17.084332654687227	17.084332654687227
17.104696146418927	17.104696146418927
17.125059636619341	17.125059636619341
17.14542313992623	17.14542313992623
17.165786670837196	17.165786670837196
17.186150233136328	17.186150233136328
17.206513824231038	17.206513824231038
17.226877433842162	17.226877433842162
17.247241051135862	17.247241051135862
17.267604653008632	17.267604653008632
17.287968219559257	17.287968219559257
17.308331745606385	17.308331745606385
17.328695236693456	17.328695236693456
17.349058718163192	17.349058718163192
17.369422207417781	17.369422207417781
17.389785734480775	17.389785734480775
17.410149294179377	17.410149294179377
17.430512887223482	17.430512887223482
17.450876503864535	17.450876503864535
17.471240124672097	17.471240124672097
17.49160373716294	17.49160373716294
17.511967326855	17.511967326855
17.532330865303908	17.532330865303908
17.552694362811767	17.552694362811767
17.573057836411969	17.573057836411969
17.593421307358419	17.593421307358419
17.613784812519363	17.613784812519363
17.634148365895022	17.634148365895022
17.65451195338137	17.65451195338137
17.674875570982135	17.674875570982135
17.695239199312432	17.695239199312432
17.715602823160292	17.715602823160292
17.735966415826166	17.735966415826166
17.756329966833551	17.756329966833551
17.776693468844488	17.776693468844488
17.797056936834789	17.797056936834789
17.817420405019448	17.817420405019448
17.837783892424273	17.837783892424273
17.858147429748726	17.858147429748726
17.878511009679787	17.878511009679787
17.898874626701371	17.898874626701371
17.919238263361208	17.919238263361208
17.939601891934981	17.939601891934981
17.959965498946893	17.959965498946893
17.980329070417046	17.980329070417046
18.000692586686572	18.000692586686572
18.021056058558223	18.021056058558223
18.041419518504881	18.041419518504881
18.061783002703194	18.061783002703194
18.082146524728248	18.082146524728248
18.102510096680152	18.102510096680152
18.122873709516856	18.122873709516856
18.143237348939454	18.143237348939454
18.163600986634325	18.163600986634325
18.183964606603347	18.183964606603347
18.204328182843785	18.204328182843785
18.224691711820988	18.224691711820988
18.245055187587646	18.245055187587646
18.265418638606299	18.265418638606299
18.285782104381052	18.285782104381052
18.306145602653789	18.306145602653789
18.326509152774403	18.326509152774403
18.346872758864571	18.346872758864571
18.367236400991022	18.367236400991022
18.38760005104929	18.38760005104929
18.407963677795411	18.407963677795411
18.428327269705346	18.428327269705346
18.448690815872759	18.448690815872759
18.469054308111442	18.469054308111442
18.489417761853009	18.489417761853009
18.509781217426724	18.509781217426724
18.530144696567966	18.530144696567966
18.550508234382271	18.550508234382271
18.570871830881437	18.570871830881437
18.591235471593642	18.591235471593642
18.611599130648568	18.611599130648568
18.631962773106508	18.631962773106508
18.65232638325195	18.65232638325195
18.672689945657726	18.672689945657726
18.693053451693164	18.693053451693164
18.713416916117637	18.713416916117637
18.733780362846996	18.733780362846996
18.754143820792596	18.754143820792596
18.774507333772565	18.774507333772565
18.79487090765868	18.79487090765868
18.815234536183535	18.815234536183535
18.835598194881722	18.835598194881722
18.855961847689553	18.855961847689553
18.876325475301879	18.876325475301879
18.896689048415144	18.896689048415144
18.917052568656807	18.917052568656807
18.937416033383958	18.937416033383958
18.957779471345752	18.957779471345752
18.978142926667076	18.978142926667076
18.998506419082386	18.998506419082386
19.018869969709424	19.018869969709424
19.039233588982782	19.039233588982782
19.059597249947831	19.059597249947831
19.079960915854745	19.079960915854745
19.100324550297486	19.100324550297486
19.12068814081254	19.12068814081254
19.141051676253102	19.141051676253102
19.161415159825257	19.161415159825257
19.181778602308832	19.181778602308832
19.202142048347902	19.202142048347902
19.222505521441327	19.222505521441327
19.242869059343374	19.242869059343374
19.263232662128292	19.263232662128292
19.283596321755777	19.283596321755777
19.303959998235012	19.303959998235012
19.324323650957361	19.324323650957361
19.344687262713553	19.344687262713553
19.365050816989946	19.365050816989946
19.385414310316893	19.385414310316893
19.405777756082614	19.405777756082614
19.426141190358308	19.426141190358308
19.446504657601846	19.446504657601846
19.466868173575662	19.466868173575662
19.487231753884561	19.487231753884561
19.507595396759108	19.507595396759108
19.527959073033518	19.527959073033518
19.548322737534924	19.548322737534924
19.568686368770202	19.568686368770202
19.589049935808166	19.589049935808166
19.609413441892517	19.609413441892517
19.629776895323829	19.629776895323829
19.650140324085889	19.650140324085889
19.670503774254556	19.670503774254556
19.690867266152907	19.690867266152907
19.711230821323472	19.711230821323472
19.73159444925788	19.73159444925788
19.751958129550523	19.751958129550523
19.772321811423804	19.772321811423804
19.792685453987765	19.792685453987765
19.813049044105917	19.813049044105917
19.833412570544095	19.833412570544095
19.853776041146514	19.853776041146514
19.874139476399382	19.874139476399382
19.894502917532012	19.894502917532012
19.914866389010324	19.914866389010324
19.935229917975168	19.935229917975168
19.955593524848609	19.955593524848609
19.975957187774572	19.975957187774572
19.996320874733271	19.996320874733271
20.016684550120743	20.016684550120743
20.037048167043981	20.037048167043981
20.057411710621192	20.057411710621192
20.077775192388618	20.077775192388618
20.098138628917507	20.098138628917507
20.118502059399074	20.118502059399074
20.138865508986495	20.138865508986495
20.159229023465087	20.159229023465087
20.179592607100602	20.179592607100602
20.199956255604565	20.199956255604565
20.220319945486132	20.220319945486132
20.240683620766543	20.240683620766543
20.261047257663286	20.261047257663286
20.281410832167804	20.281410832167804
20.301774331879244	20.301774331879244
20.322137783429373	20.322137783429373
20.342501213903304	20.342501213903304
20.362864648280748	20.362864648280748
20.383228138828642	20.383228138828642
20.403591704894403	20.403591704894403
20.423955336667486	20.423955336667486
20.444319020110335	20.444319020110335
20.464682706780074	20.464682706780074
20.4850463639211	20.4850463639211
20.505409951332151	20.505409951332151
20.525773468251913	20.525773468251913
20.546136926719758	20.546136926719758
20.566500353084983	20.566500353084983
20.58686379300913	20.58686379300913
20.60722726687111	20.60722726687111
20.627590801128761	20.627590801128761
20.64795441391718	20.64795441391718
20.668318080979176	20.668318080979176
20.688681773855972	20.688681773855972
20.709045453473365	20.709045453473365
20.729409068646017	20.729409068646017
20.749772611419541	20.749772611419541
20.770136084134176	20.770136084134176
20.790499510875151	20.790499510875151
20.810862941363315	20.810862941363315
20.831226395769434	20.831226395769434
20.851589903591321	20.851589903591321
20.871953493155498	20.871953493155498
20.892317147946429	20.892317147946429
20.91268084099665	20.91268084099665
20.933044522143433	20.933044522143433
20.953408158996417	20.953408158996417
20.973771726877139	20.973771726877139
20.994135216182315	20.994135216182315
21.014498647231765	21.014498647231765
21.034862066938341	21.034862066938341
21.055225523493107	21.055225523493107
21.075589028270947	21.075589028270947
21.09595260010617	21.09595260010617
21.11631624217042	21.11631624217042
21.13667993192826	21.13667993192826
21.157043622219458	21.157043622219458
21.177407283408883	21.177407283408883
21.197770879675883	21.197770879675883
21.218134389519353	21.218134389519353
21.238497836775693	21.238497836775693
21.258861251796009	21.258861251796009
21.279224689518124	21.279224689518124
21.299588170345064	21.299588170345064
21.319951714716868	21.319951714716868
21.340315336185814	21.340315336185814
21.360679016026531	21.360679016026531
21.381042711383849	21.381042711383849
21.401406374446395	21.401406374446395
21.421769982472028	21.421769982472028
21.442133515127527	21.442133515127527
21.462496976693785	21.462496976693785
21.482860393048234	21.482860393048234
21.503223817820857	21.503223817820857
21.523587279345897	21.523587279345897
21.543950801098713	21.543950801098713
21.564314404308888	21.564314404308888
21.584678068102271	21.584678068102271
21.60504176411683	21.60504176411683
21.625405459474745	21.625405459474745
21.645769099746477	21.645769099746477
21.666132665713675	21.666132665713675
21.686496148420083	21.686496148420083
21.706859570535677	21.706859570535677
21.727222982663253	21.727222982663253
21.747586416941004	21.747586416941004
21.767949909192897	21.767949909192897
21.788313486009717	21.788313486009717
21.808677133241211	21.808677133241211
21.82904082416303	21.82904082416303
21.84940450995434	21.84940450995434
21.869768163850789	21.869768163850789
21.890131757987671	21.890131757987671
21.910495265390686	21.910495265390686
21.930858711015972	21.930858711015972
21.951222125836654	21.951222125836654
21.971585546894623	21.971585546894623
21.991949032552363	21.991949032552363
22.012312594521671	22.012312594521671
22.032676231675797	22.032676231675797
22.053039921498861	22.053039921498861
22.073403617439212	22.073403617439212
22.093767290316517	22.093767290316517
22.11413090833793	22.11413090833793
22.134494442141261	22.134494442141261
22.154857900803545	22.154857900803545
22.175221313392186	22.175221313392186
22.195584715794094	22.195584715794094
22.215948170867208	22.215948170867208
22.236311697438328	22.236311697438328
22.256675313076805	22.256675313076805
22.277038993220245	22.277038993220245
22.297402693861933	22.297402693861933
22.317766383220821	22.317766383220821
22.338130025571573	22.338130025571573
22.358493582187311	22.358493582187311
22.378857061052425	22.378857061052425
22.399220481773654	22.399220481773654
22.419583895858359	22.419583895858359
22.439947335198902	22.439947335198902
22.460310834521337	22.460310834521337
22.480674424477382	22.480674424477382
22.501038087444623	22.501038087444623
22.521401788752353	22.521401788752353
22.541765492376552	22.541765492376552
22.562129139950628	22.562129139950628
22.582492716432704	22.582492716432704
22.602856210030499	22.602856210030499
22.623219640807665	22.623219640807665
22.643583051397837	22.643583051397837
22.663946473054299	22.663946473054299
22.684309943929183	22.684309943929183
22.704673505427493	22.704673505427493
22.725037149903759	22.725037149903759
22.745400850564987	22.745400850564987
22.765764552275609	22.765764552275609
22.786128222006329	22.786128222006329
22.806491828034719	22.806491828034719
22.826855346473121	22.826855346473121
22.847218799590618	22.847218799590618
22.867582217501894	22.867582217501894
22.887945634097271	22.887945634097271
22.908309106293434	22.908309106293434
22.92867264901551	22.92867264901551
22.949036275302998	22.949036275302998
22.969399965008808	22.969399965008808
22.989763671657332	22.989763671657332
23.010127361297862	23.010127361297862
23.030490993522683	23.030490993522683
23.050854533067184	23.050854533067184
23.071217994148828	23.071217994148828
23.091581405819909	23.091581405819909
23.111944803823064	23.111944803823064
23.132308252160367	23.132308252160367
23.152671765690044	23.152671765690044
23.173035367031051	23.173035367031051
23.193399040358599	23.193399040358599
23.213762745133188	23.213762745133188
23.234126447919824	23.234126447919824
23.25449010954231	23.25449010954231
23.274853677613862	23.274853677613862
23.295217156919623	23.295217156919623
23.315580573516542	23.315580573516542
23.335943981323261	23.335943981323261
23.356307414132171	23.356307414132171
23.37667090907922	23.37667090907922
23.397034492955648	23.397034492955648
23.417398150314526	23.417398150314526
23.437761852332706	23.437761852332706
23.458125564408579	23.458125564408579
23.478489225051852	23.478489225051852
23.498852815992024	23.498852815992024
23.519216312847252	23.519216312847252
23.539579735056286	23.539579735056286
23.559943132218134	23.559943132218134
23.580306540359711	23.580306540359711
23.600670001421321	23.600670001421321
23.62103356212419	23.62103356212419
23.641397207797173	23.641397207797173
23.661760910283551	23.661760910283551
23.682124636277155	23.682124636277155
23.702488321250797	23.702488321250797
23.722851940926763	23.722851940926763
23.743215467303472	23.743215467303472
23.76357890781405	23.76357890781405
23.783942303927983	23.783942303927983
23.804305693568754	23.804305693568754
23.824669145037038	23.824669145037038
23.845032677024168	23.845032677024168
23.86539630690309	23.86539630690309
23.885760004833365	23.885760004833365
23.906123740626054	23.906123740626054
23.926487447230215	23.926487447230215
23.946851076301261	23.946851076301261
23.967214620869765	23.967214620869765
23.987578078687442	23.987578078687442
24.007941474296214	24.007941474296214
24.028304869266204	24.028304869266204
24.048668298354464	24.048668298354464
24.069031799320179	24.069031799320179
24.089395403838481	24.089395403838481
24.109759093951048	24.109759093951048
24.130122817491152	24.130122817491152
24.150486536959775	24.150486536959775
24.170850209303936	24.170850209303936
24.191213782934252	24.191213782934252
24.211577260378977	24.211577260378977
24.231940667272966	24.231940667272966
24.252304030937584	24.252304030937584
24.27266742773709	24.27266742773709
24.29303088959303	24.29303088959303
24.313394460327938	24.313394460327938
24.333758126194521	24.333758126194521
24.354121850063009	24.354121850063009
24.374485586972728	24.374485586972728
24.394849266520666	24.394849266520666
24.415212866213007	24.415212866213007
24.435576364518589	24.435576364518589
24.455939782519607	24.455939782519607
24.476303145141401	24.476303145141401
24.496666523707098	24.496666523707098
24.517029980765866	24.517029980765866
24.537393530153125	24.537393530153125
24.557757183072273	24.557757183072273
24.578120913468052	24.578120913468052
24.598484651143629	24.598484651143629
24.618848355032487	24.618848355032487
24.639211984905074	24.639211984905074
24.659575505640507	24.659575505640507
24.679938933285644	24.679938933285644
24.700302313586253	24.700302313586253
24.720665679601389	24.720665679601389
24.741029108276663	24.741029108276663
24.761392622853592	24.761392622853592
24.781756249522203	24.781756249522203
24.802119966137091	24.802119966137091
24.822483739195025	24.822483739195025
24.842847480441502	24.842847480441502
24.863211130155808	24.863211130155808
24.883574677830214	24.883574677830214
24.903938118685954	24.903938118685954
24.924301489587016	24.924301489587016
24.944664857588347	24.944664857588347
24.965028257237616	24.965028257237616
24.985391733923858	24.985391733923858
25.005755331007084	25.005755331007084
25.026119032656361	25.026119032656361
25.046482791358319	25.046482791358319
25.066846529128842	25.066846529128842
25.087210206546306	25.087210206546306
25.107573787465157	25.107573787465157
25.127937252401914	25.127937252401914
25.148300628919007	25.148300628919007
25.168663956002622	25.168663956002622
25.189027313091845	25.189027313091845
25.209390767273558	25.209390767273558
25.229754330779979	25.229754330779979
25.250118010659651	25.250118010659651
25.270481772583135	25.270481772583135
25.290845570645399	25.290845570645399
25.311209307111348	25.311209307111348
25.331572949001824	25.331572949001824
25.35193645723302	25.35193645723302
25.372299860795703	25.372299860795703
25.392663204515063	25.392663204515063
25.413026535971451	25.413026535971451
25.433389941821957	25.433389941821957
25.453753449337011	25.453753449337011
25.474117088525951	25.474117088525951
25.494480833022898	25.494480833022898
25.514844645433637	25.514844645433637
25.535208425378862	25.535208425378862
25.555572098340242	25.555572098340242
25.575935651126475	25.575935651126475
25.596299076349741	25.596299076349741
25.616662413782411	25.616662413782411
25.637025744395114	25.637025744395114
25.657389107638647	25.657389107638647
25.677752556723014	25.677752556723014
25.698116145452584	25.698116145452584
25.718479857862278	25.718479857862278
25.738843666344923	25.738843666344923
25.759207478527276	25.759207478527276
25.779571202936921	25.779571202936921
25.799934813981277	25.799934813981277
25.820298285132495	25.820298285132495
25.840661646552995	25.840661646552995
25.861024940033911	25.861024940033911
25.881388256413263	25.881388256413263
25.901751672720469	25.901751672720469
25.92211520757122	25.92211520757122
25.942478876291563	25.942478876291563
25.962842649415744	25.962842649415744
25.983206446696908	25.983206446696908
26.003570207336136	26.003570207336136
26.023933877493128	26.023933877493128
26.044297405037394	26.044297405037394
26.064660806841896	26.064660806841896
26.085024112324486	26.085024112324486
26.105387408624846	26.105387408624846
26.125750778628653	26.125750778628653
26.146114253525365	26.146114253525365
26.166477873326201	26.166477873326201
26.186841613372415	26.186841613372415
26.207205438158997	26.207205438158997
26.227569247303006	26.227569247303006
26.247932986897357	26.247932986897357
26.268296585461627	26.268296585461627
26.288660043674508	26.288660043674508
26.309023399778891	26.309023399778891
26.329386700808669	26.329386700808669
26.349750033870851	26.349750033870851
26.370113443801682	26.370113443801682
26.390476994578464	26.390476994578464
26.41084067647148	26.41084067647148
26.431204469883731	26.431204469883731
26.451568291574503	26.451568291574503
26.471932043805786	26.471932043805786
26.492295694091176	26.492295694091176
26.512659203631063	26.512659203631063
26.533022595620114	26.533022595620114
26.553385904383227	26.553385904383227
26.573749213967687	26.573749213967687
26.594112569758529	26.594112569758529
26.614476053178155	26.614476053178155
26.634839677702924	26.634839677702924
26.655203412734359	26.655203412734359
26.675567220104927	26.675567220104927
26.695931000218383	26.695931000218383
26.716294706606046	26.716294706606046
26.736658280016631	26.736658280016631
26.757021728910257	26.757021728910257
26.777385072563092	26.777385072563092
26.797748386361878	26.797748386361878
26.818111744614686	26.818111744614686
26.838475183490907	26.838475183490907
26.858838739847492	26.858838739847492
26.879202426747749	26.879202426747749
26.899566208214292	26.899566208214292
26.919930002722523	26.919930002722523
26.940293752598766	26.940293752598766
26.960657385135985	26.960657385135985
26.981020895167685	26.981020895167685
27.001384287142127	27.001384287142127
27.021747617257077	27.021747617257077
27.04211096220418	27.04211096220418
27.06247435828827	27.06247435828827
27.082837851078175	27.082837851078175
27.10320147657767	27.10320147657767
27.123565210290774	27.123565210290774
27.143928992399459	27.143928992399459
27.164292735452808	27.164292735452808
27.184656402444293	27.184656402444293
27.205019961888436	27.205019961888436
27.225383406562791	27.225383406562791
27.245746770410019	27.245746770410019
27.266110123283976	27.266110123283976
27.286473498208132	27.286473498208132
27.306836968559203	27.306836968559203
27.327200544708514	27.327200544708514
27.347564231651692	27.347564231651692
27.367927990529147	27.367927990529147
27.38829174498094	27.38829174498094
27.408655447189744	27.408655447189744
27.429019058382128	27.429019058382128
27.449382552002394	27.449382552002394
27.469745952134183	27.469745952134183
27.490109314386856	27.490109314386856
27.510472677147	27.510472677147
27.530836085484637	27.530836085484637
27.551199603956618	27.551199603956618
27.571563236453809	27.571563236453809
27.591926953986086	27.591926953986086
27.612290699546254	27.612290699546254
27.632654421144462	27.632654421144462
27.653018073273753	27.653018073273753
27.67338161540232	27.67338161540232
27.693745060200381	27.693745060200381
27.714108447554931	27.714108447554931
27.734471840596786	27.734471840596786
27.754835264038594	27.754835264038594
27.775198755595191	27.775198755595191
27.795562348963127	27.795562348963127
27.815926028744183	27.815926028744183
27.83628975410431	27.83628975410431
27.856653481061898	27.856653481061898
27.877017158745478	27.877017158745478
27.897380737335737	27.897380737335737
27.917744219770221	27.917744219770221
27.938107633615708	27.938107633615708
27.958471013704628	27.958471013704628
27.978834420132504	27.978834420132504
27.999197878429207	27.999197878429207
28.019561430360074	28.019561430360074
28.039925068820654	28.039925068820654
28.060288767770952	28.060288767770952
28.080652492707582	28.080652492707582
28.101016190553946	28.101016190553946
28.121379803878	28.121379803878
28.141743323350173	28.141743323350173
28.162106769211185	28.162106769211185
28.182470167988441	28.182470167988441
28.202833580034152	28.202833580034152
28.22319702465478	28.22319702465478
28.243560548692106	28.243560548692106
28.263924152526943	28.263924152526943
28.284287823138722	28.284287823138722
28.304651531360612	28.304651531360612
28.325015236491904	28.325015236491904
28.345378872169842	28.345378872169842
28.365742419934922	28.365742419934922
28.386105892711281	28.386105892711281
28.406469310055357	28.406469310055357
28.426832725349826	28.426832725349826
28.447196163690268	28.447196163690268
28.467559667076646	28.467559667076646
28.487923241463257	28.487923241463257
28.508286884228458	28.508286884228458
28.52865057136481	28.52865057136481
28.549014255414662	28.549014255414662
28.569377901311537	28.569377901311537
28.589741472758817	28.589741472758817
28.610104973442933	28.610104973442933
28.630468414975208	28.630468414975208
28.650831841443363	28.650831841443363
28.671195283069771	28.671195283069771
28.691558775316711	28.691558775316711
28.711922336875094	28.711922336875094
28.732285958221283	28.732285958221283
28.752649626491959	28.752649626491959
28.773013301906989	28.773013301906989
28.793376956075367	28.793376956075367
28.813740544348455	28.813740544348455
28.834104066309635	28.834104066309635
28.854467528001887	28.854467528001887
28.874830965600147	28.874830965600147
28.89519442357825	28.89519442357825
28.915557917384977	28.915557917384977
28.935921461593946	28.935921461593946
28.956285066803535	28.956285066803535
28.976648718541544	28.976648718541544
28.997012383669599	28.997012383669599
29.017376038550044	29.017376038550044
29.037739639119238	29.037739639119238
29.058103178594443	29.058103178594443
29.078466658507747	29.078466658507747
29.098830107921408	29.098830107921408
29.119193567962011	29.119193567962011
29.139557059330077	29.139557059330077
29.159920594161147	29.159920594161147
29.180284185977783	29.180284185977783
29.20064782351831	29.20064782351831
29.221011478393862	29.221011478393862
29.24137512884765	29.24137512884765
29.261738737321714	29.261738737321714
29.282102290075006	29.282102290075006
29.302465785014309	29.302465785014309
29.322829245157468	29.322829245157468
29.343192708440025	29.343192708440025
29.363556195247764	29.363556195247764
29.383919724283253	29.383919724283253
29.404283307946592	29.404283307946592
29.424646937097258	29.424646937097258
29.445010586913412	29.445010586913412
29.465374224328926	29.465374224328926
29.485737833779044	29.485737833779044
29.506101395538654	29.506101395538654
29.526464905293693	29.526464905293693
29.546828377876057	29.546828377876057
29.567191847266141	29.567191847266141
29.587555333550434	29.587555333550434
29.607918867257876	29.607918867257876
29.628282447367621	29.628282447367621
29.648646072700814	29.648646072700814
29.66900972085234	29.66900972085234
29.689373359816113	29.689373359816113
29.709736973667368	29.709736973667368
29.73010054461821	29.73010054461821
29.750464063320806	29.750464063320806
29.770827542514006	29.770827542514006
29.791191012942136	29.791191012942136
29.811554494649901	29.811554494649901
29.831918019413379	29.831918019413379
29.852281590609927	29.852281590609927
29.87264520875712	29.87264520875712
29.89300885430772	29.89300885430772
29.913372495213348	29.913372495213348
29.933736114591522	29.933736114591522
29.954099693238337	29.954099693238337
29.974463220840743	29.974463220840743
29.994826707695101	29.994826707695101
30.015190181571576	30.015190181571576
30.035553661185784	30.035553661185784
30.055917179699463	30.055917179699463
30.076280743646912	30.076280743646912
30.096644354761622	30.096644354761622
30.117007997950033	30.117007997950033
30.137371641594168	30.137371641594168
30.157735267420321	30.157735267420321
30.178098855891079	30.178098855891079
30.198462392699231	30.198462392699231
30.218825890426725	30.218825890426725
30.239189364361248	30.239189364361248
30.25955283640474	30.25955283640474
30.279916343344524	30.279916343344524
30.300279901474731	30.300279901474731
30.320643505871359	30.320643505871359
30.341007144795867	30.341007144795867
30.361370787860917	30.361370787860917
30.38173441640977	30.38173441640977
30.402098002055496	30.402098002055496
30.422461542382091	30.422461542382091
30.442825038809239	30.442825038809239
30.463188507629678	30.463188507629678
30.483551982196627	30.483551982196627
30.503915479960785	30.503915479960785
30.524279019671781	30.524279019671781
30.544642614129003	30.544642614129003
30.565006251276188	30.565006251276188
30.585369897179056	30.585369897179056
30.605733532385997	30.605733532385997
30.626097126908075	30.626097126908075
30.646460676326459	30.646460676326459
30.666824183007936	30.666824183007936
30.68718765791288	30.68718765791288
30.70755112813757	30.70755112813757
30.727914612778346	30.727914612778346
30.74827813405777	30.74827813405777
30.768641712684627	30.768641712684627
30.789005337506143	30.789005337506143
30.809368982382612	30.809368982382612
30.829732621913394	30.829732621913394
30.85009622315296	30.85009622315296
30.870459774979732	30.870459774979732
30.89082328426715	30.89082328426715
30.911186762143487	30.911186762143487
30.931550227926319	30.931550227926319
30.951913700647534	30.951913700647534
30.972277216292159	30.972277216292159
30.99264078078324	30.99264078078324
31.013004398024645	31.013004398024645
31.033368049325158	31.033368049325158
31.053731686881758	31.053731686881758
31.074095294915224	31.074095294915224
31.094458854078141	31.094458854078141
31.114822368233284	31.114822368233284
31.135185846461376	31.135185846461376
31.155549313645068	31.155549313645068
31.175912791862725	31.175912791862725
31.196276296315418	31.196276296315418
31.216639844086959	31.216639844086959
31.237003445110048	31.237003445110048
31.257367086949198	31.257367086949198
31.277730729327711	31.277730729327711
31.298094345589757	31.298094345589757
31.31845791233382	31.31845791233382
31.338821430963677	31.338821430963677
31.359184908245393	31.359184908245393
31.379548373595291	31.379548373595291
31.399911846107827	31.399911846107827
31.42027533663024	31.42027533663024
31.440638864969024	31.440638864969024
31.461002448072534	31.461002448072534
31.481366076926601	31.481366076926601
31.501729727028618	31.501729727028618
31.522093357567218	31.522093357567218
31.54245693915508	31.54245693915508
31.562820469756151	31.562820469756151
31.583183953157157	31.583183953157157
31.603547416865229	31.603547416865229
31.623910892771228	31.623910892771228
31.644274376916581	31.644274376916581
31.664637901141017	31.664637901141017
31.685001468901451	31.685001468901451
31.705365082454122	31.705365082454122
31.725728724496872	31.725728724496872
31.746092355299915	31.746092355299915
31.766455945489476	31.766455945489476
31.78681948414529	31.78681948414529
31.807182976042906	31.807182976042906
31.827546438685353	31.827546438685353
31.847909908332529	31.847909908332529
31.868273388992424	31.868273388992424
31.888636902195078	31.888636902195078
31.909000453982117	31.909000453982117
31.929364050449163	31.929364050449163
31.949727681493954	31.949727681493954
31.970091319836328	31.970091319836328
31.99045492777417	31.99045492777417
32.010818480590061	32.010818480590061
32.031181983267793	32.031181983267793
32.051545447767268	32.051545447767268
32.071908910466945	32.071908910466945
32.092272393226914	32.092272393226914
32.112635899908689	32.112635899908689
32.132999446517466	32.132999446517466
32.153363029990324	32.153363029990324
32.173726647004273	32.173726647004273
32.194090277245749	32.194090277245749
32.214453898162198	32.214453898162198
32.234817463349977	32.234817463349977
32.255180974268661	32.255180974268661
32.275544439263712	32.275544439263712
32.29590789308488	32.29590789308488
32.316271372615553	32.316271372615553
32.336634879166908	32.336634879166908
32.356998418754273	32.356998418754273
32.377361991437226	32.377361991437226
32.397725596571597	32.397725596571597
32.418089219122585	32.418089219122585
32.438452845142351	32.438452845142351
32.458816429063369	32.458816429063369
32.479179956321005	32.479179956321005
32.499543430979493	32.499543430979493
32.519906884382515	32.519906884382515
32.54027035472555	32.54027035472555
32.560633859650864	32.560633859650864
32.580997396171533	32.580997396171533
32.601360961253675	32.601360961253675
32.621724556019672	32.621724556019672
32.642088169671162	32.642088169671162
32.662451781608709	32.662451781608709
32.682815376931032	32.682815376931032
32.703178917021681	32.703178917021681
32.723542407112411	32.723542407112411
32.743905864163892	32.743905864163892
32.764269327846783	32.764269327846783
32.784632818593217	32.784632818593217
32.804996355353701	32.804996355353701
32.825359916838835	32.825359916838835
32.84572350506587	32.84572350506587
32.866087112154659	32.866087112154659
32.886450719673952	32.886450719673952
32.906814317370291	32.906814317370291
32.927177873310406	32.927177873310406
32.947541376043965	32.947541376043965
32.967904837004795	32.967904837004795
32.988268294506561	32.988268294506561
33.008631770540099	33.008631770540099
33.028995298909599	33.028995298909599
33.049358863031472	33.049358863031472
33.069722448457128	33.069722448457128
33.090086050100041	33.090086050100041
33.110449652861313	33.110449652861313
33.130813246995004	33.130813246995004
33.151176816866048	33.151176816866048
33.1715403311781	33.1715403311781
33.191903797107386	33.191903797107386
33.212267249861625	33.212267249861625
33.232630726931269	33.232630726931269
33.252994243121272	33.252994243121272
33.273357805020318	33.273357805020318
33.293721390941002	33.293721390941002
33.314084991809864	33.314084991809864
33.334448593570443	33.334448593570443
33.354812186461636	33.354812186461636
33.375175756630952	33.375175756630952
33.395539289482258	33.395539289482258
33.415902768628726	33.415902768628726
33.436266224090033	33.436266224090033
33.456629693813483	33.456629693813483
33.476993195667212	33.476993195667212
33.497356752782458	33.497356752782458
33.51772034047346	33.51772034047346
33.538083942457092	33.538083942457092
33.558447544074106	33.558447544074106
33.578811130218412	33.578811130218412
33.599174696168021	33.599174696168021
33.619538239230614	33.619538239230614
33.639901733357902	33.639901733357902
33.660265192902465	33.660265192902465
33.680628657404057	33.680628657404057
33.700992146093988	33.700992146093988
33.72135568862511	33.72135568862511
33.74171927992208	33.74171927992208
33.7620828869075	33.7620828869075
33.782446493696057	33.782446493696057
33.802810083714384	33.802810083714384
33.823173651242627	33.823173651242627
33.843537193214573	33.843537193214573
33.863900701786868	33.863900701786868
33.88426416850367	33.88426416850367
33.904627630249685	33.904627630249685
33.924991121397497	33.924991121397497
33.945354652701489	33.945354652701489
33.965718235514359	33.965718235514359
33.986081843508423	33.986081843508423
34.006445452401067	34.006445452401067
34.026809043929454	34.026809043929454
34.047172611331931	34.047172611331931
34.067536149540302	34.067536149540302
34.087899665707049	34.087899665707049
34.10826313855793	34.10826313855793
34.128626597975774	34.128626597975774
34.148990079543786	34.148990079543786
34.169353596538116	34.169353596538116
34.189717163630704	34.189717163630704
34.210080778737996	34.210080778737996
34.230444397737827	34.230444397737827
34.250807999429156	34.250807999429156
34.271171574687841	34.271171574687841
34.29153511645152	34.29153511645152
34.31189863138227	34.31189863138227
34.332262125094203	34.332262125094203
34.352625592125648	34.352625592125648
34.372989070406817	34.372989070406817
34.393352575710423	34.393352575710423
34.413716126078214	34.413716126078214
34.434079729690765	34.434079729690765
34.454443350227919	34.454443350227919
34.474806957928791	34.474806957928791
34.495170539215401	34.495170539215401
34.515534083500555	34.515534083500555
34.535897598551124	34.535897598551124
34.556261096180513	34.556261096180513
34.576624566461938	34.576624566461938
34.596988041795022	34.596988041795022
34.617351539110338	34.617351539110338
34.637715085658932	34.637715085658932
34.658078681241221	34.658078681241221
34.678442308605106	34.678442308605106
34.69880592771046	34.69880592771046
34.719169514695707	34.719169514695707
34.739533064183682	34.739533064183682
34.759896577899568	34.759896577899568
34.780260068573625	34.780260068573625
34.800623542514778	34.800623542514778
34.820987014581092	34.820987014581092
34.841350515775083	34.841350515775083
34.861714054611078	34.861714054611078
34.882077640448017	34.882077640448017
34.902441267104379	34.902441267104379
34.922804902211027	34.922804902211027
34.94316850432503	34.94316850432503
34.963532065900964	34.963532065900964
34.983895584634411	34.983895584634411
35.004259072060215	35.004259072060215
35.02462254540486	35.02462254540486
35.044986017078479	35.044986017078479
35.065349511987897	35.065349511987897
35.085713040643611	35.085713040643611
35.106076614982129	35.106076614982129
35.126440233414669	35.126440233414669
35.146803869453208	35.146803869453208
35.167167481325087	35.167167481325087
35.187531052949829	35.187531052949829
35.207894576650915	35.207894576650915
35.228258068502647	35.228258068502647
35.248621546065884	35.248621546065884
35.268985021138135	35.268985021138135
35.289348513815987	35.289348513815987
35.309712036308703	35.309712036308703
35.330075607047611	35.330075607047611
35.350439217894547	35.350439217894547
35.370802853456993	35.370802853456993
35.391166479728177	35.391166479728177
35.411530060186379	35.411530060186379
35.431893592280744	35.431893592280744
35.452257084131752	35.452257084131752
35.47262055304229	35.47262055304229
35.492984021819126	35.492984021819126
35.513347508534899	35.513347508534899
35.53371103257733	35.53371103257733
35.55407459683267	35.55407459683267
35.574438204215589	35.574438204215589
35.594801839739958	35.594801839739958
35.615165472341694	35.615165472341694
35.635529066311634	35.635529066311634
35.655892609933865	35.655892609933865
35.676256105997041	35.676256105997041
35.696619570751963	35.696619570751963
35.716983040221614	35.716983040221614
35.737346526475989	35.737346526475989
35.757710046027732	35.757710046027732
35.778073604352002	35.778073604352002
35.798437206570007	35.798437206570007
35.81880084046086	35.81880084046086
35.839164489832989	35.839164489832989
35.859528107419642	35.859528107419642
35.879891665365115	35.879891665365115
35.900255169455832	35.900255169455832
35.920618630882949	35.920618630882949
35.940982086134355	35.940982086134355
35.961345571781791	35.961345571781791
35.981709084330461	35.981709084330461
36.002072634526399	36.002072634526399
36.022436231349886	36.022436231349886
36.042799863448479	36.042799863448479
36.063163504300277	36.063163504300277
36.083527134911925	36.083527134911925
36.103890707192313	36.103890707192313
36.124254221581594	36.124254221581594
36.144617692144003	36.144617692144003
36.164981140560805	36.164981140560805
36.185344609215498	36.185344609215498
36.20570811116314	36.20570811116314
36.226071649617353	36.226071649617353
36.246435239003283	36.246435239003283
36.266798865258181	36.266798865258181
36.287162509928223	36.287162509928223
36.307526152197248	36.307526152197248
36.327889747986866	36.327889747986866
36.348253282069756	36.348253282069756
36.368616761375705	36.368616761375705
36.388980206306293	36.388980206306293
36.409343660700138	36.409343660700138
36.429707147066502	36.429707147066502
36.450070684030443	36.450070684030443
36.470434266754282	36.470434266754282
36.490797891344471	36.490797891344471
36.511161540865992	36.511161540865992
36.531525181842007	36.531525181842007
36.551888798397322	36.551888798397322
36.572252354131649	36.572252354131649
36.592615845278075	36.592615845278075
36.612979300691073	36.612979300691073
36.633342745953762	36.633342745953762
36.653706211548062	36.653706211548062
36.674069735386873	36.674069735386873
36.694433311896418	36.694433311896418
36.714796931708364	36.714796931708364
36.735160582717171	36.735160582717171
36.75552423112093	36.75552423112093
36.775887858460599	36.775887858460599
36.796251427490006	36.796251427490006
36.8166149305654	36.8166149305654
36.836978386245477	36.836978386245477
36.85734181950388	36.85734181950388
36.877705279267722	36.877705279267722
36.89806878547396	36.89806878547396
36.918432345507107	36.918432345507107
36.938795959685564	36.938795959685564
36.959159605498314	36.959159605498314
36.979523261145246	36.979523261145246
36.999886902290946	36.999886902290946
37.020250493667774	37.020250493667774
37.040614015258235	37.040614015258235
37.060977479800421	37.060977479800421
37.081340908739513	37.081340908739513
37.101704353691936	37.101704353691936
37.122067838536019	37.122067838536019
37.142431394698129	37.142431394698129
37.162795003753445	37.162795003753445
37.183158652050295	37.183158652050295
37.203522317659854	37.203522317659854
37.223885960705992	37.223885960705992
37.244249565245298	37.244249565245298
37.264613110358312	37.264613110358312
37.284976584134675	37.284976584134675
37.305340021557363	37.305340021557363
37.325703451437533	37.325703451437533
37.346066908207156	37.346066908207156
37.366430436986001	37.366430436986001
37.386794034518587	37.386794034518587
37.407157677576095	37.407157677576095
37.427521347724095	37.427521347724095
37.447885003217067	37.447885003217067
37.468248624069652	37.468248624069652
37.488612182599766	37.488612182599766
37.508975672224445	37.508975672224445
37.529339112058913	37.529339112058913
37.549702530583744	37.549702530583744
37.570065982862587	37.570065982862587
37.590429489502668	37.590429489502668
37.610793075522921	37.610793075522921
37.631156715777415	37.631156715777415
37.651520393957995	37.651520393957995
37.671884067595357	37.671884067595357
37.692247698360276	37.692247698360276
37.712611275591613	37.712611275591613
37.732974788574467	37.732974788574467
37.75333823780614	37.75333823780614
37.773701650449041	37.773701650449041
37.79406508332508	37.79406508332508
37.814428561735717	37.814428561735717
37.834792121806323	37.834792121806323
37.855155752642602	37.855155752642602
37.8755194222977	37.8755194222977
37.895883104310194	37.895883104310194
37.916246752470073	37.916246752470073
37.936610350320557	37.936610350320557
37.956973883091102	37.956973883091102
37.977337346994616	37.977337346994616
37.99770077295517	37.99770077295517
38.018064192920335	38.018064192920335
38.038427644010547	38.038427644010547
38.058791174351285	38.058791174351285
38.079154787874671	38.079154787874671
38.099518453396939	38.099518453396939
38.119882143939066	38.119882143939066
38.140245809304602	38.140245809304602
38.160609428410574	38.160609428410574
38.180972973914336	38.180972973914336
38.201336454673687	38.201336454673687
38.221699883051336	38.221699883051336
38.242063289404307	38.242063289404307
38.262426733590786	38.262426733590786
38.282790237013465	38.282790237013465
38.303153826396304	38.303153826396304
38.323517486824095	38.323517486824095
38.343881186093626	38.343881186093626
38.36424487333597	38.36424487333597
38.38460850633993	38.38460850633993
38.404972074930832	38.404972074930832
38.425335572599344	38.425335572599344
38.445699012472097	38.445699012472097
38.466062413919701	38.466062413919701
38.486425838036261	38.486425838036261
38.506789311466626	38.506789311466626
38.527152872607985	38.527152872607985
38.547516515274758	38.547516515274758
38.567880216151998	38.567880216151998
38.58824391882041	38.58824391882041
38.608607574849806	38.608607574849806
38.628971168172299	38.628971168172299
38.649334685653564	38.649334685653564
38.669698137187552	38.669698137187552
38.690061538461677	38.690061538461677
38.710424945088178	38.710424945088178
38.73078840926852	38.73078840926852
38.751151944648186	38.751151944648186
38.77151556338918	38.77151556338918
38.791879248503875	38.791879248503875
38.812242955058323	38.812242955058323
38.832606627933359	38.832606627933359
38.852970244933687	38.852970244933687
38.873333779498601	38.873333779498601
38.893697243112555	38.893697243112555
38.914060650638397	38.914060650638397
38.934424045550308	38.934424045550308
38.954787485416233	38.954787485416233
38.975150990315939	38.975150990315939
38.995514580159778	38.995514580159778
39.015878251342912	39.015878251342912
39.036241968124166	39.036241968124166
39.05660566493308	39.05660566493308
39.076969297762268	39.076969297762268
39.09733285748483	39.09733285748483
39.117696339893982	39.117696339893982
39.138059769897254	39.138059769897254
39.158423168275519	39.158423168275519
39.178786593294895	39.178786593294895
39.199150071306121	39.199150071306121
39.219513639615137	39.219513639615137
39.239877290134309	39.239877290134309
39.260241007262657	39.260241007262657
39.280604720499305	39.280604720499305
39.300968377535071	39.300968377535071
39.321331962909277	39.321331962909277
39.34169546503513	39.34169546503513
39.362058899498166	39.362058899498166
39.382422295032171	39.382422295032171
39.402785699674283	39.402785699674283
39.423149144502062	39.423149144502062
39.443512677864739	39.443512677864739
39.463876298338178	39.463876298338178
39.484239998019646	39.484239998019646
39.504603722191803	39.504603722191803
39.524967403267901	39.524967403267901
39.545331019390375	39.545331019390375
39.565694546320877	39.565694546320877
39.586057998308355	39.586057998308355
39.606421398078297	39.606421398078297
39.62678479495117	39.62678479495117
39.647148240119847	39.647148240119847
39.667511752455489	39.667511752455489
39.687875350300459	39.687875350300459
39.708239026923472	39.708239026923472
39.728602753043887	39.728602753043887
39.748966452469645	39.748966452469645
39.769330096373778	39.769330096373778
39.789693648428269	39.789693648428269
39.810057116799662	39.810057116799662
39.830420518232081	39.830420518232081
39.850783907296531	39.850783907296531
39.87114732915753	39.87114732915753
39.89151080872518	39.89151080872518
39.911874371598927	39.911874371598927
39.932238024797002	39.932238024797002
39.952601742349358	39.952601742349358
39.972965460072196	39.972965460072196
39.993329115595046	39.993329115595046
40.013692694523591	40.013692694523591
