0.012	1
0.0264	0.372653
0.04368	0.238704
0.0642855	0.180364
0.0881494	0.143908
0.115209	0.118497
0.145412	0.0995748
0.176419	0.0796999
0.206965	0.0634061
0.237206	0.0521531
0.267275	0.0439947
0.297172	0.0376731
0.326767	0.0326593
0.356065	0.0286132
0.385065	0.025286
0.413802	0.02254
0.442322	0.0202445
0.470609	0.0182696
0.498713	0.0165907
0.526637	0.0151282
0.554397	0.0138534
0.582024	0.012796
0.609503	0.0118491
0.636859	0.0110132
0.664022	0.0102339
0.691016	0.00954334
0.71784	0.00894112
0.74451	0.00839592
0.771029	0.00793128
0.797406	0.00751838
0.823649	0.00713901
0.849761	0.00678643
0.875753	0.00646011
0.901624	0.00615556
0.927388	0.00587273
0.95304	0.00560664
0.978595	0.00535965
1.00405	0.00512559
1.02941	0.00490767
1.05468	0.00470091
1.07985	0.00450471
1.10493	0.00431942
1.12991	0.00414421
1.1548	0.00397872
1.17961	0.00382185
1.20432	0.00367365
1.22896	0.00353227
1.25352	0.00339879
1.27799	0.00327116
1.3024	0.00315021
1.32673	0.00303469
1.35098	0.00292703
1.37517	0.00282553
1.3993	0.00272858
1.42335	0.00263603
1.44735	0.00254727
1.47128	0.00246265
1.49515	0.00238146
1.51897	0.0023038
1.54273	0.00222936
1.56643	0.00215775
1.59007	0.00208879
1.61366	0.00202216
1.63718	0.00195821
1.66065	0.0018967
1.68407	0.00183753
1.70743	0.00178063
1.73074	0.00172578
1.754	0.00167303
1.7772	0.00162198
1.80036	0.00157245
1.82347	0.00152463
1.84653	0.00147852
1.86954	0.00143409
1.89251	0.00139132
1.91543	0.00135001
1.93832	0.0013102
1.96115	0.00127181
1.98395	0.00123475
2.006708	0.001199
2.029425	0.00116524
2.052103	0.00113292
2.074742	0.00110169
2.097341	0.00107138
2.119901	0.00104205
2.142422	0.00101364
2.164905	0.000986139
2.187351	0.000959524
2.209761	0.00093376
2.232135	0.00090881
2.254474	0.000884638
2.276778	0.000861215
2.299048	0.00083852
2.321285	0.000816686
2.34349	0.000795713
2.365662	0.000775389
2.387802	0.000755662
2.409911	0.000736464
2.431987	0.00071788
2.454033	0.000699881
2.476048	0.000682367
2.498033	0.000665361
2.519988	0.000648829
2.541915	0.000632747
2.563812	0.000617108
2.585681	0.000601902
2.607523	0.000587101
2.629337	0.000572709
2.651124	0.000558701
2.672885	0.000545072
2.69462	0.000531834
2.716329	0.000518964
2.738012	0.000506447
2.759671	0.00049427
2.781305	0.000482438
2.802915	0.000470924
2.824501	0.000459735
2.846063	0.000448866
2.867602	0.000438284
2.889118	0.000428057
2.910612	0.000418182
2.932084	0.000408553
2.953533	0.000399192
2.974961	0.000390085
2.996368	0.000381194
3.017753	0.00037252
3.039118	0.000364051
3.060463	0.000355785
3.081787	0.000347709
3.103092	0.000339833
3.124376	0.000332134
3.145642	0.000324626
3.166888	0.000317301
3.188116	0.000310141
3.209325	0.00030315
3.230516	0.000296306
3.251689	0.000289625
3.272844	0.000283084
3.293982	0.000276691
3.315102	0.000270443
3.336206	0.000264332
3.357293	0.000258368
3.378364	0.00025256
3.399419	0.000246897
3.420458	0.000241354
3.441481	0.000235921
3.46249	0.000230601
3.483483	0.000225386
3.504463	0.000220276
3.525427	0.000215273
3.546378	0.000210367
3.567315	0.000205562
3.588238	0.000200848
3.609148	0.000196238
3.630044	0.00019172
3.650927	0.000187296
3.671797	0.000182965
3.692654	0.000178718
3.713499	0.000174555
3.734332	0.000170471
3.755152	0.000166467
3.77596	0.000162535
3.796755	0.000158674
3.817539	0.000154881
3.838311	0.000151155
3.859071	0.000147492
3.879818	0.000143888
3.900554	0.000140347
3.921278	0.000136856
3.94199	0.00013342
3.96269	0.000130032
3.983378	0.000126695
4.0040539	0.000123405
4.0247181	0.000120164
4.0453707	0.000116968
4.0660121	0.000113817
4.0866425	0.000110715
4.1072621	0.00010766
4.1278713	0.000104663
4.1484705	0.00010172
4.1690599	9.88312e-05
4.1896399	9.59971e-05
4.2102109	9.3221e-05
4.2307729	9.04939e-05
4.2513263	8.78164e-05
4.2718713	8.5192e-05
4.2924084	8.26184e-05
4.3129377	8.00973e-05
4.3334596	7.76297e-05
4.3539744	7.52171e-05
4.3744824	7.2859e-05
4.3949838	7.05497e-05
4.4154788	6.82976e-05
4.4359678	6.60942e-05
4.456451	6.39446e-05
4.4769286	6.18443e-05
4.4974008	5.97974e-05
4.5178679	5.7801e-05
4.5383301	5.58553e-05
4.5587876	5.3961e-05
4.5792406	5.21172e-05
4.5996894	5.0325e-05
4.6201341	4.85814e-05
4.640575	4.68957e-05
4.6610122	4.52495e-05
4.6814459	4.36501e-05
4.7018763	4.2098e-05
4.7223035	4.05924e-05
4.7427278	3.9132e-05
4.7631493	3.77222e-05
4.783568	3.63567e-05
4.8039842	3.5033e-05
4.8243979	3.37507e-05
4.8448093	3.25104e-05
4.8652185	3.1311e-05
4.8856256	3.01487e-05
4.9060306	2.90259e-05
4.9264337	2.79367e-05
4.946835	2.68848e-05
4.9672345	2.58667e-05
4.9876323	2.48834e-05
5.0080286	2.39339e-05
5.0284233	2.30166e-05
5.0488167	2.21312e-05
5.0692087	2.12767e-05
5.0895993	2.04524e-05
5.1099888	1.96576e-05
5.1303771	1.88909e-05
5.1507643	1.81517e-05
5.1711504	1.74392e-05
5.1915355	1.67529e-05
5.2119197	1.60915e-05
5.2323029	1.5454e-05
5.2526853	1.48403e-05
5.2730668	1.42496e-05
5.2934476	1.36816e-05
5.3138275	1.31347e-05
5.3342068	1.26085e-05
5.3545854	1.21024e-05
5.3749633	1.16164e-05
5.3953406	1.1147e-05
5.4157173	1.07026e-05
5.4360934	1.02668e-05
5.456469	9.85469e-06
5.4768441	9.45411e-06
5.4972187	9.07468e-06
5.5175928	8.70469e-06
5.5379665	8.35246e-06
5.5583397	8.01474e-06
5.5787126	7.68931e-06
5.599085	7.3772e-06
5.6194571	7.07715e-06
5.6398288	6.78926e-06
5.6602002	6.51271e-06
5.6805713	6.24721e-06
5.700942	5.99263e-06
5.7213125	5.74751e-06
5.7416826	5.51279e-06
5.7620525	5.28712e-06
5.7824221	5.07059e-06
5.8027915	4.86266e-06
5.8231607	4.66287e-06
5.8435296	4.47146e-06
5.8638983	4.2876e-06
5.8842667	4.11136e-06
5.904635	3.94164e-06
5.9250031	3.77972e-06
5.945371	3.62347e-06
5.9657387	3.47216e-06
5.9861063	3.33177e-06
6.00647367	3.19173e-06
6.02684089	3.06179e-06
6.04720797	2.93367e-06
6.0675749	2.81283e-06
6.08794169	2.69755e-06
6.10830834	2.58271e-06
6.12867487	2.47825e-06
6.14904127	2.37552e-06
6.16940756	2.27325e-06
6.18977373	2.18179e-06
6.21013979	2.08781e-06
6.23050575	2.0022e-06
6.25087161	1.9182e-06
6.27123737	1.83607e-06
6.29160303	1.76088e-06
6.31196861	1.68623e-06
6.33233411	1.6146e-06
6.35269952	1.54717e-06
6.37306485	1.48161e-06
6.3934301	1.41933e-06
6.41379529	1.36024e-06
6.4341604	1.30266e-06
6.45452545	1.24833e-06
6.47489043	1.1946e-06
6.49525535	1.14389e-06
6.51562022	1.09369e-06
6.53598502	1.0472e-06
6.55634978	1.00066e-06
6.57671448	9.58606e-07
6.59707913	9.07313e-07
6.61744374	8.66301e-07
6.63780831	8.30445e-07
6.65817283	7.98981e-07
6.67853732	7.67266e-07
6.69890177	7.35945e-07
6.71926618	7.06863e-07
6.73963056	6.7754e-07
6.75999491	6.50301e-07
6.78035922	6.22743e-07
6.8007235	5.97499e-07
6.82108775	5.72325e-07
6.84145197	5.48586e-07
6.86181617	5.25814e-07
6.88218034	5.04304e-07
6.90254448	4.83121e-07
6.9229086	4.63497e-07
6.94327269	4.43991e-07
6.96363677	4.25495e-07
6.98400082	4.07923e-07
7.00436485	3.908e-07
7.02472885	3.74605e-07
7.04509285	3.58831e-07
7.06545682	3.43838e-07
7.08582077	3.29332e-07
7.10618471	3.15521e-07
7.12654863	3.02204e-07
7.14691254	2.89524e-07
7.16727643	2.77279e-07
7.18764031	2.65633e-07
7.20800417	2.54374e-07
7.22836802	2.43672e-07
7.24873186	2.3325e-07
7.26909569	2.23402e-07
7.2894595	2.13858e-07
7.30982331	2.04747e-07
7.33018711	1.96001e-07
7.35055089	1.87713e-07
7.37091466	1.79926e-07
7.39127843	1.72204e-07
7.41164219	1.65044e-07
7.43200593	1.57989e-07
7.45236967	1.51501e-07
7.4727334	1.45329e-07
7.49309713	1.39364e-07
7.51346084	1.33434e-07
7.53382455	1.2801e-07
7.55418826	1.2322e-07
7.57455196	1.18591e-07
7.59491565	1.13746e-07
7.61527934	1.09026e-07
7.63564302	1.05162e-07
7.6560067	1.01883e-07
7.67637037	9.85965e-08
7.69673403	9.49341e-08
7.71709769	9.14565e-08
7.73746135	8.85921e-08
7.757825	8.66655e-08
7.77818864	8.46e-08
7.79855229	8.22099e-08
7.81891593	7.97253e-08
7.83927957	7.7884e-08
7.8596432	7.68779e-08
7.88000684	7.60727e-08
7.90037046	7.47226e-08
7.92073409	7.28045e-08
7.94109771	7.15346e-08
7.96146133	7.08739e-08
7.98182494	7.11505e-08
8.002188551	7.07603e-08
8.02255216	6.98247e-08
8.042915766	6.8989e-08
8.06327937	6.92981e-08
8.083642972	7.00202e-08
8.104006571	7.08165e-08
8.124370169	7.07592e-08
8.144733765	7.1053e-08
8.16509736	7.19513e-08
8.185460954	7.28265e-08
8.205824548	7.47795e-08
8.22618814	7.65202e-08
8.246551731	7.71829e-08
8.266915321	7.90997e-08
8.287278908	8.12607e-08
8.307642492	8.39716e-08
8.328006072	8.65351e-08
8.348369649	8.82946e-08
8.368733224	9.23065e-08
8.389096797	9.52535e-08
8.40946037	9.87711e-08
8.429823944	1.02873e-07
8.450187521	1.0626e-07
8.470551101	1.10579e-07
8.490914683	1.15531e-07
8.511278265	1.20493e-07
8.531641845	1.26226e-07
8.55200542	1.31875e-07
8.57236899	1.38227e-07
8.592732554	1.44334e-07
8.613096113	1.5155e-07
8.633459668	1.59735e-07
8.653823225	1.6709e-07
8.674186786	1.77962e-07
8.694550353	1.88146e-07
8.71491393	1.94092e-07
8.735277513	2.08235e-07
8.755641099	2.19895e-07
8.776004682	2.27048e-07
8.796368257	2.44713e-07
8.81673182	2.61345e-07
8.837095369	2.73349e-07
8.857458906	2.89428e-07
8.877822438	3.07956e-07
8.898185973	3.23294e-07
8.918549517	3.3983e-07
8.938913079	3.65204e-07
8.95927666	3.84351e-07
8.97964026	4.08045e-07
9.000003871	4.3709e-07
9.020367481	4.63375e-07
9.040731076	4.86561e-07
9.061094641	5.21883e-07
9.081458172	5.66201e-07
9.101821671	5.8197e-07
9.122185152	6.19155e-07
9.142548634	6.71012e-07
9.162912138	6.96773e-07
9.18327568	7.54234e-07
9.203639268	8.05987e-07
9.224002903	8.60547e-07
9.24436657	9.0863e-07
9.264730246	9.59859e-07
9.285093899	1.0248e-06
9.305457494	9.75508e-07
9.325821017	1.0124e-06
9.346184486	9.37153e-07
9.36654792	9.66915e-07
9.386911349	1.02711e-06
9.407274824	9.54125e-07
9.42763836	1.00048e-06
9.448001951	9.39478e-07
9.468365589	9.46882e-07
9.488729255	1.02396e-06
9.509092905	9.81089e-07
9.529456522	9.95136e-07
9.549820088	1.08417e-06
9.570183592	1.02461e-06
9.590547057	9.35708e-07
9.610910505	9.72085e-07
9.631273966	1.02597e-06
9.65163748	9.76798e-07
9.672001057	1.01988e-06
9.692364678	9.66562e-07
9.712728325	9.88303e-07
9.733091976	1.06238e-06
9.753455593	1.00567e-06
9.773819162	9.22758e-07
9.794182684	9.49771e-07
9.814546158	1.00114e-06
9.834909615	9.49695e-07
9.855273074	9.85674e-07
9.875636563	1.04512e-06
9.896000112	9.97328e-07
9.916363724	1.03267e-06
9.936727369	9.78029e-07
9.957091022	9.96698e-07
9.977454658	1.05799e-06
9.9978182462	9.99629e-07
10.018181781	1.03123e-06
10.038545276	9.7903e-07
10.05890874	9.9345e-07
10.079272183	1.05798e-06
10.099635651	1.00716e-06
10.119999168	9.11899e-07
10.140362738	9.4196e-07
10.160726361	9.96521e-07
10.181090022	1.04731e-06
10.201453664	1.01285e-06
10.221817265	9.24126e-07
10.24218082	9.37719e-07
10.262544327	1.00155e-06
10.282907811	9.54674e-07
10.303271285	9.76086e-07
10.323634756	1.04694e-06
10.343998258	9.90452e-07
10.364361803	1.02712e-06
10.384725393	9.74118e-07
10.40508902	9.81355e-07
10.425452668	1.04544e-06
10.445816282	1.00583e-06
10.466179847	9.0495e-07
10.486543366	9.37453e-07
10.506906848	9.83866e-07
10.527270312	1.03139e-06
10.547633798	1.00122e-06
10.567997312	9.14653e-07
10.588360855	9.18395e-07
10.608724435	9.84062e-07
10.629088049	1.05078e-06
10.649451675	9.98535e-07
10.669815299	1.03584e-06
10.690178877	9.81407e-07
10.710542403	9.93494e-07
10.730905881	1.0623e-06
10.751269345	1.00784e-06
10.771632829	9.17297e-07
10.791996345	9.38083e-07
10.81235989	9.75646e-07
10.832723468	1.06163e-06
10.853087073	1.01717e-06
10.873450685	9.08332e-07
10.893814294	9.41459e-07
10.914177883	9.95923e-07
10.93454142	1.05132e-06
10.954904909	1.03231e-06
10.975268378	9.33162e-07
10.995631848	9.44766e-07
11.015995343	1.01555e-06
11.036358894	9.68755e-07
11.056722479	9.97828e-07
11.077086092	1.07438e-06
11.097449711	1.01969e-06
11.117813316	9.32716e-07
11.138176899	9.47991e-07
11.15854045	9.90455e-07
11.178903941	1.08587e-06
11.199267399	1.04373e-06
11.219630861	9.33769e-07
11.239994345	9.69865e-07
11.260357876	1.0271e-06
11.280721466	9.73324e-07
11.301085084	1.02076e-06
11.321448707	9.67608e-07
11.34181232	9.83558e-07
11.362175907	1.06487e-06
11.382539455	1.01127e-06
11.402902966	9.30261e-07
11.423266432	9.60467e-07
11.443629877	1.00336e-06
11.463993347	9.76526e-07
11.484356861	1.00385e-06
11.504720438	9.43103e-07
11.525084064	9.92238e-07
11.545447707	1.06001e-06
11.565811333	9.9338e-07
11.586174929	1.04813e-06
11.606538478	9.94334e-07
11.626901984	1.00402e-06
11.647265457	9.83209e-07
11.667628898	9.87799e-07
11.687992337	1.05703e-06
11.708355824	1.02778e-06
11.728719379	9.19778e-07
11.749082996	9.58982e-07
11.769446651	1.02923e-06
11.789810294	9.62318e-07
11.810173907	1.01551e-06
11.830537468	9.68528e-07
11.850900978	9.68504e-07
11.871264447	1.07693e-06
11.891627892	1.0243e-06
11.911991341	9.18116e-07
11.932354817	9.65907e-07
11.952718344	1.01418e-06
11.973081939	9.71187e-07
11.99344559434	1.02464e-06
12.01380925529	9.60661e-07
12.03417289179	9.924e-07
12.05453648076	1.07418e-06
12.07490000782	1.01101e-06
12.09526348889	9.39793e-07
12.11562694407	9.7038e-07
12.13599037609	1.00148e-06
12.15635383144	9.84199e-07
12.17671733008	1.00565e-06
12.19708089675	9.47901e-07
12.21744452651	9.97662e-07
12.23780820658	1.06305e-06
12.25817186695	1.002e-06
12.27853547415	9.34113e-07
12.29889902237	9.43059e-07
12.31926251112	1.01001e-06
12.33962596611	9.85499e-07
12.35998940793	9.96605e-07
12.38035284084	1.07979e-06
12.40071631628	1.04199e-06
12.42107985784	9.32496e-07
12.44144346227	9.75755e-07
12.46180712183	1.04183e-06
12.48217079302	9.80055e-07
12.50253443125	1.03269e-06
12.52289800715	9.76979e-07
12.54326151994	9.92601e-07
12.56362497754	1.0963e-06
12.58398841843	1.02996e-06
12.60435187275	9.35617e-07
12.62471534467	9.85026e-07
12.64507885982	1.03068e-06
12.665442439	9.98303e-07
12.68580607513	1.03853e-06
12.7061697389	9.73724e-07
12.72653339076	1.02266e-06
12.74689698692	9.70165e-07
12.76726052176	9.8049e-07
12.78762399747	1.09027e-06
12.80798744572	1.02572e-06
12.82835090632	9.27696e-07
12.84871437559	9.90622e-07
12.86907787691	1.02762e-06
12.88944143612	9.90038e-07
12.90980505083	1.05058e-06
12.93016869997	9.72964e-07
12.95053235982	1.01173e-06
12.97089597196	9.84817e-07
12.9912595269	9.78882e-07
13.01162302148	1.08129e-06
13.03198648033	1.03913e-06
13.05234994077	9.23439e-07
13.07271341256	9.86467e-07
13.09307690579	1.036e-06
13.11344044901	9.7862e-07
13.13380404338	1.05347e-06
13.15416767578	9.77708e-07
13.17453132941	1.00304e-06
13.19489495271	9.93473e-07
13.21525852353	9.82215e-07
13.23562203445	1.06977e-06
13.25598550384	1.0545e-06
13.27634896623	9.24953e-07
13.29671244231	9.80204e-07
13.31707593321	1.06207e-06
13.33743946613	9.82213e-07
13.35780304472	1.051e-06
13.37816666195	1.00231e-06
13.39853029428	8.86005e-07
13.41889392135	9.55546e-07
13.43925750265	9.94109e-07
13.45962102575	1.06604e-06
13.47998450311	1.06877e-06
13.5003479667	9.38923e-07
13.52071143701	9.81835e-07
13.54107493074	1.08919e-06
13.56143845968	9.92737e-07
13.58180202889	1.04817e-06
13.60216563541	1.02751e-06
13.62252925954	8.90671e-07
13.64289288686	9.55185e-07
13.6632564835	1.02526e-06
13.68362002358	9.54654e-07
13.70398351206	1.02443e-06
13.72434697794	9.66932e-07
13.74471044149	9.78699e-07
13.76507393006	1.09562e-06
13.7854374548	1.01505e-06
13.80580101807	9.30836e-07
13.82616461551	9.98808e-07
13.8465282397	1.0158e-06
13.86689186547	9.94985e-07
13.88725547992	1.05704e-06
13.90761903678	9.58093e-07
13.92798253824	1.02113e-06
13.94834600806	9.92466e-07
13.96870946542	9.75369e-07
13.98907293789	1.08863e-06
14.0094364577312	1.04397e-06
14.0298000130973	9.2354e-07
14.0501636013946	9.95322e-07
14.0705272175708	1.046e-06
14.0908908398268	9.88161e-07
14.1112544558006	1.06265e-06
14.131618032832	9.77693e-07
14.1519815536864	1.02533e-06
14.1723450349716	1.00497e-06
14.1927085077246	8.61641e-07
14.2130719896849	9.32377e-07
14.2334355040105	1.02131e-06
14.2537990549689	9.24408e-07
14.2741626356452	1.00378e-06
14.2945262384683	9.71202e-07
14.31488985414	9.65873e-07
14.3352534688751	1.07617e-06
14.3556170600466	1.02845e-06
14.3759805997988	9.21055e-07
14.3963440939232	9.88237e-07
14.4167075575528	1.02044e-06
14.4370710296378	9.83295e-07
14.4574345273653	1.04427e-06
14.4777980714691	9.47613e-07
14.4981616426774	1.01298e-06
14.5185252369021	9.79765e-07
14.5388888459439	9.4884e-07
14.5592524577909	1.07857e-06
14.5796160513772	1.03866e-06
14.5999796099103	8.98656e-07
14.6203431219358	9.78674e-07
14.6407065980394	1.05541e-06
14.661070072973	9.70001e-07
14.6814335632932	1.04084e-06
14.7017970968586	9.86376e-07
14.7221606625634	1.01058e-06
14.7425242495702	9.88129e-07
14.7628878511626	9.79259e-07
14.7832514573138	1.08586e-06
14.8036150489136	1.05075e-06
14.8239786175551	9.0983e-07
14.8443421450529	9.92709e-07
14.864705633971	1.08093e-06
14.8850691134089	9.61744e-07
14.9054325990543	1.0562e-06
14.9257961207536	1.01803e-06
14.946159684211	8.87167e-07
14.9665232657805	9.57559e-07
14.9868868609564	1.02385e-06
15.0072504552867	9.61125e-07
15.0276140424889	1.0321e-06
15.0479776114859	9.61894e-07
15.0683411540567	1.00789e-06
15.0887046650757	9.77097e-07
15.1090681553673	9.60857e-07
15.1294316430273	1.08041e-06
15.1497951588092	1.03791e-06
15.1701587138572	8.97378e-07
15.1905222925003	9.80772e-07
15.2108858824712	1.06106e-06
15.2312494716142	9.58967e-07
15.2516130543978	1.04041e-06
15.2719766214649	9.94568e-07
15.2923401732238	1.00175e-06
15.3127036979845	9.83942e-07
15.3330672000747	9.971e-07
15.3534306944438	1.07332e-06
15.3737942095462	1.04967e-06
15.3941577577945	9.27678e-07
15.4145213355139	9.95192e-07
15.4348849216765	1.07517e-06
15.45524850525	9.80628e-07
15.4756120814072	1.05508e-06
15.495975642631	1.01845e-06
15.5163391908779	8.86914e-07
15.5367027230994	9.62195e-07
15.5570662339046	1.03294e-06
15.5774297450285	9.55254e-07
15.5977932655151	1.03079e-06
15.6181568125271	9.76356e-07
15.6385203870374	9.98234e-07
15.6588839749237	1.10704e-06
15.6792475573766	1.03303e-06
15.6996111267042	9.47459e-07
15.7199746823757	1.0039e-06
15.7403382259043	9.26717e-07
15.7607017621585	9.77391e-07
15.7810652801503	1.0631e-06
15.8014287964864	9.83807e-07
15.821792319031	1.04993e-06
15.8421558642616	1.00446e-06
15.8625194337963	8.87197e-07
15.882883019138	9.5659e-07
15.9032465996451	1.02059e-06
15.9236101656193	9.51619e-07
15.9439737165965	1.02302e-06
15.9643372553651	9.69075e-07
15.9847007880873	9.91863e-07
16.005064314530316	1.09599e-06
16.025427839609687	1.0282e-06
16.04579137674909	9.39945e-07
16.066154928540364	9.93702e-07
16.086518499374051	1.05032e-06
16.10688208618156	1.0101e-06
16.127245666527617	9.3071e-07
16.147609230362654	9.57813e-07
16.167972775362568	1.04723e-06
16.188336305943039	9.98891e-07
16.208699829769682	1.01613e-06
16.229063362225954	9.94569e-07
16.249426892833952	1.02695e-06
16.26979043628527	9.6359e-07
16.290153994274586	1.01864e-06
16.310517569997717	9.7405e-07
16.330881159280445	9.90691e-07
16.351244750972302	1.08938e-06
16.371608318197907	1.03402e-06
16.39197185989423	9.37729e-07
16.412335382109532	9.93185e-07
16.432698893389571	1.06182e-06
16.453062413546668	1.00769e-06
16.473425948927133	9.31901e-07
16.493789494909741	9.72295e-07
16.514153057483711	1.04616e-06
16.534516639141877	1.0078e-06
16.554880230238282	9.16298e-07
16.575243823183683	9.69206e-07
16.595607394502302	1.03751e-06
16.615970935547551	9.81755e-07
16.636334451774388	1.02998e-06
16.656697958581017	9.87851e-07
16.677061467975005	1.01599e-06
16.697425000215073	9.73999e-07
16.717788545713017	1.00711e-06
16.738152114435053	9.61035e-07
16.7585157023994	9.95605e-07
16.778879305258897	1.07599e-06
16.799242907282778	1.02327e-06
16.819606488282375	9.34619e-07
16.839970036551211	9.76183e-07
16.860333552418282	1.05089e-06
16.880697050888323	1.00112e-06
16.901060555309918	9.15229e-07
16.921424077232807	9.60155e-07
16.941787618659045	1.03352e-06
16.962151186926544	9.8632e-07
16.982514777911007	1.03168e-06
17.002878382193554	9.8927e-07
17.023241989741933	1.02337e-06
17.04360558048392	9.8e-07
17.063969136288385	1.01371e-06
17.084332654687227	9.70246e-07
17.104696146418927	1.00474e-06
17.125059636619341	9.57177e-07
17.14542313992623	9.92427e-07
17.165786670837196	1.06909e-06
17.186150233136328	1.0183e-06
17.206513824231038	9.3718e-07
17.226877433842162	9.77925e-07
17.247241051135862	1.04766e-06
17.267604653008632	1.00277e-06
17.287968219559257	9.1583e-07
17.308331745606385	9.60357e-07
17.328695236693456	1.04072e-06
17.349058718163192	9.87082e-07
17.369422207417781	1.02918e-06
17.389785734480775	9.89015e-07
17.410149294179377	1.01844e-06
17.430512887223482	9.76493e-07
17.450876503864535	1.01478e-06
17.471240124672097	9.64465e-07
17.49160373716294	9.99819e-07
17.511967326855	1.08106e-06
17.532330865303908	1.02604e-06
17.552694362811767	9.44685e-07
17.573057836411969	9.89246e-07
17.593421307358419	1.05407e-06
17.613784812519363	1.01146e-06
17.634148365895022	9.25478e-07
17.65451195338137	9.68925e-07
17.674875570982135	1.04715e-06
17.695239199312432	9.94187e-07
17.715602823160292	1.03145e-06
17.735966415826166	9.95444e-07
17.756329966833551	1.02516e-06
17.776693468844488	9.79882e-07
17.797056936834789	1.02199e-06
17.817420405019448	9.71133e-07
17.837783892424273	1.00193e-06
17.858147429748726	9.64713e-07
17.878511009679787	9.91202e-07
17.898874626701371	1.07688e-06
17.919238263361208	1.03025e-06
17.939601891934981	9.31574e-07
17.959965498946893	9.80683e-07
17.980329070417046	1.05479e-06
18.000692586686572	9.98324e-07
18.021056058558223	1.05066e-06
18.041419518504881	1.00398e-06
18.061783002703194	9.03447e-07
18.082146524728248	9.54884e-07
18.102510096680152	1.0257e-06
18.122873709516856	9.73309e-07
18.143237348939454	1.02889e-06
18.163600986634325	9.77475e-07
18.183964606603347	1.00715e-06
18.204328182843785	9.71749e-07
18.224691711820988	9.9843e-07
18.245055187587646	1.08318e-06
18.265418638606299	1.03801e-06
18.285782104381052	9.36378e-07
18.306145602653789	9.84296e-07
18.326509152774403	1.05957e-06
18.346872758864571	9.99467e-07
18.367236400991022	1.05343e-06
18.38760005104929	1.00555e-06
18.407963677795411	9.01611e-07
18.428327269705346	9.55411e-07
18.448690815872759	1.02633e-06
18.469054308111442	9.72472e-07
18.489417761853009	1.02982e-06
18.509781217426724	9.77963e-07
18.530144696567966	1.00694e-06
18.550508234382271	9.73464e-07
18.570871830881437	9.98722e-07
18.591235471593642	1.0842e-06
18.611599130648568	1.04122e-06
18.631962773106508	9.36528e-07
18.65232638325195	9.83961e-07
18.672689945657726	1.06108e-06
18.693053451693164	1.00049e-06
18.713416916117637	9.29643e-07
18.733780362846996	9.73112e-07
18.754143820792596	1.03175e-06
18.774507333772565	9.96668e-07
18.79487090765868	1.03313e-06
18.815234536183535	9.81788e-07
18.835598194881722	1.03183e-06
18.855961847689553	9.77786e-07
18.876325475301879	1.00415e-06
18.896689048415144	9.73102e-07
18.917052568656807	9.95234e-07
18.937416033383958	1.081e-06
18.957779471345752	1.04e-06
18.978142926667076	9.32742e-07
18.998506419082386	9.84508e-07
19.018869969709424	1.06134e-06
19.039233588982782	9.95491e-07
19.059597249947831	1.05471e-06
19.079960915854745	1.0086e-06
19.100324550297486	8.9885e-07
19.12068814081254	9.57856e-07
19.141051676253102	1.02695e-06
19.161415159825257	9.68492e-07
19.181778602308832	1.03248e-06
19.202142048347902	9.77381e-07
19.222505521441327	1.00523e-06
19.242869059343374	9.74452e-07
19.263232662128292	9.94138e-07
19.283596321755777	1.082e-06
19.303959998235012	1.04137e-06
19.324323650957361	9.30457e-07
19.344687262713553	9.83077e-07
19.365050816989946	1.06024e-06
19.385414310316893	9.93546e-07
19.405777756082614	1.05389e-06
19.426141190358308	1.00492e-06
19.446504657601846	8.92693e-07
19.466868173575662	9.53543e-07
19.487231753884561	1.02291e-06
19.507595396759108	9.64883e-07
19.527959073033518	1.02843e-06
19.548322737534924	9.71808e-07
19.568686368770202	1.00003e-06
19.589049935808166	9.71777e-07
19.609413441892517	9.90134e-07
19.629776895323829	1.07932e-06
19.650140324085889	1.03988e-06
19.670503774254556	9.26062e-07
19.690867266152907	9.8168e-07
19.711230821323472	1.05857e-06
19.73159444925788	9.85904e-07
19.751958129550523	1.04979e-06
19.772321811423804	1.00155e-06
19.792685453987765	8.87415e-07
19.813049044105917	9.51753e-07
19.833412570544095	1.01827e-06
19.853776041146514	9.5709e-07
19.874139476399382	1.02479e-06
19.894502917532012	9.66431e-07
19.914866389010324	9.94551e-07
19.935229917975168	1.09264e-06
19.955593524848609	1.02529e-06
19.975957187774572	9.43932e-07
19.996320874733271	9.97445e-07
20.016684550120743	1.0422e-06
20.037048167043981	1.00598e-06
20.057411710621192	9.27087e-07
20.077775192388618	9.50649e-07
20.098138628917507	1.04932e-06
20.118502059399074	9.95067e-07
20.138865508986495	1.00994e-06
20.159229023465087	9.90686e-07
20.179592607100602	1.01546e-06
20.199956255604565	9.59675e-07
20.220319945486132	1.01927e-06
20.240683620766543	9.57523e-07
20.261047257663286	9.86676e-07
20.281410832167804	1.08279e-06
20.301774331879244	1.01283e-06
20.322137783429373	9.36658e-07
20.342501213903304	9.87957e-07
20.362864648280748	1.03135e-06
20.383228138828642	1.00002e-06
20.403591704894403	9.19915e-07
20.423955336667486	9.4372e-07
20.444319020110335	1.04551e-06
20.464682706780074	9.90454e-07
20.4850463639211	1.00655e-06
20.505409951332151	9.89301e-07
20.525773468251913	1.01146e-06
20.546136926719758	9.58261e-07
20.566500353084983	1.01661e-06
20.58686379300913	9.51821e-07
20.60722726687111	9.82883e-07
20.627590801128761	1.07751e-06
20.64795441391718	1.00546e-06
20.668318080979176	9.33615e-07
20.688681773855972	9.82491e-07
20.709045453473365	1.023e-06
20.729409068646017	9.96301e-07
20.749772611419541	1.03923e-06
20.770136084134176	9.68057e-07
20.790499510875151	1.03582e-06
20.810862941363315	9.82969e-07
20.831226395769434	9.90676e-07
20.851589903591321	1.09999e-06
20.871953493155498	1.04002e-06
20.892317147946429	9.38387e-07
20.91268084099665	1.00775e-06
20.933044522143433	9.3561e-07
20.953408158996417	9.71121e-07
20.973771726877139	1.06398e-06
20.994135216182315	9.91984e-07
21.014498647231765	1.05483e-06
21.034862066938341	1.01502e-06
21.055225523493107	8.89377e-07
21.075589028270947	9.59389e-07
21.09595260010617	1.03161e-06
21.11631624217042	9.55085e-07
21.13667993192826	1.03394e-06
21.157043622219458	9.77885e-07
21.177407283408883	9.90835e-07
21.197770879675883	1.09841e-06
21.218134389519353	1.03538e-06
21.238497836775693	9.38613e-07
21.258861251796009	1.00308e-06
21.279224689518124	9.25053e-07
21.299588170345064	9.66626e-07
21.319951714716868	1.05555e-06
21.340315336185814	9.79976e-07
21.360679016026531	1.0485e-06
21.381042711383849	1.0037e-06
21.401406374446395	8.78216e-07
21.421769982472028	9.50418e-07
21.442133515127527	1.01849e-06
21.462496976693785	9.45147e-07
21.482860393048234	1.02427e-06
21.503223817820857	9.65746e-07
21.523587279345897	9.83113e-07
21.543950801098713	1.0874e-06
21.564314404308888	1.02122e-06
21.584678068102271	9.33278e-07
21.60504176411683	9.92191e-07
21.625405459474745	1.03236e-06
21.645769099746477	9.96914e-07
21.666132665713675	1.04303e-06
21.686496148420083	9.68544e-07
21.706859570535677	1.03613e-06
21.727222982663253	9.86788e-07
21.747586416941004	9.83752e-07
21.767949909192897	1.10153e-06
21.788313486009717	1.04442e-06
21.808677133241211	9.28292e-07
21.82904082416303	1.00858e-06
21.84940450995434	9.41938e-07
21.869768163850789	9.64506e-07
21.890131757987671	1.0663e-06
21.910495265390686	1.00166e-06
21.930858711015972	9.24527e-07
21.951222125836654	9.844e-07
21.971585546894623	1.02097e-06
21.991949032552363	9.95102e-07
22.012312594521671	1.03882e-06
22.032676231675797	9.62475e-07
22.053039921498861	1.03531e-06
22.073403617439212	9.82376e-07
22.093767290316517	9.7849e-07
22.11413090833793	1.09701e-06
22.134494442141261	1.03578e-06
22.154857900803545	9.2258e-07
22.175221313392186	9.99196e-07
22.195584715794094	1.05036e-06
22.215948170867208	9.87112e-07
22.236311697438328	1.05251e-06
22.256675313076805	9.86279e-07
22.277038993220245	1.03329e-06
22.297402693861933	9.99715e-07
22.317766383220821	9.95202e-07
22.338130025571573	1.10274e-06
22.358493582187311	1.05645e-06
22.378857061052425	9.31218e-07
22.399220481773654	1.01697e-06
22.419583895858359	9.59578e-07
22.439947335198902	9.60494e-07
22.460310834521337	1.07593e-06
22.480674424477382	1.02211e-06
22.501038087444623	9.18823e-07
22.521401788752353	9.94608e-07
22.541765492376552	1.04093e-06
22.562129139950628	9.90596e-07
22.582492716432704	1.0478e-06
22.602856210030499	9.78203e-07
22.623219640807665	1.03334e-06
22.643583051397837	9.93905e-07
22.663946473054299	9.84923e-07
22.684309943929183	1.09763e-06
22.704673505427493	1.04619e-06
22.725037149903759	9.20177e-07
22.745400850564987	1.00675e-06
22.765764552275609	9.441e-07
22.786128222006329	9.50543e-07
22.806491828034719	1.06283e-06
22.826855346473121	1.00285e-06
22.847218799590618	9.0891e-07
22.867582217501894	9.78995e-07
22.887945634097271	1.01965e-06
22.908309106293434	9.78263e-07
22.92867264901551	1.03405e-06
22.949036275302998	9.6025e-07
22.969399965008808	1.02354e-06
22.989763671657332	9.81068e-07
23.010127361297862	9.70564e-07
23.030490993522683	1.08519e-06
23.050854533067184	1.03334e-06
23.071217994148828	9.09434e-07
23.091581405819909	9.93548e-07
23.111944803823064	1.05082e-06
23.132308252160367	9.70564e-07
23.152671765690044	1.0479e-06
23.173035367031051	9.88278e-07
23.193399040358599	1.01486e-06
23.213762745133188	9.95737e-07
23.234126447919824	9.93142e-07
23.25449010954231	1.0834e-06
23.274853677613862	1.05095e-06
23.295217156919623	9.26635e-07
23.315580573516542	1.00359e-06
23.335943981323261	9.54999e-07
23.356307414132171	9.48057e-07
23.37667090907922	1.0625e-06
23.397034492955648	1.01619e-06
23.417398150314526	9.01452e-07
23.437761852332706	9.83541e-07
23.458125564408579	1.03845e-06
23.478489225051852	9.68329e-07
23.498852815992024	1.03729e-06
23.519216312847252	9.78488e-07
23.539579735056286	1.01124e-06
23.559943132218134	9.87128e-07
23.580306540359711	9.81767e-07
23.600670001421321	1.07566e-06
23.62103356212419	1.03771e-06
23.641397207797173	9.1542e-07
23.661760910283551	9.89903e-07
23.682124636277155	1.06314e-06
23.702488321250797	9.71594e-07
23.722851940926763	1.04466e-06
23.743215467303472	9.99073e-07
23.76357890781405	1.00699e-06
23.783942303927983	9.95257e-07
23.804305693568754	1.01094e-06
23.824669145037038	9.49433e-07
23.845032677024168	1.00934e-06
23.86539630690309	9.515e-07
23.885760004833365	9.89717e-07
23.906123740626054	1.08778e-06
23.926487447230215	1.00526e-06
23.946851076301261	9.30307e-07
23.967214620869765	9.84277e-07
23.987578078687442	1.02601e-06
24.007941474296214	1.00501e-06
24.028304869266204	9.1837e-07
24.048668298354464	9.34561e-07
24.069031799320179	1.03177e-06
24.089395403838481	9.8042e-07
24.109759093951048	1.0035e-06
24.130122817491152	9.88119e-07
24.150486536959775	9.98448e-07
24.170850209303936	1.06825e-06
24.191213782934252	1.04052e-06
24.211577260378977	9.29362e-07
24.231940667272966	9.85694e-07
24.252304030937584	1.06885e-06
24.27266742773709	9.81647e-07
24.29303088959303	1.03936e-06
24.313394460327938	1.00231e-06
24.333758126194521	8.8424e-07
24.354121850063009	9.59293e-07
24.374485586972728	1.02191e-06
24.394849266520666	9.46914e-07
24.415212866213007	1.01678e-06
24.435576364518589	9.66094e-07
24.455939782519607	9.90686e-07
24.476303145141401	1.10326e-06
24.496666523707098	1.02393e-06
24.517029980765866	9.28563e-07
24.537393530153125	9.95207e-07
24.557757183072273	1.03891e-06
24.578120913468052	1.0018e-06
24.598484651143629	9.31664e-07
24.618848355032487	9.42921e-07
24.639211984905074	1.03406e-06
24.659575505640507	9.93234e-07
24.679938933285644	1.00586e-06
24.700302313586253	9.94439e-07
24.720665679601389	1.02045e-06
24.741029108276663	9.47931e-07
24.761392622853592	1.01566e-06
24.781756249522203	9.57093e-07
24.802119966137091	9.84165e-07
24.822483739195025	1.10112e-06
24.842847480441502	1.01284e-06
24.863211130155808	9.21357e-07
24.883574677830214	9.95508e-07
24.903938118685954	1.03412e-06
24.924301489587016	1.00029e-06
24.944664857588347	9.33107e-07
24.965028257237616	9.38417e-07
24.985391733923858	1.03707e-06
25.005755331007084	9.98464e-07
25.026119032656361	1.00708e-06
25.046482791358319	1.00315e-06
25.066846529128842	8.96565e-07
25.087210206546306	9.17261e-07
25.107573787465157	1.02474e-06
25.127937252401914	9.5791e-07
25.148300628919007	9.94366e-07
25.168663956002622	1.11699e-06
25.189027313091845	1.02193e-06
25.209390767273558	9.31901e-07
25.229754330779979	1.00483e-06
25.250118010659651	9.16594e-07
25.270481772583135	9.83109e-07
25.290845570645399	1.06654e-06
25.311209307111348	9.69497e-07
25.331572949001824	1.04933e-06
25.35193645723302	1.00187e-06
25.372299860795703	8.76529e-07
25.392663204515063	9.70428e-07
25.413026535971451	1.01955e-06
25.433389941821957	9.36968e-07
25.453753449337011	1.0289e-06
25.474117088525951	9.59645e-07
25.494480833022898	9.91923e-07
25.514844645433637	1.1154e-06
25.535208425378862	1.01778e-06
25.555572098340242	9.31986e-07
25.575935651126475	9.98966e-07
25.596299076349741	1.03217e-06
25.616662413782411	1.01145e-06
25.637025744395114	9.31177e-07
25.657389107638647	9.30959e-07
25.677752556723014	1.04737e-06
25.698116145452584	9.90064e-07
25.718479857862278	9.97868e-07
25.738843666344923	1.147e-06
25.759207478527276	1.06252e-06
25.779571202936921	9.36159e-07
25.799934813981277	1.02823e-06
25.820298285132495	9.51888e-07
25.840661646552995	9.86003e-07
25.861024940033911	1.10308e-06
25.881388256413263	1.00743e-06
25.901751672720469	9.32864e-07
25.92211520757122	9.9103e-07
25.942478876291563	1.02707e-06
25.962842649415744	1.01526e-06
25.983206446696908	9.29062e-07
26.003570207336136	9.27224e-07
26.023933877493128	1.05091e-06
26.044297405037394	9.91812e-07
26.064660806841896	9.99906e-07
26.085024112324486	1.14959e-06
26.105387408624846	1.06413e-06
26.125750778628653	9.38433e-07
26.146114253525365	1.02472e-06
26.166477873326201	9.48301e-07
26.186841613372415	9.8817e-07
26.207205438158997	1.09529e-06
26.227569247303006	9.9933e-07
26.247932986897357	1.06085e-06
26.268296585461627	1.01459e-06
26.288660043674508	8.86155e-07
26.309023399778891	9.80811e-07
26.329386700808669	1.04597e-06
26.349750033870851	9.43614e-07
26.370113443801682	1.04202e-06
26.390476994578464	9.78649e-07
26.41084067647148	9.8394e-07
26.431204469883731	1.13045e-06
26.451568291574503	1.04913e-06
26.471932043805786	9.2664e-07
26.492295694091176	1.00912e-06
26.512659203631063	9.34449e-07
26.533022595620114	9.7573e-07
26.553385904383227	1.08066e-06
26.573749213967687	9.91323e-07
26.594112569758529	1.05059e-06
26.614476053178155	1.00282e-06
26.634839677702924	8.80722e-07
26.655203412734359	9.67749e-07
26.675567220104927	1.03157e-06
26.695931000218383	9.38136e-07
26.716294706606046	1.02863e-06
26.736658280016631	9.62282e-07
26.757021728910257	9.71978e-07
26.777385072563092	1.10932e-06
26.797748386361878	1.03211e-06
26.818111744614686	9.1563e-07
26.838475183490907	9.93733e-07
26.858838739847492	1.04256e-06
26.879202426747749	9.79662e-07
26.899566208214292	1.06403e-06
26.919930002722523	9.83336e-07
26.940293752598766	1.02292e-06
26.960657385135985	9.80741e-07
26.981020895167685	9.88015e-07
27.001384287142127	1.09683e-06
27.021747617257077	1.04667e-06
27.04211096220418	9.22286e-07
27.06247435828827	9.99383e-07
27.082837851078175	1.05485e-06
27.10320147657767	9.81974e-07
27.123565210290774	1.07434e-06
27.143928992399459	1.00775e-06
27.164292735452808	8.90082e-07
27.184656402444293	9.68089e-07
27.205019961888436	1.01862e-06
27.225383406562791	9.62247e-07
27.245746770410019	1.03986e-06
27.266110123283976	9.68102e-07
27.286473498208132	1.00401e-06
27.306836968559203	9.67881e-07
27.327200544708514	9.78834e-07
27.347564231651692	1.07709e-06
27.367927990529147	1.03379e-06
27.38829174498094	9.15599e-07
27.408655447189744	9.80775e-07
27.429019058382128	1.03773e-06
27.449382552002394	9.68887e-07
27.469745952134183	1.04915e-06
27.490109314386856	9.84731e-07
27.510472677147	9.93794e-07
27.530836085484637	1.108e-06
27.551199603956618	1.03068e-06
27.571563236453809	9.30596e-07
27.591926953986086	1.00567e-06
27.612290699546254	9.30878e-07
27.632654421144462	9.6534e-07
27.653018073273753	1.05689e-06
27.67338161540232	9.8689e-07
27.693745060200381	1.04074e-06
27.714108447554931	1.00209e-06
27.734471840596786	8.86959e-07
27.754835264038594	9.49546e-07
27.775198755595191	1.00785e-06
27.795562348963127	9.46853e-07
27.815926028744183	1.01899e-06
27.83628975410431	9.61542e-07
27.856653481061898	9.77922e-07
27.877017158745478	1.08457e-06
27.897380737335737	1.01336e-06
27.917744219770221	9.17036e-07
27.938107633615708	9.88601e-07
27.958471013704628	1.03331e-06
27.978834420132504	9.73122e-07
27.999197878429207	1.03306e-06
28.019561430360074	9.60052e-07
28.039925068820654	1.00706e-06
28.060288767770952	9.67731e-07
28.080652492707582	9.79959e-07
28.101016190553946	1.07618e-06
28.121379803878	1.01871e-06
28.141743323350173	9.15117e-07
28.162106769211185	9.86515e-07
28.182470167988441	1.0422e-06
28.202833580034152	9.69229e-07
28.22319702465478	1.03802e-06
28.243560548692106	9.71528e-07
28.263924152526943	1.00028e-06
28.284287823138722	9.76625e-07
28.304651531360612	9.94381e-07
28.325015236491904	1.06989e-06
28.345378872169842	1.03609e-06
28.365742419934922	9.24169e-07
28.386105892711281	9.86556e-07
28.406469310055357	1.05482e-06
28.426832725349826	9.80484e-07
28.447196163690268	1.04238e-06
28.467559667076646	9.84807e-07
28.487923241463257	1.00205e-06
28.508286884228458	9.8069e-07
28.52865057136481	1.00714e-06
28.549014255414662	9.41364e-07
28.569377901311537	1.00233e-06
28.589741472758817	9.37712e-07
28.610104973442933	9.71604e-07
28.630468414975208	1.07015e-06
28.650831841443363	9.99633e-07
28.671195283069771	1.04584e-06
28.691558775316711	1.00335e-06
28.711922336875094	8.89586e-07
28.732285958221283	9.50799e-07
28.752649626491959	1.01849e-06
28.773013301906989	9.51604e-07
28.793376956075367	1.01501e-06
28.813740544348455	9.58497e-07
28.834104066309635	9.7321e-07
28.854467528001887	1.08131e-06
28.874830965600147	1.01524e-06
28.89519442357825	9.15267e-07
28.915557917384977	9.7423e-07
28.935921461593946	1.02294e-06
28.956285066803535	9.77267e-07
28.976648718541544	1.03744e-06
28.997012383669599	9.67397e-07
29.017376038550044	1.01282e-06
29.037739639119238	9.63414e-07
29.058103178594443	9.75254e-07
29.078466658507747	1.08207e-06
29.098830107921408	1.02382e-06
29.119193567962011	9.12905e-07
29.139557059330077	9.80179e-07
29.159920594161147	1.03521e-06
29.180284185977783	9.72598e-07
29.20064782351831	1.04713e-06
29.221011478393862	9.80901e-07
29.24137512884765	1.01464e-06
29.261738737321714	9.78818e-07
29.282102290075006	9.90676e-07
29.302465785014309	1.08633e-06
29.322829245157468	1.04163e-06
29.343192708440025	9.25662e-07
29.363556195247764	9.94915e-07
29.383919724283253	1.05766e-06
29.404283307946592	9.84989e-07
29.424646937097258	1.06157e-06
29.445010586913412	1.00042e-06
29.465374224328926	8.90515e-07
29.485737833779044	9.53447e-07
29.506101395538654	1.00716e-06
29.526464905293693	9.6128e-07
29.546828377876057	1.02467e-06
29.567191847266141	9.56179e-07
29.587555333550434	1.00884e-06
29.607918867257876	9.62689e-07
29.628282447367621	9.74753e-07
29.648646072700814	1.08462e-06
29.66900972085234	1.03115e-06
29.689373359816113	9.06546e-07
29.709736973667368	9.77085e-07
29.73010054461821	1.03431e-06
29.750464063320806	9.65014e-07
29.770827542514006	1.04191e-06
29.791191012942136	9.74786e-07
29.811554494649901	1.00659e-06
29.831918019413379	9.72753e-07
29.852281590609927	9.85207e-07
29.87264520875712	1.07882e-06
29.89300885430772	1.03136e-06
29.913372495213348	9.16653e-07
29.933736114591522	9.88536e-07
29.954099693238337	1.05227e-06
29.974463220840743	9.76211e-07
29.994826707695101	1.05888e-06
30.015190181571576	9.97106e-07
30.035553661185784	1.00689e-06
30.055917179699463	9.91009e-07
30.076280743646912	1.0077e-06
30.096644354761622	9.53953e-07
30.117007997950033	1.01202e-06
30.137371641594168	9.45716e-07
30.157735267420321	9.93293e-07
30.178098855891079	1.07412e-06
30.198462392699231	1.00125e-06
30.218825890426725	9.42965e-07
30.239189364361248	9.7988e-07
30.25955283640474	1.01755e-06
30.279916343344524	1.01427e-06
30.300279901474731	9.19027e-07
30.320643505871359	9.39762e-07
30.341007144795867	1.04305e-06
30.361370787860917	9.76013e-07
30.38173441640977	1.01991e-06
30.402098002055496	9.81694e-07
30.422461542382091	9.9486e-07
30.442825038809239	1.08895e-06
30.463188507629678	1.04342e-06
30.483551982196627	9.25543e-07
30.503915479960785	9.95353e-07
30.524279019671781	1.05919e-06
30.544642614129003	9.77682e-07
30.565006251276188	1.06104e-06
30.585369897179056	9.97909e-07
30.605733532385997	1.00778e-06
30.626097126908075	9.93795e-07
30.646460676326459	1.00927e-06
30.666824183007936	9.52079e-07
30.68718765791288	1.0157e-06
30.70755112813757	9.47855e-07
30.727914612778346	9.97105e-07
30.74827813405777	1.07936e-06
30.768641712684627	1.01288e-06
30.789005337506143	9.55435e-07
30.809368982382612	9.85445e-07
30.829732621913394	1.02494e-06
30.85009622315296	1.01474e-06
30.870459774979732	9.17596e-07
30.89082328426715	9.41874e-07
30.911186762143487	1.05023e-06
30.931550227926319	9.8164e-07
30.951913700647534	1.01596e-06
30.972277216292159	9.91274e-07
30.99264078078324	9.99851e-07
31.013004398024645	1.09406e-06
31.033368049325158	1.05405e-06
31.053731686881758	9.32305e-07
31.074095294915224	1.00492e-06
31.094458854078141	9.39909e-07
31.114822368233284	9.46288e-07
31.135185846461376	1.06985e-06
31.155549313645068	1.00208e-06
31.175912791862725	8.92542e-07
31.196276296315418	9.75377e-07
31.216639844086959	1.02766e-06
31.237003445110048	9.70778e-07
31.257367086949198	1.04416e-06
31.277730729327711	9.71288e-07
31.298094345589757	1.01581e-06
31.31845791233382	9.75487e-07
31.338821430963677	9.75942e-07
31.359184908245393	1.09143e-06
31.379548373595291	1.03544e-06
31.399911846107827	9.09809e-07
31.42027533663024	9.95643e-07
31.440638864969024	1.04998e-06
31.461002448072534	9.71313e-07
31.481366076926601	1.06009e-06
31.501729727028618	9.89378e-07
31.522093357567218	1.00639e-06
31.54245693915508	9.94775e-07
31.562820469756151	9.98401e-07
31.583183953157157	1.08562e-06
31.603547416865229	1.05726e-06
31.623910892771228	9.30341e-07
31.644274376916581	1.00551e-06
31.664637901141017	9.48168e-07
31.685001468901451	9.47557e-07
31.705365082454122	1.07835e-06
31.725728724496872	1.01578e-06
31.746092355299915	8.97276e-07
31.766455945489476	9.84806e-07
31.78681948414529	1.03829e-06
31.807182976042906	9.6907e-07
31.827546438685353	1.05664e-06
31.847909908332529	9.82393e-07
31.868273388992424	1.01871e-06
31.888636902195078	9.8752e-07
31.909000453982117	9.80161e-07
31.929364050449163	1.09538e-06
31.949727681493954	1.048e-06
31.970091319836328	9.10207e-07
31.99045492777417	1.00222e-06
32.010818480590061	9.36609e-07
32.031181983267793	9.32831e-07
32.051545447767268	1.066e-06
32.071908910466945	9.98915e-07
32.092272393226914	1.00828e-06
32.112635899908689	1.00746e-06
32.132999446517466	8.89776e-07
32.153363029990324	9.42629e-07
32.173726647004273	1.0285e-06
32.194090277245749	9.4376e-07
32.214453898162198	1.02541e-06
32.234817463349977	9.76324e-07
32.255180974268661	9.59268e-07
32.275544439263712	1.09644e-06
32.29590789308488	1.03797e-06
32.316271372615553	8.98603e-07
32.336634879166908	1.00313e-06
32.356998418754273	9.2959e-07
32.377361991437226	9.30211e-07
32.397725596571597	1.05423e-06
32.418089219122585	9.84796e-07
32.438452845142351	1.01141e-06
32.458816429063369	9.92128e-07
32.479179956321005	9.89589e-07
32.499543430979493	1.09219e-06
32.519906884382515	1.05435e-06
32.54027035472555	9.15712e-07
32.560633859650864	1.00369e-06
32.580997396171533	9.47348e-07
32.601360961253675	9.28852e-07
32.621724556019672	1.07248e-06
32.642088169671162	1.01234e-06
32.662451781608709	8.80284e-07
32.682815376931032	9.74048e-07
32.703178917021681	1.02915e-06
32.723542407112411	9.59767e-07
32.743905864163892	1.04329e-06
32.764269327846783	9.73322e-07
32.784632818593217	1.0177e-06
32.804996355353701	9.79766e-07
32.825359916838835	9.68958e-07
32.84572350506587	1.0931e-06
32.866087112154659	1.04355e-06
32.886450719673952	8.96395e-0nitial
32.906814317370291	1.00011e-06
32.927177873310406	9.37725e-07
32.947541376043965	9.20121e-07
32.967904837004795	1.06343e-06
32.988268294506561	9.98892e-07
33.008631770540099	1.0054e-06
33.028995298909599	1.00597e-06
33.049358863031472	8.8791e-07
33.069722448457128	9.3911e-07
33.090086050100041	1.02182e-06
33.110449652861313	9.38829e-07
33.130813246995004	1.01418e-06
33.151176816866048	9.69891e-07
33.1715403311781	9.49976e-07
33.191903797107386	1.09311e-06
33.212267249861625	1.03379e-06
33.232630726931269	8.866e-07
33.252994243121272	9.91871e-07
33.273357805020318	1.05152e-06
33.293721390941002	9.49978e-07
33.314084991809864	1.0553e-06
33.334448593570443	9.87594e-07
33.354812186461636	1.00222e-06
33.375175756630952	9.85093e-07
33.395539289482258	9.84582e-07
33.415902768628726	1.08408e-06
33.436266224090033	1.04951e-06
33.456629693813483	9.1373e-07
33.476993195667212	1.00751e-06
33.497356752782458	9.54174e-07
33.51772034047346	9.29085e-07
33.538083942457092	1.07284e-06
33.558447544074106	1.01518e-06
33.578811130218412	8.83021e-07
33.599174696168021	9.77788e-07
33.619538239230614	1.03777e-06
33.639901733357902	9.67252e-07
33.660265192902465	1.04893e-06
33.680628657404057	9.78553e-07
33.700992146093988	1.0127e-06
33.72135568862511	9.81876e-07
33.74171927992208	9.76327e-07
33.7620828869075	1.09239e-06
33.782446493696057	1.0423e-06
33.802810083714384	9.04231e-07
33.823173651242627	9.95643e-07
33.843537193214573	1.06392e-06
33.863900701786868	9.63391e-07
33.88426416850367	1.06334e-06
33.904627630249685	1.00461e-06
33.924991121397497	8.82268e-07
33.945354652701489	9.65053e-07
33.965718235514359	1.01404e-06
33.986081843508423	9.70801e-07
34.006445452401067	1.03412e-06
34.026809043929454	9.59795e-07
34.047172611331931	1.01383e-06
34.067536149540302	9.76692e-07
34.087899665707049	9.70112e-07
34.10826313855793	1.09159e-06
34.128626597975774	1.039e-06
34.148990079543786	9.09507e-07
34.169353596538116	9.92603e-07
34.189717163630704	1.06041e-06
34.210080778737996	9.74371e-07
34.230444397737827	1.05807e-06
34.250807999429156	9.91835e-07
34.271171574687841	1.01037e-06
34.29153511645152	9.95289e-07
34.31189863138227	1.00077e-06
34.332262125094203	9.62063e-07
34.352625592125648	1.01798e-06
34.372989070406817	9.40955e-07
34.393352575710423	9.95066e-07
34.413716126078214	1.08909e-06
34.434079729690765	1.00161e-06
34.454443350227919	9.49525e-07
34.474806957928791	9.85774e-07
34.495170539215401	1.03267e-06
34.515534083500555	1.0198e-06
34.535897598551124	9.21118e-07
34.556261096180513	9.60012e-07
34.576624566461938	1.05858e-06
34.596988041795022	9.82913e-07
34.617351539110338	1.02272e-06
34.637715085658932	1.00318e-06
34.658078681241221	8.83465e-07
34.678442308605106	9.41693e-07
34.69880592771046	1.02131e-06
34.719169514695707	9.45164e-07
34.739533064183682	1.01e-06
34.759896577899568	9.69414e-07
34.780260068573625	9.80297e-07
34.800623542514778	1.08797e-06
34.820987014581092	1.02297e-06
34.841350515775083	9.19998e-07
34.861714054611078	9.90034e-07
34.882077640448017	1.03901e-06
34.902441267104379	9.88632e-07
34.922804902211027	1.0572e-06
34.94316850432503	9.77949e-07
34.963532065900964	1.01661e-06
34.983895584634411	9.9008e-07
35.004259072060215	9.99988e-07
35.02462254540486	1.09434e-06
35.044986017078479	1.05053e-06
35.065349511987897	9.37819e-07
35.085713040643611	9.99887e-07
35.106076614982129	1.07167e-06
35.126440233414669	1.01289e-06
35.146803869453208	9.47238e-07
35.167167481325087	9.82031e-07
35.187531052949829	1.04732e-06
35.207894576650915	1.01923e-06
35.228258068502647	9.17357e-07
35.248621546065884	9.74856e-07
35.268985021138135	1.06085e-06
35.289348513815987	9.97586e-07
35.309712036308703	1.03872e-06
35.330075607047611	1.00341e-06
35.350439217894547	8.98314e-07
35.370802853456993	9.51063e-07
35.391166479728177	1.0158e-06
35.411530060186379	9.61929e-07
35.431893592280744	1.0174e-06
35.452257084131752	9.65064e-07
35.47262055304229	9.99907e-07
35.492984021819126	1.09238e-06
35.513347508534899	1.02184e-06
35.53371103257733	9.37139e-07
35.55407459683267	9.87327e-07
35.574438204215589	1.04578e-06
35.594801839739958	1.00131e-06
35.615165472341694	9.20336e-07
35.635529066311634	9.53288e-07
35.655892609933865	1.03284e-06
35.676256105997041	9.85442e-07
35.696619570751963	1.02758e-06
35.716983040221614	9.86335e-07
35.737346526475989	1.01244e-06
35.757710046027732	9.70715e-07
35.778073604352002	1.01227e-06
35.798437206570007	9.58474e-07
35.81880084046086	9.99611e-07
35.839164489832989	1.08368e-06
35.859528107419642	1.01847e-06
35.879891665365115	9.38222e-07
35.900255169455832	9.86529e-07
35.920618630882949	1.05364e-06
35.940982086134355	1.01105e-06
35.961345571781791	9.22795e-07
35.981709084330461	9.68259e-07
36.002072634526399	1.04562e-06
36.022436231349886	9.96612e-07
36.042799863448479	1.03816e-06
36.063163504300277	9.91989e-07
36.083527134911925	1.0175e-06
36.103890707192313	9.79741e-07
36.124254221581594	1.01444e-06
36.144617692144003	9.64551e-07
36.164981140560805	1.00734e-06
36.185344609215498	9.592e-07
36.20570811116314	9.86745e-07
36.226071649617353	1.07401e-06
36.246435239003283	1.01955e-06
36.266798865258181	9.34147e-07
36.287162509928223	9.81882e-07
36.307526152197248	1.04557e-06
36.327889747986866	9.99509e-07
36.348253282069756	1.04367e-06
36.368616761375705	9.91289e-07
36.388980206306293	1.03698e-06
36.409343660700138	9.86414e-07
36.429707147066502	1.0109e-06
36.450070684030443	9.76984e-07
36.470434266754282	1.0063e-06
36.490797891344471	9.6109e-07
36.511161540865992	1.00673e-06
36.531525181842007	9.51666e-07
36.551888798397322	9.86253e-07
36.572252354131649	1.07566e-06
36.592615845278075	1.01424e-06
36.612979300691073	9.3652e-07
36.633342745953762	9.83266e-07
36.653706211548062	1.04204e-06
36.674069735386873	1.00164e-06
36.694433311896418	9.20679e-07
36.714796931708364	9.58907e-07
36.735160582717171	1.04306e-06
36.75552423112093	9.89104e-07
36.775887858460599	1.02328e-06
36.796251427490006	9.89295e-07
36.8166149305654	1.01386e-06
36.836978386245477	9.73382e-07
36.85734181950388	1.0157e-06
36.877705279267722	9.56191e-07
36.89806878547396	9.93299e-07
36.918432345507107	1.08311e-06
36.938795959685564	1.01654e-06
36.959159605498314	9.41765e-07
36.979523261145246	9.87011e-07
36.999886902290946	1.04181e-06
37.020250493667774	1.00499e-06
37.040614015258235	9.22735e-07
37.060977479800421	9.61274e-07
37.081340908739513	1.04676e-06
37.101704353691936	9.87735e-07
37.122067838536019	1.02372e-06
37.142431394698129	9.93064e-07
37.162795003753445	1.0158e-06
37.183158652050295	9.77303e-07
37.203522317659854	1.01944e-06
37.223885960705992	9.58292e-07
37.244249565245298	9.98818e-07
37.264613110358312	1.08674e-06
37.284976584134675	1.01684e-06
37.305340021557363	9.45825e-07
37.325703451437533	9.86041e-07
37.346066908207156	1.04338e-06
37.366430436986001	1.0074e-06
37.386794034518587	9.2078e-07
37.407157677576095	9.63895e-07
37.427521347724095	1.05019e-06
37.447885003217067	9.87245e-07
37.468248624069652	1.02927e-06
37.488612182599766	9.97072e-07
37.508975672224445	1.01521e-06
37.529339112058913	9.82264e-07
37.549702530583744	1.02166e-06
37.570065982862587	9.57134e-07
37.590429489502668	1.00229e-06
37.610793075522921	9.6437e-07
37.631156715777415	9.81767e-07
37.651520393957995	1.08294e-06
37.671884067595357	1.02512e-06
37.692247698360276	9.22408e-07
37.712611275591613	9.81769e-07
37.732974788574467	1.04689e-06
37.75333823780614	9.93838e-07
37.773701650449041	1.05183e-06
37.79406508332508	9.88315e-07
37.814428561735717	1.02353e-06
37.834792121806323	9.8957e-07
37.855155752642602	1.00407e-06
37.8755194222977	9.76501e-07
37.895883104310194	1.0135e-06
37.916246752470073	9.4683e-07
37.936610350320557	9.97287e-07
37.956973883091102	1.08259e-06
37.977337346994616	1.01014e-06
37.99770077295517	9.48738e-07
38.018064192920335	9.80544e-07
38.038427644010547	1.04074e-06
38.058791174351285	1.01284e-06
38.079154787874671	9.15814e-07
38.099518453396939	9.68398e-07
38.119882143939066	1.05346e-06
38.140245809304602	9.84331e-07
38.160609428410574	1.02836e-06
38.180972973914336	9.95968e-07
38.201336454673687	1.00486e-06
38.221699883051336	9.82142e-07
38.242063289404307	1.01705e-06
38.262426733590786	9.45681e-07
38.282790237013465	1.00033e-06
38.303153826396304	9.56906e-07
38.323517486824095	9.71733e-07
38.343881186093626	1.07979e-06
38.36424487333597	1.01465e-06
38.38460850633993	9.13615e-07
38.404972074930832	9.76797e-07
38.425335572599344	1.03355e-06
38.445699012472097	9.86171e-07
38.466062413919701	1.04734e-06
38.486425838036261	9.75296e-07
38.506789311466626	1.01844e-06
38.527152872607985	9.84712e-07
38.547516515274758	9.90721e-07
38.567880216151998	1.1002e-06
38.58824391882041	1.04831e-06
38.608607574849806	9.26679e-07
38.628971168172299	9.96403e-07
38.649334685653564	1.06842e-06
38.669698137187552	9.94204e-07
38.690061538461677	1.06879e-06
38.710424945088178	1.00883e-06
38.73078840926852	9.03271e-07
38.751151944648186	9.67748e-07
38.77151556338918	1.02202e-06
38.791879248503875	9.81119e-07
38.812242955058323	1.04178e-06
38.832606627933359	9.67514e-07
38.852970244933687	1.01812e-06
38.873333779498601	9.83036e-07
38.893697243112555	9.86112e-07
38.914060650638397	1.10168e-06
38.934424045550308	1.0462e-06
38.954787485416233	9.22913e-07
38.975150990315939	9.93927e-07
38.995514580159778	1.06349e-06
39.015878251342912	9.93836e-07
39.036241968124166	1.06497e-06
39.05660566493308	1.00015e-06
39.076969297762268	8.98853e-07
39.09733285748483	9.61336e-07
39.117696339893982	1.00954e-06
39.138059769897254	9.77863e-07
39.158423168275519	1.03308e-06
39.178786593294895	9.55629e-07
39.199150071306121	1.01246e-06
39.219513639615137	9.7523e-07
39.239877290134309	9.76912e-07
39.260241007262657	1.09605e-06
39.280604720499305	1.03739e-06
39.300968377535071	9.15512e-07
39.321331962909277	9.88609e-07
39.34169546503513	1.05266e-06
39.362058899498166	9.8722e-07
39.382422295032171	1.05813e-06
39.402785699674283	9.89169e-07
39.423149144502062	1.01629e-06
39.443512677864739	9.90531e-07
39.463876298338178	9.95703e-07
39.484239998019646	1.09811e-06
39.504603722191803	1.05821e-06
39.524967403267901	9.28054e-07
39.545331019390375	1.00119e-06
39.565694546320877	9.53014e-07
39.586057998308355	9.55675e-07
39.606421398078297	1.0785e-06
39.62678479495117	1.01945e-06
39.647148240119847	9.0448e-07
39.667511752455489	9.79697e-07
39.687875350300459	1.04157e-06
39.708239026923472	9.84862e-07
39.728602753043887	1.05393e-06
39.748966452469645	9.81886e-07
39.769330096373778	1.0165e-06
39.789693648428269	9.87346e-07
39.810057116799662	9.86519e-07
39.830420518232081	1.09684e-06
39.850783907296531	1.05073e-06
39.87114732915753	9.16269e-07
39.89151080872518	9.9418e-07
39.911874371598927	1.06734e-06
39.932238024797002	9.77225e-07
39.952601742349358	1.06689e-06
39.972965460072196	1.00775e-06
39.993329115595046	8.87699e-07
40.013692694523591	9.6177e-07
