0.012	4.24823e-08
0.0264	1.92845e-07
0.04368	3.51572e-07
0.0642855	7.37172e-07
0.0881494	3.64084e-08
0.115209	8.46621e-08
0.145412	1.8074e-07
0.176419	2.12497e-07
0.206965	1.71821e-07
0.237206	1.41457e-07
0.267275	1.23992e-07
0.297172	1.11022e-07
0.326767	9.73312e-08
0.356065	8.58514e-08
0.385065	7.62534e-08
0.413802	6.86289e-08
0.442322	6.28122e-08
0.470609	5.74889e-08
0.498713	9.45756e-07
0.526637	8.79588e-07
0.554397	8.23036e-07
0.582024	7.77077e-07
0.609503	7.33127e-07
0.636859	6.95415e-07
0.664022	6.51089e-07
0.691016	6.11874e-07
0.71784	5.75569e-07
0.74451	5.43166e-07
0.771029	5.13263e-07
0.797406	4.8608e-07
0.823649	4.61531e-07
0.849761	4.38748e-07
0.875753	4.18264e-07
0.901624	3.98858e-07
0.927388	3.81556e-07
0.95304	3.64882e-07
0.978595	3.50055e-07
1.00405	3.35639e-07
1.02941	3.22768e-07
1.05468	3.10126e-07
1.07985	2.97761e-07
1.10493	2.85815e-07
1.12991	2.74455e-07
1.1548	2.63843e-07
1.17961	2.53687e-07
1.20432	2.44255e-07
1.22896	2.35123e-07
1.25352	2.26669e-07
1.27799	2.18441e-07
1.3024	2.10777e-07
1.32673	2.0345e-07
1.35098	1.96563e-07
1.37517	1.90041e-07
1.3993	1.83786e-07
1.42335	1.77886e-07
1.44735	1.72142e-07
1.47128	1.66733e-07
1.49515	1.61489e-07
1.51897	1.56512e-07
1.54273	1.51763e-07
1.56643	1.47178e-07
1.59007	1.42699e-07
1.61366	1.38221e-07
1.63718	1.33932e-07
1.66065	1.29812e-07
1.68407	1.25838e-07
1.70743	1.2204e-07
1.73074	1.18364e-07
1.754	1.1485e-07
1.7772	1.11463e-07
1.80036	1.08158e-07
1.82347	1.04983e-07
1.84653	1.01915e-07
1.86954	9.89553e-08
1.89251	9.61147e-08
1.91543	9.33554e-08
1.93832	9.07085e-08
1.96115	8.81541e-08
1.98395	8.56783e-08
2.006708	8.32966e-08
2.029425	8.09907e-08
2.052103	7.87692e-08
2.074742	7.66181e-08
2.097341	7.4483e-08
2.119901	7.24088e-08
2.142422	7.04038e-08
2.164905	6.84553e-08
2.187351	6.65695e-08
2.209761	6.47426e-08
2.232135	6.29669e-08
2.254474	6.12498e-08
2.276778	5.95818e-08
2.299048	5.79606e-08
2.321285	5.63938e-08
2.34349	5.48709e-08
2.365662	5.33961e-08
2.387802	9.77609e-07
2.409911	9.5136e-07
2.431987	9.25896e-07
2.454033	9.01103e-07
2.476048	8.76952e-07
2.498033	8.53431e-07
2.519988	8.30546e-07
2.541915	8.08308e-07
2.563812	7.86716e-07
2.585681	7.65754e-07
2.607523	7.45394e-07
2.629337	7.25647e-07
2.651124	7.0646e-07
2.672885	6.87766e-07
2.69462	6.69555e-07
2.716329	6.51789e-07
2.738012	6.34445e-07
2.759671	6.17508e-07
2.781305	6.00993e-07
2.802915	5.84894e-07
2.824501	5.69208e-07
2.846063	5.5392e-07
2.867602	5.38907e-07
2.889118	5.24179e-07
2.910612	5.09711e-07
2.932084	4.9557e-07
2.953533	4.8173e-07
2.974961	4.68214e-07
2.996368	4.55107e-07
3.017753	4.42357e-07
3.039118	4.3002e-07
3.060463	4.18039e-07
3.081787	4.06433e-07
3.103092	3.95176e-07
3.124376	3.84258e-07
3.145642	3.73701e-07
3.166888	3.63477e-07
3.188116	3.53562e-07
3.209325	3.43921e-07
3.230516	3.34539e-07
3.251689	3.25397e-07
3.272844	3.16482e-07
3.293982	3.07779e-07
3.315102	2.99291e-07
3.336206	2.91011e-07
3.357293	2.82931e-07
3.378364	2.75047e-07
3.399419	2.67363e-07
3.420458	2.59867e-07
3.441481	2.52572e-07
3.46249	2.45465e-07
3.483483	2.38551e-07
3.504463	2.31821e-07
3.525427	2.25276e-07
3.546378	2.18913e-07
3.567315	2.12701e-07
3.588238	2.06653e-07
3.609148	2.00761e-07
3.630044	1.95022e-07
3.650927	1.89428e-07
3.671797	1.83967e-07
3.692654	1.78616e-07
3.713499	1.7342e-07
3.734332	1.68304e-07
3.755152	1.63313e-07
3.77596	1.58416e-07
3.796755	1.53621e-07
3.817539	1.4892e-07
3.838311	1.44307e-07
3.859071	1.39781e-07
3.879818	1.35344e-07
3.900554	1.30981e-07
3.921278	1.26702e-07
3.94199	1.22492e-07
3.96269	1.18362e-07
3.983378	1.14309e-07
4.0040539	1.10337e-07
4.0247181	1.06437e-07
4.0453707	1.02613e-07
4.0660121	9.88715e-08
4.0866425	9.5217e-08
4.1072621	9.16492e-08
4.1278713	8.81703e-08
4.1484705	8.47861e-08
4.1690599	8.14967e-08
4.1896399	7.83032e-08
4.2102109	7.52069e-08
4.2307729	7.2206e-08
4.2513263	6.93e-08
4.2718713	6.64905e-08
4.2924084	6.37754e-08
4.3129377	6.11537e-08
4.3334596	5.86243e-08
4.3539744	5.61834e-08
4.3744824	5.38304e-08
4.3949838	5.15621e-08
4.4154788	4.93787e-08
4.4359678	4.72751e-08
4.456451	4.52508e-08
4.4769286	4.33019e-08
4.4974008	4.14284e-08
4.5178679	3.96272e-08
4.5383301	3.78984e-08
4.5587876	3.62387e-08
4.5792406	3.46463e-08
4.5996894	3.31197e-08
4.6201341	9.89649e-07
4.640575	9.49513e-07
4.6610122	9.1056e-07
4.6814459	8.73021e-07
4.7018763	8.36891e-07
4.7223035	8.02153e-07
4.7427278	7.68761e-07
4.7631493	7.36674e-07
4.783568	7.05856e-07
4.8039842	6.7625e-07
4.8243979	6.47804e-07
4.8448093	6.20462e-07
4.8652185	5.94199e-07
4.8856256	5.6895e-07
4.9060306	5.44825e-07
4.9264337	5.21578e-07
4.946835	4.99338e-07
4.9672345	4.7795e-07
4.9876323	4.57471e-07
5.0080286	4.37833e-07
5.0284233	4.19006e-07
5.0488167	4.00986e-07
5.0692087	3.83726e-07
5.0895993	3.67196e-07
5.1099888	3.51366e-07
5.1303771	3.36195e-07
5.1507643	3.21671e-07
5.1711504	3.07761e-07
5.1915355	2.94449e-07
5.2119197	2.81714e-07
5.2323029	2.69513e-07
5.2526853	2.57855e-07
5.2730668	2.46685e-07
5.2934476	2.36016e-07
5.3138275	2.25803e-07
5.3342068	2.1604e-07
5.3545854	2.06709e-07
5.3749633	1.97784e-07
5.3953406	1.89157e-07
5.4157173	1.8122e-07
5.4360934	1.73244e-07
5.456469	1.65916e-07
5.4768441	1.5868e-07
5.4972187	1.52001e-07
5.5175928	1.45377e-07
5.5379665	1.39185e-07
5.5583397	1.33271e-07
5.5787126	1.27572e-07
5.599085	1.22139e-07
5.6194571	1.16929e-07
5.6398288	1.11956e-07
5.6602002	1.07193e-07
5.6805713	1.02639e-07
5.700942	9.82929e-08
5.7213125	9.41066e-08
5.7416826	9.01242e-08
5.7620525	8.63001e-08
5.7824221	8.26446e-08
5.8027915	7.91439e-08
5.8231607	7.5783e-08
5.8435296	7.25779e-08
5.8638983	6.95033e-08
5.8842667	6.65678e-08
5.904635	6.37344e-08
5.9250031	6.10597e-08
5.945371	5.84674e-08
5.9657387	5.59046e-08
5.9861063	5.36816e-08
6.00647367	5.12729e-08
6.02684089	4.92159e-08
6.04720797	4.70637e-08
6.0675749	4.51044e-08
6.08794169	4.324e-08
6.10830834	4.12693e-08
6.12867487	3.96722e-08
6.14904127	3.79593e-08
6.16940756	3.62228e-08
6.18977373	3.48614e-08
6.21013979	3.32345e-08
6.23050575	3.19013e-08
6.25087161	3.05272e-08
6.27123737	2.91497e-08
6.29160303	2.80092e-08
6.31196861	2.67307e-08
6.33233411	2.5603e-08
6.35269952	2.45407e-08
6.37306485	2.34621e-08
6.3934301	2.24369e-08
6.41379529	2.15359e-08
6.4341604	2.05605e-08
6.45452545	1.97426e-08
6.47489043	1.883e-08
6.49525535	1.80581e-08
6.51562022	1.72125e-08
6.53598502	1.65011e-08
6.55634978	1.57195e-08
6.57671448	9.58606e-07
6.59707913	9.07313e-07
6.61744374	8.66301e-07
6.63780831	8.30445e-07
6.65817283	7.98981e-07
6.67853732	7.67266e-07
6.69890177	7.35945e-07
6.71926618	7.06863e-07
6.73963056	6.7754e-07
6.75999491	6.50301e-07
6.78035922	6.22743e-07
6.8007235	5.97499e-07
6.82108775	5.72325e-07
6.84145197	5.48586e-07
6.86181617	5.25814e-07
6.88218034	5.04304e-07
6.90254448	4.83121e-07
6.9229086	4.63497e-07
6.94327269	4.43991e-07
6.96363677	4.25495e-07
6.98400082	4.07923e-07
7.00436485	3.908e-07
7.02472885	3.74605e-07
7.04509285	3.58831e-07
7.06545682	3.43838e-07
7.08582077	3.29332e-07
7.10618471	3.15521e-07
7.12654863	3.02204e-07
7.14691254	2.89524e-07
7.16727643	2.77279e-07
7.18764031	2.65633e-07
7.20800417	2.54374e-07
7.22836802	2.43672e-07
7.24873186	2.3325e-07
7.26909569	2.23402e-07
7.2894595	2.13858e-07
7.30982331	2.04747e-07
7.33018711	1.96001e-07
7.35055089	1.87713e-07
7.37091466	1.79926e-07
7.39127843	1.72204e-07
7.41164219	1.65044e-07
7.43200593	1.57989e-07
7.45236967	1.51501e-07
7.4727334	1.45329e-07
7.49309713	1.39364e-07
7.51346084	1.33434e-07
7.53382455	1.2801e-07
7.55418826	1.2322e-07
7.57455196	1.18591e-07
7.59491565	1.13746e-07
7.61527934	1.09026e-07
7.63564302	1.05162e-07
7.6560067	1.01883e-07
7.67637037	9.85965e-08
7.69673403	9.49341e-08
7.71709769	9.14565e-08
7.73746135	8.85921e-08
7.757825	8.66655e-08
7.77818864	8.46e-08
7.79855229	8.22099e-08
7.81891593	7.97253e-08
7.83927957	7.7884e-08
7.8596432	7.68779e-08
7.88000684	7.60727e-08
7.90037046	7.47226e-08
7.92073409	7.28045e-08
7.94109771	7.15346e-08
7.96146133	7.08739e-08
7.98182494	7.11505e-08
8.002188551	7.07603e-08
8.02255216	6.98247e-08
8.042915766	6.8989e-08
8.06327937	6.92981e-08
8.083642972	7.00202e-08
8.104006571	7.08165e-08
8.124370169	7.07592e-08
8.144733765	7.1053e-08
8.16509736	7.19513e-08
8.185460954	7.28265e-08
8.205824548	7.47795e-08
8.22618814	7.65202e-08
8.246551731	7.71829e-08
8.266915321	7.90997e-08
8.287278908	8.12607e-08
8.307642492	8.39716e-08
8.328006072	8.65351e-08
8.348369649	8.82946e-08
8.368733224	9.23065e-08
8.389096797	9.52535e-08
8.40946037	9.87711e-08
8.429823944	1.02873e-07
8.450187521	1.0626e-07
8.470551101	1.10579e-07
8.490914683	1.15531e-07
8.511278265	1.20493e-07
8.531641845	1.26226e-07
8.55200542	1.31875e-07
8.57236899	1.38227e-07
8.592732554	1.44334e-07
8.613096113	1.5155e-07
8.633459668	1.59735e-07
8.653823225	1.6709e-07
8.674186786	1.77962e-07
8.694550353	1.88146e-07
8.71491393	1.94092e-07
8.735277513	2.08235e-07
8.755641099	2.19895e-07
8.776004682	2.27048e-07
8.796368257	2.44713e-07
8.81673182	2.61345e-07
8.837095369	2.73349e-07
8.857458906	2.89428e-07
8.877822438	3.07956e-07
8.898185973	3.23294e-07
8.918549517	3.3983e-07
8.938913079	3.65204e-07
8.95927666	3.84351e-07
8.97964026	4.08045e-07
9.000003871	4.3709e-07
9.020367481	4.63375e-07
9.040731076	4.86561e-07
9.061094641	5.21883e-07
9.081458172	5.66201e-07
9.101821671	5.8197e-07
9.122185152	6.19155e-07
9.142548634	6.71012e-07
9.162912138	6.96773e-07
9.18327568	7.54234e-07
9.203639268	8.05987e-07
9.224002903	8.60547e-07
9.24436657	9.0863e-07
9.264730246	9.59859e-07
9.285093899	4.2223e-08
9.305457494	9.75508e-07
9.325821017	4.13257e-08
9.346184486	9.37153e-07
9.36654792	9.66915e-07
9.386911349	4.14077e-08
9.407274824	9.54125e-07
9.42763836	4.06547e-08
9.448001951	9.39478e-07
9.468365589	9.46882e-07
9.488729255	4.21829e-08
9.509092905	9.81089e-07
9.529456522	9.95136e-07
9.549820088	4.39748e-08
9.570183592	4.09031e-08
9.590547057	9.35708e-07
9.610910505	9.72085e-07
9.631273966	4.0921e-08
9.65163748	9.76798e-07
9.672001057	4.11316e-08
9.692364678	9.66562e-07
9.712728325	9.88303e-07
9.733091976	4.2951e-08
9.753455593	4.04289e-08
9.773819162	9.22758e-07
9.794182684	9.49771e-07
9.814546158	4.0101e-08
9.834909615	9.49695e-07
9.855273074	9.85674e-07
9.875636563	4.23888e-08
9.896000112	9.97328e-07
9.916363724	4.17314e-08
9.936727369	9.78029e-07
9.957091022	9.96698e-07
9.977454658	4.28681e-08
9.9978182462	9.99629e-07
10.018181781	4.24144e-08
10.038545276	9.7903e-07
10.05890874	9.9345e-07
10.079272183	4.35194e-08
10.099635651	4.06981e-08
10.119999168	9.11899e-07
10.140362738	9.4196e-07
10.160726361	9.96521e-07
10.181090022	4.33912e-08
10.201453664	4.17968e-08
10.221817265	9.24126e-07
10.24218082	9.37719e-07
10.262544327	4.11166e-08
10.282907811	9.54674e-07
10.303271285	9.76086e-07
10.323634756	4.33344e-08
10.343998258	9.90452e-07
10.364361803	4.23794e-08
10.384725393	9.74118e-07
10.40508902	9.81355e-07
10.425452668	4.332e-08
10.445816282	4.13693e-08
10.466179847	9.0495e-07
10.486543366	9.37453e-07
10.506906848	9.83866e-07
10.527270312	4.29685e-08
10.547633798	4.14144e-08
10.567997312	9.14653e-07
10.588360855	9.18395e-07
10.608724435	9.84062e-07
10.629088049	4.34016e-08
10.649451675	9.98535e-07
10.669815299	4.3057e-08
10.690178877	9.81407e-07
10.710542403	9.93494e-07
10.730905881	4.4598e-08
10.751269345	4.19755e-08
10.771632829	9.17297e-07
10.791996345	9.38083e-07
10.81235989	9.75646e-07
10.832723468	4.52481e-08
10.853087073	4.2295e-08
10.873450685	9.08332e-07
10.893814294	9.41459e-07
10.914177883	9.95923e-07
10.93454142	4.5749e-08
10.954904909	4.39184e-08
10.975268378	9.33162e-07
10.995631848	9.44766e-07
11.015995343	4.25577e-08
11.036358894	9.68755e-07
11.056722479	9.97828e-07
11.077086092	4.5713e-08
11.097449711	4.30502e-08
11.117813316	9.32716e-07
11.138176899	9.47991e-07
11.15854045	9.90455e-07
11.178903941	4.6887e-08
11.199267399	4.4344e-08
11.219630861	9.33769e-07
11.239994345	9.69865e-07
11.260357876	4.26853e-08
11.280721466	9.73324e-07
11.301085084	4.38812e-08
11.321448707	9.67608e-07
11.34181232	9.83558e-07
11.362175907	4.52241e-08
11.382539455	4.21938e-08
11.402902966	9.30261e-07
11.423266432	9.60467e-07
11.443629877	4.38252e-08
11.463993347	9.76526e-07
11.484356861	4.22153e-08
11.504720438	9.43103e-07
11.525084064	9.92238e-07
11.545447707	4.51695e-08
11.565811333	9.9338e-07
11.586174929	4.52396e-08
11.606538478	9.94334e-07
11.626901984	4.34619e-08
11.647265457	9.83209e-07
11.667628898	9.87799e-07
11.687992337	4.71153e-08
11.708355824	4.39759e-08
11.728719379	9.19778e-07
11.749082996	9.58982e-07
11.769446651	4.35866e-08
11.789810294	9.62318e-07
11.810173907	4.447e-08
11.830537468	9.68528e-07
11.850900978	9.68504e-07
11.871264447	4.56396e-08
11.891627892	4.33188e-08
11.911991341	9.18116e-07
11.932354817	9.65907e-07
11.952718344	4.32176e-08
11.973081939	9.71187e-07
11.99344559434	4.29984e-08
12.01380925529	9.60661e-07
12.03417289179	9.924e-07
12.05453648076	4.63129e-08
12.07490000782	4.34248e-08
12.09526348889	9.39793e-07
12.11562694407	9.7038e-07
12.13599037609	4.42114e-08
12.15635383144	9.84199e-07
12.17671733008	4.32576e-08
12.19708089675	9.47901e-07
12.21744452651	9.97662e-07
12.23780820658	4.4679e-08
12.25817186695	4.44138e-08
12.27853547415	9.34113e-07
12.29889902237	9.43059e-07
12.31926251112	4.40838e-08
12.33962596611	9.85499e-07
12.35998940793	9.96605e-07
12.38035284084	4.77931e-08
12.40071631628	4.5078e-08
12.42107985784	9.32496e-07
12.44144346227	9.75755e-07
12.46180712183	4.33027e-08
12.48217079302	9.80055e-07
12.50253443125	4.50105e-08
12.52289800715	9.76979e-07
12.54326151994	9.92601e-07
12.56362497754	4.61885e-08
12.58398841843	4.30787e-08
12.60435187275	9.35617e-07
12.62471534467	9.85026e-07
12.64507885982	4.52698e-08
12.665442439	9.98303e-07
12.68580607513	4.31682e-08
12.7061697389	9.73724e-07
12.72653339076	4.43907e-08
12.74689698692	9.70165e-07
12.76726052176	9.8049e-07
12.78762399747	4.70241e-08
12.80798744572	4.26187e-08
12.82835090632	9.27696e-07
12.84871437559	9.90622e-07
12.86907787691	4.49909e-08
12.88944143612	9.90038e-07
12.90980505083	4.39445e-08
12.93016869997	9.72964e-07
12.95053235982	4.42196e-08
12.97089597196	9.84817e-07
12.9912595269	9.78882e-07
13.01162302148	4.79495e-08
13.03198648033	4.31439e-08
13.05234994077	9.23439e-07
13.07271341256	9.86467e-07
13.09307690579	4.45298e-08
13.11344044901	9.7862e-07
13.13380404338	4.5101e-08
13.15416767578	9.77708e-07
13.17453132941	4.36708e-08
13.19489495271	9.93473e-07
13.21525852353	9.82215e-07
13.23562203445	4.83073e-08
13.25598550384	4.40518e-08
13.27634896623	9.24953e-07
13.29671244231	9.80204e-07
13.31707593321	4.41046e-08
13.33743946613	9.82213e-07
13.35780304472	4.6321e-08
13.37816666195	4.15697e-08
13.39853029428	8.86005e-07
13.41889392135	9.55546e-07
13.43925750265	9.94109e-07
13.45962102575	4.82e-08
13.47998450311	4.56831e-08
13.5003479667	9.38923e-07
13.52071143701	9.81835e-07
13.54107493074	4.47951e-08
13.56143845968	9.92737e-07
13.58180202889	4.7149e-08
13.60216563541	4.25121e-08
13.62252925954	8.90671e-07
13.64289288686	9.55185e-07
13.6632564835	4.21139e-08
13.68362002358	9.54654e-07
13.70398351206	4.47707e-08
13.72434697794	9.66932e-07
13.74471044149	9.78699e-07
13.76507393006	4.59418e-08
13.7854374548	4.2845e-08
13.80580101807	9.30836e-07
13.82616461551	9.98808e-07
13.8465282397	4.40198e-08
13.86689186547	9.94985e-07
13.88725547992	4.2966e-08
13.90761903678	9.58093e-07
13.92798253824	4.55609e-08
13.94834600806	9.92466e-07
13.96870946542	9.75369e-07
13.98907293789	4.62216e-08
14.0094364577312	4.21428e-08
14.0298000130973	9.2354e-07
14.0501636013946	9.95322e-07
14.0705272175708	4.39055e-08
14.0908908398268	9.88161e-07
14.1112544558006	4.40648e-08
14.131618032832	9.77693e-07
14.1519815536864	4.54682e-08
14.1723450349716	4.25979e-08
14.1927085077246	8.61641e-07
14.2130719896849	9.32377e-07
14.2334355040105	4.08863e-08
14.2537990549689	9.24408e-07
14.2741626356452	4.42906e-08
14.2945262384683	9.71202e-07
14.31488985414	9.65873e-07
14.3352534688751	4.53849e-08
14.3556170600466	4.09973e-08
14.3759805997988	9.21055e-07
14.3963440939232	9.88237e-07
14.4167075575528	4.34193e-08
14.4370710296378	9.83295e-07
14.4574345273653	4.27048e-08
14.4777980714691	9.47613e-07
14.4981616426774	4.42677e-08
14.5185252369021	9.79765e-07
14.5388888459439	9.4884e-07
14.5592524577909	4.60127e-08
14.5796160513772	4.13433e-08
14.5999796099103	8.98656e-07
14.6203431219358	9.78674e-07
14.6407065980394	4.31283e-08
14.661070072973	9.70001e-07
14.6814335632932	4.39882e-08
14.7017970968586	9.86376e-07
14.7221606625634	4.44488e-08
14.7425242495702	9.88129e-07
14.7628878511626	9.79259e-07
14.7832514573138	4.719e-08
14.8036150489136	4.32079e-08
14.8239786175551	9.0983e-07
14.8443421450529	9.92709e-07
14.864705633971	4.48695e-08
14.8850691134089	9.61744e-07
14.9054325990543	4.52076e-08
14.9257961207536	4.00118e-08
14.946159684211	8.87167e-07
14.9665232657805	9.57559e-07
14.9868868609564	4.242e-08
15.0072504552867	9.61125e-07
15.0276140424889	4.32023e-08
15.0479776114859	9.61894e-07
15.0683411540567	4.35293e-08
15.0887046650757	9.77097e-07
15.1090681553673	9.60857e-07
15.1294316430273	4.66381e-08
15.1497951588092	4.22688e-08
15.1701587138572	8.97378e-07
15.1905222925003	9.80772e-07
15.2108858824712	4.37211e-08
15.2312494716142	9.58967e-07
15.2516130543978	4.45551e-08
15.2719766214649	9.94568e-07
15.2923401732238	4.40071e-08
15.3127036979845	9.83942e-07
15.3330672000747	9.971e-07
15.3534306944438	4.76338e-08
15.3737942095462	4.39413e-08
15.3941577577945	9.27678e-07
15.4145213355139	9.95192e-07
15.4348849216765	4.51016e-08
15.45524850525	9.80628e-07
15.4756120814072	4.57191e-08
15.495975642631	4.13383e-08
15.5163391908779	8.86914e-07
15.5367027230994	9.62195e-07
15.5570662339046	4.31323e-08
15.5774297450285	9.55254e-07
15.5977932655151	4.39186e-08
15.6181568125271	9.76356e-07
15.6385203870374	9.98234e-07
15.6588839749237	4.69629e-08
15.6792475573766	4.37332e-08
15.6996111267042	9.47459e-07
15.7199746823757	4.17343e-08
15.7403382259043	9.26717e-07
15.7607017621585	9.77391e-07
15.7810652801503	4.46444e-08
15.8014287964864	9.83807e-07
15.821792319031	4.53363e-08
15.8421558642616	4.1375e-08
15.8625194337963	8.87197e-07
15.882883019138	9.5659e-07
15.9032465996451	4.30312e-08
15.9236101656193	9.51619e-07
15.9439737165965	4.34312e-08
15.9643372553651	9.69075e-07
15.9847007880873	9.91863e-07
16.005064314530316	4.63781e-08
16.025427839609687	4.36349e-08
16.04579137674909	9.39945e-07
16.066154928540364	9.93702e-07
16.086518499374051	4.36929e-08
16.10688208618156	4.30639e-08
16.127245666527617	9.3071e-07
16.147609230362654	9.57813e-07
16.167972775362568	4.49623e-08
16.188336305943039	9.98891e-07
16.208699829769682	4.35386e-08
16.229063362225954	9.94569e-07
16.249426892833952	4.35876e-08
16.26979043628527	9.6359e-07
16.290153994274586	4.3552e-08
16.310517569997717	9.7405e-07
16.330881159280445	9.90691e-07
16.351244750972302	4.62646e-08
16.371608318197907	4.38992e-08
16.39197185989423	9.37729e-07
16.412335382109532	9.93185e-07
16.432698893389571	4.4157e-08
16.453062413546668	4.29054e-08
16.473425948927133	9.31901e-07
16.493789494909741	9.72295e-07
16.514153057483711	4.50837e-08
16.534516639141877	4.21958e-08
16.554880230238282	9.16298e-07
16.575243823183683	9.69206e-07
16.595607394502302	4.4265e-08
16.615970935547551	9.81755e-07
16.636334451774388	4.42111e-08
16.656697958581017	9.87851e-07
16.677061467975005	4.30211e-08
16.697425000215073	9.73999e-07
16.717788545713017	4.3309e-08
16.738152114435053	9.61035e-07
16.7585157023994	9.95605e-07
16.778879305258897	4.51325e-08
16.799242907282778	4.31612e-08
16.819606488282375	9.34619e-07
16.839970036551211	9.76183e-07
16.860333552418282	4.53103e-08
16.880697050888323	4.24352e-08
16.901060555309918	9.15229e-07
16.921424077232807	9.60155e-07
16.941787618659045	4.44097e-08
16.962151186926544	9.8632e-07
16.982514777911007	4.43379e-08
17.002878382193554	9.8927e-07
17.023241989741933	4.33297e-08
17.04360558048392	9.8e-07
17.063969136288385	4.36225e-08
17.084332654687227	9.70246e-07
17.104696146418927	4.27941e-08
17.125059636619341	9.57177e-07
17.14542313992623	9.92427e-07
17.165786670837196	4.55547e-08
17.186150233136328	4.39227e-08
17.206513824231038	9.3718e-07
17.226877433842162	9.77925e-07
17.247241051135862	4.43055e-08
17.267604653008632	4.23183e-08
17.287968219559257	9.1583e-07
17.308331745606385	9.60357e-07
17.328695236693456	4.45781e-08
17.349058718163192	9.87082e-07
17.369422207417781	4.37261e-08
17.389785734480775	9.89015e-07
17.410149294179377	4.38553e-08
17.430512887223482	9.76493e-07
17.450876503864535	4.32816e-08
17.471240124672097	9.64465e-07
17.49160373716294	9.99819e-07
17.511967326855	4.58991e-08
17.532330865303908	4.40859e-08
17.552694362811767	9.44685e-07
17.573057836411969	9.89246e-07
17.593421307358419	4.45503e-08
17.613784812519363	4.26275e-08
17.634148365895022	9.25478e-07
17.65451195338137	9.68925e-07
17.674875570982135	4.50587e-08
17.695239199312432	9.94187e-07
17.715602823160292	4.38891e-08
17.735966415826166	9.95444e-07
17.756329966833551	4.39471e-08
17.776693468844488	9.79882e-07
17.797056936834789	4.37404e-08
17.817420405019448	9.71133e-07
17.837783892424273	4.26615e-08
17.858147429748726	9.64713e-07
17.878511009679787	9.91202e-07
17.898874626701371	4.68883e-08
17.919238263361208	4.37659e-08
17.939601891934981	9.31574e-07
17.959965498946893	9.80683e-07
17.980329070417046	4.48922e-08
18.000692586686572	9.98324e-07
18.021056058558223	4.54764e-08
18.041419518504881	4.24945e-08
18.061783002703194	9.03447e-07
18.082146524728248	9.54884e-07
18.102510096680152	4.37163e-08
18.122873709516856	9.73309e-07
18.143237348939454	4.4062e-08
18.163600986634325	9.77475e-07
18.183964606603347	4.29615e-08
18.204328182843785	9.71749e-07
18.224691711820988	9.9843e-07
18.245055187587646	4.72412e-08
18.265418638606299	4.41707e-08
18.285782104381052	9.36378e-07
18.306145602653789	9.84296e-07
18.326509152774403	4.49688e-08
18.346872758864571	9.99467e-07
18.367236400991022	4.56487e-08
18.38760005104929	4.25447e-08
18.407963677795411	9.01611e-07
18.428327269705346	9.55411e-07
18.448690815872759	4.35735e-08
18.469054308111442	9.72472e-07
18.489417761853009	4.42107e-08
18.509781217426724	9.77963e-07
18.530144696567966	4.30379e-08
18.550508234382271	9.73464e-07
18.570871830881437	9.98722e-07
18.591235471593642	4.74007e-08
18.611599130648568	4.43159e-08
18.631962773106508	9.36528e-07
18.65232638325195	9.83961e-07
18.672689945657726	4.49308e-08
18.693053451693164	4.30508e-08
18.713416916117637	9.29643e-07
18.733780362846996	9.73112e-07
18.754143820792596	4.40576e-08
18.774507333772565	9.96668e-07
18.79487090765868	4.37017e-08
18.815234536183535	9.81788e-07
18.835598194881722	4.44236e-08
18.855961847689553	9.77786e-07
18.876325475301879	4.30444e-08
18.896689048415144	9.73102e-07
18.917052568656807	9.95234e-07
18.937416033383958	4.7339e-08
18.957779471345752	4.43133e-08
18.978142926667076	9.32742e-07
18.998506419082386	9.84508e-07
19.018869969709424	4.47731e-08
19.039233588982782	9.95491e-07
19.059597249947831	4.58612e-08
19.079960915854745	4.26308e-08
19.100324550297486	8.9885e-07
19.12068814081254	9.57856e-07
19.141051676253102	4.31666e-08
19.161415159825257	9.68492e-07
19.181778602308832	4.43674e-08
19.202142048347902	9.77381e-07
19.222505521441327	4.32533e-08
19.242869059343374	9.74452e-07
19.263232662128292	9.94138e-07
19.283596321755777	4.736e-08
19.303959998235012	4.43756e-08
19.324323650957361	9.30457e-07
19.344687262713553	9.83077e-07
19.365050816989946	4.45605e-08
19.385414310316893	9.93546e-07
19.405777756082614	4.57673e-08
19.426141190358308	4.24013e-08
19.446504657601846	8.92693e-07
19.466868173575662	9.53543e-07
19.487231753884561	4.27917e-08
19.507595396759108	9.64883e-07
19.527959073033518	4.42154e-08
19.548322737534924	9.71808e-07
19.568686368770202	4.33054e-08
19.589049935808166	9.71777e-07
19.609413441892517	9.90134e-07
19.629776895323829	4.72209e-08
19.650140324085889	4.42113e-08
19.670503774254556	9.26062e-07
19.690867266152907	9.8168e-07
19.711230821323472	4.42808e-08
19.73159444925788	9.85904e-07
19.751958129550523	4.55593e-08
19.772321811423804	4.21678e-08
19.792685453987765	8.87415e-07
19.813049044105917	9.51753e-07
19.833412570544095	4.23831e-08
19.853776041146514	9.5709e-07
19.874139476399382	4.39814e-08
19.894502917532012	9.66431e-07
19.914866389010324	9.94551e-07
19.935229917975168	4.61431e-08
19.955593524848609	4.29447e-08
19.975957187774572	9.43932e-07
19.996320874733271	9.97445e-07
20.016684550120743	4.47595e-08
20.037048167043981	4.33797e-08
20.057411710621192	9.27087e-07
20.077775192388618	9.50649e-07
20.098138628917507	4.52213e-08
20.118502059399074	9.95067e-07
20.138865508986495	4.4194e-08
20.159229023465087	9.90686e-07
20.179592607100602	4.22515e-08
20.199956255604565	9.59675e-07
20.220319945486132	4.36469e-08
20.240683620766543	9.57523e-07
20.261047257663286	9.86676e-07
20.281410832167804	4.57527e-08
20.301774331879244	4.24007e-08
20.322137783429373	9.36658e-07
20.342501213903304	9.87957e-07
20.362864648280748	4.44935e-08
20.383228138828642	4.31926e-08
20.403591704894403	9.19915e-07
20.423955336667486	9.4372e-07
20.444319020110335	4.49031e-08
20.464682706780074	9.90454e-07
20.4850463639211	4.42177e-08
20.505409951332151	9.89301e-07
20.525773468251913	4.19445e-08
20.546136926719758	9.58261e-07
20.566500353084983	4.33045e-08
20.58686379300913	9.51821e-07
20.60722726687111	9.82883e-07
20.627590801128761	4.56063e-08
20.64795441391718	4.21057e-08
20.668318080979176	9.33615e-07
20.688681773855972	9.82491e-07
20.709045453473365	4.43576e-08
20.729409068646017	9.96301e-07
20.749772611419541	4.31294e-08
20.770136084134176	9.68057e-07
20.790499510875151	4.43896e-08
20.810862941363315	9.82969e-07
20.831226395769434	9.90676e-07
20.851589903591321	4.72e-08
20.871953493155498	4.28257e-08
20.892317147946429	9.38387e-07
20.91268084099665	4.278e-08
20.933044522143433	9.3561e-07
20.953408158996417	9.71121e-07
20.973771726877139	4.50671e-08
20.994135216182315	9.91984e-07
21.014498647231765	4.56187e-08
21.034862066938341	4.26297e-08
21.055225523493107	8.89377e-07
21.075589028270947	9.59389e-07
21.09595260010617	4.27432e-08
21.11631624217042	9.55085e-07
21.13667993192826	4.40003e-08
21.157043622219458	9.77885e-07
21.177407283408883	9.90835e-07
21.197770879675883	4.7064e-08
21.218134389519353	4.26829e-08
21.238497836775693	9.38613e-07
21.258861251796009	4.22653e-08
21.279224689518124	9.25053e-07
21.299588170345064	9.66626e-07
21.319951714716868	4.4639e-08
21.340315336185814	9.79976e-07
21.360679016026531	4.5078e-08
21.381042711383849	4.183e-08
21.401406374446395	8.78216e-07
21.421769982472028	9.50418e-07
21.442133515127527	4.22238e-08
21.462496976693785	9.45147e-07
21.482860393048234	4.34028e-08
21.503223817820857	9.65746e-07
21.523587279345897	9.83113e-07
21.543950801098713	4.65662e-08
21.564314404308888	4.23164e-08
21.584678068102271	9.33278e-07
21.60504176411683	9.92191e-07
21.625405459474745	4.37972e-08
21.645769099746477	9.96914e-07
21.666132665713675	4.39813e-08
21.686496148420083	9.68544e-07
21.706859570535677	4.43558e-08
21.727222982663253	9.86788e-07
21.747586416941004	9.83752e-07
21.767949909192897	4.74261e-08
21.788313486009717	4.32838e-08
21.808677133241211	9.28292e-07
21.82904082416303	4.26607e-08
21.84940450995434	9.41938e-07
21.869768163850789	9.64506e-07
21.890131757987671	4.55542e-08
21.910495265390686	4.16613e-08
21.930858711015972	9.24527e-07
21.951222125836654	9.844e-07
21.971585546894623	4.34612e-08
21.991949032552363	9.95102e-07
22.012312594521671	4.34774e-08
22.032676231675797	9.62475e-07
22.053039921498861	4.41384e-08
22.073403617439212	9.82376e-07
22.093767290316517	9.7849e-07
22.11413090833793	4.69088e-08
22.134494442141261	4.26349e-08
22.154857900803545	9.2258e-07
22.175221313392186	9.99196e-07
22.195584715794094	4.32937e-08
22.215948170867208	9.87112e-07
22.236311697438328	4.47974e-08
22.256675313076805	9.86279e-07
22.277038993220245	4.51315e-08
22.297402693861933	9.99715e-07
22.317766383220821	9.95202e-07
22.338130025571573	4.78298e-08
22.358493582187311	4.43172e-08
22.378857061052425	9.31218e-07
22.399220481773654	4.3475e-08
22.419583895858359	9.59578e-07
22.439947335198902	9.60494e-07
22.460310834521337	4.58901e-08
22.480674424477382	4.17875e-08
22.501038087444623	9.18823e-07
22.521401788752353	9.94608e-07
22.541765492376552	4.30596e-08
22.562129139950628	9.90596e-07
22.582492716432704	4.42652e-08
22.602856210030499	9.78203e-07
22.623219640807665	4.48315e-08
22.643583051397837	9.93905e-07
22.663946473054299	9.84923e-07
22.684309943929183	4.72325e-08
22.704673505427493	4.34561e-08
22.725037149903759	9.20177e-07
22.745400850564987	4.28887e-08
22.765764552275609	9.441e-07
22.786128222006329	9.50543e-07
22.806491828034719	4.51125e-08
22.826855346473121	4.10024e-08
22.847218799590618	9.0891e-07
22.867582217501894	9.78995e-07
22.887945634097271	4.26183e-08
22.908309106293434	9.78263e-07
22.92867264901551	4.33778e-08
22.949036275302998	9.6025e-07
22.969399965008808	4.41475e-08
22.989763671657332	9.81068e-07
23.010127361297862	9.70564e-07
23.030490993522683	4.66268e-08
23.050854533067184	4.25912e-08
23.071217994148828	9.09434e-07
23.091581405819909	9.93548e-07
23.111944803823064	4.30626e-08
23.132308252160367	9.70564e-07
23.152671765690044	4.4537e-08
23.173035367031051	9.88278e-07
23.193399040358599	4.46568e-08
23.213762745133188	9.95737e-07
23.234126447919824	9.93142e-07
23.25449010954231	4.73534e-08
23.274853677613862	4.42613e-08
23.295217156919623	9.26635e-07
23.315580573516542	4.32639e-08
23.335943981323261	9.54999e-07
23.356307414132171	9.48057e-07
23.37667090907922	4.56454e-08
23.397034492955648	4.17542e-08
23.417398150314526	9.01452e-07
23.437761852332706	9.83541e-07
23.458125564408579	4.27297e-08
23.478489225051852	9.68329e-07
23.498852815992024	4.41554e-08
23.519216312847252	9.78488e-07
23.539579735056286	4.43558e-08
23.559943132218134	9.87128e-07
23.580306540359711	9.81767e-07
23.600670001421321	4.68224e-08
23.62103356212419	4.3604e-08
23.641397207797173	9.1542e-07
23.661760910283551	9.89903e-07
23.682124636277155	4.39502e-08
23.702488321250797	9.71594e-07
23.722851940926763	4.49221e-08
23.743215467303472	9.99073e-07
23.76357890781405	4.4329e-08
23.783942303927983	9.95257e-07
23.804305693568754	4.18915e-08
23.824669145037038	9.49433e-07
23.845032677024168	4.30043e-08
23.86539630690309	9.515e-07
23.885760004833365	9.89717e-07
23.906123740626054	4.59644e-08
23.926487447230215	4.22273e-08
23.946851076301261	9.30307e-07
23.967214620869765	9.84277e-07
23.987578078687442	4.44322e-08
24.007941474296214	4.3392e-08
24.028304869266204	9.1837e-07
24.048668298354464	9.34561e-07
24.069031799320179	4.42537e-08
24.089395403838481	9.8042e-07
24.109759093951048	4.4234e-08
24.130122817491152	9.88119e-07
24.150486536959775	9.98448e-07
24.170850209303936	4.68168e-08
24.191213782934252	4.42527e-08
24.211577260378977	9.29362e-07
24.231940667272966	9.85694e-07
24.252304030937584	4.49748e-08
24.27266742773709	9.81647e-07
24.29303088959303	4.50961e-08
24.313394460327938	4.19539e-08
24.333758126194521	8.8424e-07
24.354121850063009	9.59293e-07
24.374485586972728	4.25799e-08
24.394849266520666	9.46914e-07
24.415212866213007	4.35653e-08
24.435576364518589	9.66094e-07
24.455939782519607	9.90686e-07
24.476303145141401	4.70147e-08
24.496666523707098	4.28154e-08
24.517029980765866	9.28563e-07
24.537393530153125	9.95207e-07
24.557757183072273	4.42972e-08
24.578120913468052	4.39392e-08
24.598484651143629	9.31664e-07
24.618848355032487	9.42921e-07
24.639211984905074	4.50151e-08
24.659575505640507	9.93234e-07
24.679938933285644	4.40545e-08
24.700302313586253	9.94439e-07
24.720665679601389	4.25536e-08
24.741029108276663	9.47931e-07
24.761392622853592	4.36459e-08
24.781756249522203	9.57093e-07
24.802119966137091	9.84165e-07
24.822483739195025	4.68113e-08
24.842847480441502	4.24229e-08
24.863211130155808	9.21357e-07
24.883574677830214	9.95508e-07
24.903938118685954	4.41047e-08
24.924301489587016	4.40844e-08
24.944664857588347	9.33107e-07
24.965028257237616	9.38417e-07
24.985391733923858	4.5454e-08
25.005755331007084	9.98464e-07
25.026119032656361	4.43344e-08
25.046482791358319	4.32797e-08
25.066846529128842	8.96565e-07
25.087210206546306	9.17261e-07
25.107573787465157	4.39548e-08
25.127937252401914	9.5791e-07
25.148300628919007	9.94366e-07
25.168663956002622	4.71896e-08
25.189027313091845	4.27641e-08
25.209390767273558	9.31901e-07
25.229754330779979	4.21674e-08
25.250118010659651	9.16594e-07
25.270481772583135	9.83109e-07
25.290845570645399	4.45358e-08
25.311209307111348	9.69497e-07
25.331572949001824	4.591e-08
25.35193645723302	4.15431e-08
25.372299860795703	8.76529e-07
25.392663204515063	9.70428e-07
25.413026535971451	4.23534e-08
25.433389941821957	9.36968e-07
25.453753449337011	4.40254e-08
25.474117088525951	9.59645e-07
25.494480833022898	9.91923e-07
25.514844645433637	4.69954e-08
25.535208425378862	4.24332e-08
25.555572098340242	9.31986e-07
25.575935651126475	9.98966e-07
25.596299076349741	4.41031e-08
25.616662413782411	4.46499e-08
25.637025744395114	9.31177e-07
25.657389107638647	9.30959e-07
25.677752556723014	4.56405e-08
25.698116145452584	9.90064e-07
25.718479857862278	9.97868e-07
25.738843666344923	4.91393e-08
25.759207478527276	4.39746e-08
25.779571202936921	9.36159e-07
25.799934813981277	4.40312e-08
25.820298285132495	9.51888e-07
25.840661646552995	9.86003e-07
25.861024940033911	4.64366e-08
25.881388256413263	4.18728e-08
25.901751672720469	9.32864e-07
25.92211520757122	9.9103e-07
25.942478876291563	4.4257e-08
25.962842649415744	4.4466e-08
25.983206446696908	9.29062e-07
26.003570207336136	9.27224e-07
26.023933877493128	4.54667e-08
26.044297405037394	9.91812e-07
26.064660806841896	9.99906e-07
26.085024112324486	4.89571e-08
26.105387408624846	4.36342e-08
26.125750778628653	9.38433e-07
26.146114253525365	4.38207e-08
26.166477873326201	9.48301e-07
26.186841613372415	9.8817e-07
26.207205438158997	4.61857e-08
26.227569247303006	9.9933e-07
26.247932986897357	4.70569e-08
26.268296585461627	4.33047e-08
26.288660043674508	8.86155e-07
26.309023399778891	9.80811e-07
26.329386700808669	4.35854e-08
26.349750033870851	9.43614e-07
26.370113443801682	4.49761e-08
26.390476994578464	9.78649e-07
26.41084067647148	9.8394e-07
26.431204469883731	4.80755e-08
26.451568291574503	4.3157e-08
26.471932043805786	9.2664e-07
26.492295694091176	4.31052e-08
26.512659203631063	9.34449e-07
26.533022595620114	9.7573e-07
26.553385904383227	4.55976e-08
26.573749213967687	9.91323e-07
26.594112569758529	4.64611e-08
26.614476053178155	4.27422e-08
26.634839677702924	8.80722e-07
26.655203412734359	9.67749e-07
26.675567220104927	4.31629e-08
26.695931000218383	9.38136e-07
26.716294706606046	4.43661e-08
26.736658280016631	9.62282e-07
26.757021728910257	9.71978e-07
26.777385072563092	4.72632e-08
26.797748386361878	4.27737e-08
26.818111744614686	9.1563e-07
26.838475183490907	9.93733e-07
26.858838739847492	4.35635e-08
26.879202426747749	9.79662e-07
26.899566208214292	4.49071e-08
26.919930002722523	9.83336e-07
26.940293752598766	4.52751e-08
26.960657385135985	9.80741e-07
26.981020895167685	9.88015e-07
27.001384287142127	4.80778e-08
27.021747617257077	4.41769e-08
27.04211096220418	9.22286e-07
27.06247435828827	9.99383e-07
27.082837851078175	4.50669e-08
27.10320147657767	9.81974e-07
27.123565210290774	4.59539e-08
27.143928992399459	4.21187e-08
27.164292735452808	8.90082e-07
27.184656402444293	9.68089e-07
27.205019961888436	4.29085e-08
27.225383406562791	9.62247e-07
27.245746770410019	4.3899e-08
27.266110123283976	9.68102e-07
27.286473498208132	4.43451e-08
27.306836968559203	9.67881e-07
27.327200544708514	9.78834e-07
27.347564231651692	4.7238e-08
27.367927990529147	4.35341e-08
27.38829174498094	9.15599e-07
27.408655447189744	9.80775e-07
27.429019058382128	4.43461e-08
27.449382552002394	9.68887e-07
27.469745952134183	4.49986e-08
27.490109314386856	9.84731e-07
27.510472677147	9.93794e-07
27.530836085484637	4.7614e-08
27.551199603956618	4.38881e-08
27.571563236453809	9.30596e-07
27.591926953986086	4.25403e-08
27.612290699546254	9.30878e-07
27.632654421144462	9.6534e-07
27.653018073273753	4.50435e-08
27.67338161540232	9.8689e-07
27.693745060200381	4.56742e-08
27.714108447554931	4.22415e-08
27.734471840596786	8.86959e-07
27.754835264038594	9.49546e-07
27.775198755595191	4.29983e-08
27.795562348963127	9.46853e-07
27.815926028744183	4.37439e-08
27.83628975410431	9.61542e-07
27.856653481061898	9.77922e-07
27.877017158745478	4.64987e-08
27.897380737335737	4.30706e-08
27.917744219770221	9.17036e-07
27.938107633615708	9.88601e-07
27.958471013704628	4.34685e-08
27.978834420132504	9.73122e-07
27.999197878429207	4.39346e-08
28.019561430360074	9.60052e-07
28.039925068820654	4.40881e-08
28.060288767770952	9.67731e-07
28.080652492707582	9.79959e-07
28.101016190553946	4.6758e-08
28.121379803878	4.32364e-08
28.141743323350173	9.15117e-07
28.162106769211185	9.86515e-07
28.182470167988441	4.37602e-08
28.202833580034152	9.69229e-07
28.22319702465478	4.44913e-08
28.243560548692106	9.71528e-07
28.263924152526943	4.42058e-08
28.284287823138722	9.76625e-07
28.304651531360612	9.94381e-07
28.325015236491904	4.69616e-08
28.345378872169842	4.39521e-08
28.365742419934922	9.24169e-07
28.386105892711281	9.86556e-07
28.406469310055357	4.43803e-08
28.426832725349826	9.80484e-07
28.447196163690268	4.50402e-08
28.467559667076646	9.84807e-07
28.487923241463257	4.4061e-08
28.508286884228458	9.8069e-07
28.52865057136481	4.22063e-08
28.549014255414662	9.41364e-07
28.569377901311537	4.26469e-08
28.589741472758817	9.37712e-07
28.610104973442933	9.71604e-07
28.630468414975208	4.53476e-08
28.650831841443363	9.99633e-07
28.671195283069771	4.55535e-08
28.691558775316711	4.24551e-08
28.711922336875094	8.89586e-07
28.732285958221283	9.50799e-07
28.752649626491959	4.27344e-08
28.773013301906989	9.51604e-07
28.793376956075367	4.33815e-08
28.813740544348455	9.58497e-07
28.834104066309635	9.7321e-07
28.854467528001887	4.62498e-08
28.874830965600147	4.24442e-08
28.89519442357825	9.15267e-07
28.915557917384977	9.7423e-07
28.935921461593946	4.35758e-08
28.956285066803535	9.77267e-07
28.976648718541544	4.38156e-08
28.997012383669599	9.67397e-07
29.017376038550044	4.3766e-08
29.037739639119238	9.63414e-07
29.058103178594443	9.75254e-07
29.078466658507747	4.67647e-08
29.098830107921408	4.29452e-08
29.119193567962011	9.12905e-07
29.139557059330077	9.80179e-07
29.159920594161147	4.3651e-08
29.180284185977783	9.72598e-07
29.20064782351831	4.45165e-08
29.221011478393862	9.80901e-07
29.24137512884765	4.4248e-08
29.261738737321714	9.78818e-07
29.282102290075006	9.90676e-07
29.302465785014309	4.75032e-08
29.322829245157468	4.39198e-08
29.343192708440025	9.25662e-07
29.363556195247764	9.94915e-07
29.383919724283253	4.43914e-08
29.404283307946592	9.84989e-07
29.424646937097258	4.53476e-08
29.445010586913412	4.15607e-08
29.465374224328926	8.90515e-07
29.485737833779044	9.53447e-07
29.506101395538654	4.22593e-08
29.526464905293693	9.6128e-07
29.546828377876057	4.32835e-08
29.567191847266141	9.56179e-07
29.587555333550434	4.33452e-08
29.607918867257876	9.62689e-07
29.628282447367621	9.74753e-07
29.648646072700814	4.65416e-08
29.66900972085234	4.28913e-08
29.689373359816113	9.06546e-07
29.709736973667368	9.77085e-07
29.73010054461821	4.30866e-08
29.750464063320806	9.65014e-07
29.770827542514006	4.41393e-08
29.791191012942136	9.74786e-07
29.811554494649901	4.38755e-08
29.831918019413379	9.72753e-07
29.852281590609927	9.85207e-07
29.87264520875712	4.70465e-08
29.89300885430772	4.34628e-08
29.913372495213348	9.16653e-07
29.933736114591522	9.88536e-07
29.954099693238337	4.40241e-08
29.974463220840743	9.76211e-07
29.994826707695101	4.49411e-08
30.015190181571576	9.97106e-07
30.035553661185784	4.42918e-08
30.055917179699463	9.91009e-07
30.076280743646912	4.19176e-08
30.096644354761622	9.53953e-07
30.117007997950033	4.2712e-08
30.137371641594168	9.45716e-07
30.157735267420321	9.93293e-07
30.178098855891079	4.53982e-08
30.198462392699231	4.24901e-08
30.218825890426725	9.42965e-07
30.239189364361248	9.7988e-07
30.25955283640474	4.44956e-08
30.279916343344524	4.27638e-08
30.300279901474731	9.19027e-07
30.320643505871359	9.39762e-07
30.341007144795867	4.39e-08
30.361370787860917	9.76013e-07
30.38173441640977	4.43439e-08
30.402098002055496	9.81694e-07
30.422461542382091	9.9486e-07
30.442825038809239	4.74183e-08
30.463188507629678	4.37176e-08
30.483551982196627	9.25543e-07
30.503915479960785	9.95353e-07
30.524279019671781	4.43488e-08
30.544642614129003	9.77682e-07
30.565006251276188	4.49587e-08
30.585369897179056	9.97909e-07
30.605733532385997	4.44755e-08
30.626097126908075	9.93795e-07
30.646460676326459	4.20078e-08
30.666824183007936	9.52079e-07
30.68718765791288	4.26994e-08
30.70755112813757	9.47855e-07
30.727914612778346	9.97105e-07
30.74827813405777	4.57176e-08
30.768641712684627	4.27739e-08
30.789005337506143	9.55435e-07
30.809368982382612	9.85445e-07
30.829732621913394	4.48252e-08
30.85009622315296	4.31253e-08
30.870459774979732	9.17596e-07
30.89082328426715	9.41874e-07
30.911186762143487	4.41515e-08
30.931550227926319	9.8164e-07
30.951913700647534	4.46882e-08
30.972277216292159	9.91274e-07
30.99264078078324	9.99851e-07
31.013004398024645	4.79449e-08
31.033368049325158	4.39584e-08
31.053731686881758	9.32305e-07
31.074095294915224	4.29738e-08
31.094458854078141	9.39909e-07
31.114822368233284	9.46288e-07
31.135185846461376	4.53772e-08
31.155549313645068	4.12096e-08
31.175912791862725	8.92542e-07
31.196276296315418	9.75377e-07
31.216639844086959	4.27152e-08
31.237003445110048	9.70778e-07
31.257367086949198	4.36928e-08
31.277730729327711	9.71288e-07
31.298094345589757	4.42257e-08
31.31845791233382	9.75487e-07
31.338821430963677	9.75942e-07
31.359184908245393	4.73581e-08
31.379548373595291	4.29205e-08
31.399911846107827	9.09809e-07
31.42027533663024	9.95643e-07
31.440638864969024	4.36824e-08
31.461002448072534	9.71313e-07
31.481366076926601	4.48318e-08
31.501729727028618	9.89378e-07
31.522093357567218	4.4721e-08
31.54245693915508	9.94775e-07
31.562820469756151	9.98401e-07
31.583183953157157	4.83536e-08
31.603547416865229	4.42847e-08
31.623910892771228	9.30341e-07
31.644274376916581	4.32759e-08
31.664637901141017	9.48168e-07
31.685001468901451	9.47557e-07
31.705365082454122	4.62752e-08
31.725728724496872	4.16356e-08
31.746092355299915	8.97276e-07
31.766455945489476	9.84806e-07
31.78681948414529	4.28553e-08
31.807182976042906	9.6907e-07
31.827546438685353	4.4543e-08
31.847909908332529	9.82393e-07
31.868273388992424	4.46365e-08
31.888636902195078	9.8752e-07
31.909000453982117	9.80161e-07
31.929364050449163	4.81695e-08
31.949727681493954	4.36382e-08
31.970091319836328	9.10207e-07
31.99045492777417	4.25738e-08
32.010818480590061	9.36609e-07
32.031181983267793	9.32831e-07
32.051545447767268	4.56333e-08
32.071908910466945	9.98915e-07
32.092272393226914	4.5082e-08
32.112635899908689	4.25226e-08
32.132999446517466	8.89776e-07
32.153363029990324	9.42629e-07
32.173726647004273	4.35027e-08
32.194090277245749	9.4376e-07
32.214453898162198	4.39886e-08
32.234817463349977	9.76324e-07
32.255180974268661	9.59268e-07
32.275544439263712	4.76465e-08
32.29590789308488	4.28668e-08
32.316271372615553	8.98603e-07
32.336634879166908	4.21838e-08
32.356998418754273	9.2959e-07
32.377361991437226	9.30211e-07
32.397725596571597	4.51237e-08
32.418089219122585	9.84796e-07
32.438452845142351	4.47393e-08
32.458816429063369	9.92128e-07
32.479179956321005	9.89589e-07
32.499543430979493	4.88265e-08
32.519906884382515	4.47106e-08
32.54027035472555	9.15712e-07
32.560633859650864	4.27782e-08
32.580997396171533	9.47348e-07
32.601360961253675	9.28852e-07
32.621724556019672	4.63171e-08
32.642088169671162	4.12518e-08
32.662451781608709	8.80284e-07
32.682815376931032	9.74048e-07
32.703178917021681	4.16573e-08
32.723542407112411	9.59767e-07
32.743905864163892	4.48212e-08
32.764269327846783	9.73322e-07
32.784632818593217	4.43248e-08
32.804996355353701	9.79766e-07
32.825359916838835	9.68958e-07
32.84572350506587	4.81571e-08
32.866087112154659	4.39799e-08
32.886450719673952	8.96395e-07
32.906814317370291	4.20954e-08
32.927177873310406	9.37725e-07
32.947541376043965	9.20121e-07
32.967904837004795	4.57798e-08
32.988268294506561	9.98892e-07
33.008631770540099	4.52978e-08
33.028995298909599	4.22112e-08
33.049358863031472	8.8791e-07
33.069722448457128	9.3911e-07
33.090086050100041	4.38471e-08
33.110449652861313	9.38829e-07
33.130813246995004	4.36993e-08
33.151176816866048	9.69891e-07
33.1715403311781	9.49976e-07
33.191903797107386	4.74648e-08
33.212267249861625	4.31837e-08
33.232630726931269	8.866e-07
33.252994243121272	9.91871e-07
33.273357805020318	4.21286e-08
33.293721390941002	9.49978e-07
33.314084991809864	4.53646e-08
33.334448593570443	9.87594e-07
33.354812186461636	4.48351e-08
33.375175756630952	9.85093e-07
33.395539289482258	9.84582e-07
33.415902768628726	4.83233e-08
33.436266224090033	4.4857e-08
33.456629693813483	9.1373e-07
33.476993195667212	4.29919e-08
33.497356752782458	9.54174e-07
33.51772034047346	9.29085e-07
33.538083942457092	4.62001e-08
33.558447544074106	4.18543e-08
33.578811130218412	8.83021e-07
33.599174696168021	9.77788e-07
33.619538239230614	4.17011e-08
33.639901733357902	9.67252e-07
33.660265192902465	4.50196e-08
33.680628657404057	9.78553e-07
33.700992146093988	4.47988e-08
33.72135568862511	9.81876e-07
33.74171927992208	9.76327e-07
33.7620828869075	4.79333e-08
33.782446493696057	4.41397e-08
33.802810083714384	9.04231e-07
33.823173651242627	9.95643e-07
33.843537193214573	4.313e-08
33.863900701786868	9.63391e-07
33.88426416850367	4.56978e-08
33.904627630249685	4.13494e-08
33.924991121397497	8.82268e-07
33.945354652701489	9.65053e-07
33.965718235514359	4.15481e-08
33.986081843508423	9.70801e-07
34.006445452401067	4.39944e-08
34.026809043929454	9.59795e-07
34.047172611331931	4.43821e-08
34.067536149540302	9.76692e-07
34.087899665707049	9.70112e-07
34.10826313855793	4.73619e-08
34.128626597975774	4.34448e-08
34.148990079543786	9.09507e-07
34.169353596538116	9.92603e-07
34.189717163630704	4.30105e-08
34.210080778737996	9.74371e-07
34.230444397737827	4.52704e-08
34.250807999429156	9.91835e-07
34.271171574687841	4.52006e-08
34.29153511645152	9.95289e-07
34.31189863138227	4.17717e-08
34.332262125094203	9.62063e-07
34.352625592125648	4.29358e-08
34.372989070406817	9.40955e-07
34.393352575710423	9.95066e-07
34.413716126078214	4.51283e-08
34.434079729690765	4.27194e-08
34.454443350227919	9.49525e-07
34.474806957928791	9.85774e-07
34.495170539215401	4.56758e-08
34.515534083500555	4.38636e-08
34.535897598551124	9.21118e-07
34.556261096180513	9.60012e-07
34.576624566461938	4.48412e-08
34.596988041795022	9.82913e-07
34.617351539110338	4.54304e-08
34.637715085658932	4.21068e-08
34.658078681241221	8.83465e-07
34.678442308605106	9.41693e-07
34.69880592771046	4.27444e-08
34.719169514695707	9.45164e-07
34.739533064183682	4.40634e-08
34.759896577899568	9.69414e-07
34.780260068573625	9.80297e-07
34.800623542514778	4.66558e-08
34.820987014581092	4.28894e-08
34.841350515775083	9.19998e-07
34.861714054611078	9.90034e-07
34.882077640448017	4.36235e-08
34.902441267104379	9.88632e-07
34.922804902211027	4.43783e-08
34.94316850432503	9.77949e-07
34.963532065900964	4.50391e-08
34.983895584634411	9.9008e-07
35.004259072060215	9.99988e-07
35.02462254540486	4.74532e-08
35.044986017078479	4.39031e-08
35.065349511987897	9.37819e-07
35.085713040643611	9.99887e-07
35.106076614982129	4.50959e-08
35.126440233414669	4.31383e-08
35.146803869453208	9.47238e-07
35.167167481325087	9.82031e-07
35.187531052949829	4.5956e-08
35.207894576650915	4.34046e-08
35.228258068502647	9.17357e-07
35.248621546065884	9.74856e-07
35.268985021138135	4.4288e-08
35.289348513815987	9.97586e-07
35.309712036308703	4.56077e-08
35.330075607047611	4.20897e-08
35.350439217894547	8.98314e-07
35.370802853456993	9.51063e-07
35.391166479728177	4.29442e-08
35.411530060186379	9.61929e-07
35.431893592280744	4.38226e-08
35.452257084131752	9.65064e-07
35.47262055304229	9.99907e-07
35.492984021819126	4.61281e-08
35.513347508534899	4.35051e-08
35.53371103257733	9.37139e-07
35.55407459683267	9.87327e-07
35.574438204215589	4.47717e-08
35.594801839739958	4.27049e-08
35.615165472341694	9.20336e-07
35.635529066311634	9.53288e-07
35.655892609933865	4.50919e-08
35.676256105997041	9.85442e-07
35.696619570751963	4.38526e-08
35.716983040221614	9.86335e-07
35.737346526475989	4.32519e-08
35.757710046027732	9.70715e-07
35.778073604352002	4.35375e-08
35.798437206570007	9.58474e-07
35.81880084046086	9.99611e-07
35.839164489832989	4.57415e-08
35.859528107419642	4.36874e-08
35.879891665365115	9.38222e-07
35.900255169455832	9.86529e-07
35.920618630882949	4.52279e-08
35.940982086134355	4.26935e-08
35.961345571781791	9.22795e-07
35.981709084330461	9.68259e-07
36.002072634526399	4.50946e-08
36.022436231349886	9.96612e-07
36.042799863448479	4.42512e-08
36.063163504300277	9.91989e-07
36.083527134911925	4.35979e-08
36.103890707192313	9.79741e-07
36.124254221581594	4.35486e-08
36.144617692144003	9.64551e-07
36.164981140560805	4.26542e-08
36.185344609215498	9.592e-07
36.20570811116314	9.86745e-07
36.226071649617353	4.63628e-08
36.246435239003283	4.36308e-08
36.266798865258181	9.34147e-07
36.287162509928223	9.81882e-07
36.307526152197248	4.44441e-08
36.327889747986866	9.99509e-07
36.348253282069756	4.48803e-08
36.368616761375705	9.91289e-07
36.388980206306293	4.4265e-08
36.409343660700138	9.86414e-07
36.429707147066502	4.34937e-08
36.450070684030443	9.76984e-07
36.470434266754282	4.32437e-08
36.490797891344471	9.6109e-07
36.511161540865992	4.25906e-08
36.531525181842007	9.51666e-07
36.551888798397322	9.86253e-07
36.572252354131649	4.62357e-08
36.592615845278075	4.37121e-08
36.612979300691073	9.3652e-07
36.633342745953762	9.83266e-07
36.653706211548062	4.46e-08
36.674069735386873	4.31572e-08
36.694433311896418	9.20679e-07
36.714796931708364	9.58907e-07
36.735160582717171	4.45378e-08
36.75552423112093	9.89104e-07
36.775887858460599	4.40601e-08
36.796251427490006	9.89295e-07
36.8166149305654	4.35595e-08
36.836978386245477	9.73382e-07
36.85734181950388	4.29287e-08
36.877705279267722	9.56191e-07
36.89806878547396	9.93299e-07
36.918432345507107	4.62724e-08
36.938795959685564	4.38293e-08
36.959159605498314	9.41765e-07
36.979523261145246	9.87011e-07
36.999886902290946	4.47088e-08
37.020250493667774	4.31962e-08
37.040614015258235	9.22735e-07
37.060977479800421	9.61274e-07
37.081340908739513	4.46626e-08
37.101704353691936	9.87735e-07
37.122067838536019	4.42561e-08
37.142431394698129	9.93064e-07
37.162795003753445	4.37547e-08
37.183158652050295	9.77303e-07
37.203522317659854	4.30309e-08
37.223885960705992	9.58292e-07
37.244249565245298	9.98818e-07
37.264613110358312	4.61917e-08
37.284976584134675	4.40682e-08
37.305340021557363	9.45825e-07
37.325703451437533	9.86041e-07
37.346066908207156	4.48461e-08
37.366430436986001	4.32568e-08
37.386794034518587	9.2078e-07
37.407157677576095	9.63895e-07
37.427521347724095	4.47121e-08
37.447885003217067	9.87245e-07
37.468248624069652	4.44211e-08
37.488612182599766	9.97072e-07
37.508975672224445	4.38638e-08
37.529339112058913	9.82264e-07
37.549702530583744	4.30028e-08
37.570065982862587	9.57134e-07
37.590429489502668	4.31381e-08
37.610793075522921	9.6437e-07
37.631156715777415	9.81767e-07
37.651520393957995	4.65375e-08
37.671884067595357	4.27056e-08
37.692247698360276	9.22408e-07
37.712611275591613	9.81769e-07
37.732974788574467	4.4396e-08
37.75333823780614	9.93838e-07
37.773701650449041	4.47587e-08
37.79406508332508	9.88315e-07
37.814428561735717	4.42522e-08
37.834792121806323	9.8957e-07
37.855155752642602	4.35278e-08
37.8755194222977	9.76501e-07
37.895883104310194	4.25911e-08
37.916246752470073	9.4683e-07
37.936610350320557	9.97287e-07
37.956973883091102	4.55635e-08
37.977337346994616	4.41099e-08
37.99770077295517	9.48738e-07
38.018064192920335	9.80544e-07
38.038427644010547	4.50511e-08
38.058791174351285	4.31969e-08
38.079154787874671	9.15814e-07
38.099518453396939	9.68398e-07
38.119882143939066	4.46199e-08
38.140245809304602	9.84331e-07
38.160609428410574	4.44622e-08
38.180972973914336	9.95968e-07
38.201336454673687	4.36992e-08
38.221699883051336	9.82142e-07
38.242063289404307	4.25496e-08
38.262426733590786	9.45681e-07
38.282790237013465	4.29493e-08
38.303153826396304	9.56906e-07
38.323517486824095	9.71733e-07
38.343881186093626	4.63265e-08
38.36424487333597	4.2173e-08
38.38460850633993	9.13615e-07
38.404972074930832	9.76797e-07
38.425335572599344	4.38102e-08
38.445699012472097	9.86171e-07
38.466062413919701	4.43649e-08
38.486425838036261	9.75296e-07
38.506789311466626	4.4115e-08
38.527152872607985	9.84712e-07
38.547516515274758	9.90721e-07
38.567880216151998	4.78839e-08
38.58824391882041	4.38727e-08
38.608607574849806	9.26679e-07
38.628971168172299	9.96403e-07
38.649334685653564	4.45477e-08
38.669698137187552	9.94204e-07
38.690061538461677	4.5903e-08
38.710424945088178	4.18969e-08
38.73078840926852	9.03271e-07
38.751151944648186	9.67748e-07
38.77151556338918	4.33622e-08
38.791879248503875	9.81119e-07
38.812242955058323	4.39762e-08
38.832606627933359	9.67514e-07
38.852970244933687	4.39704e-08
38.873333779498601	9.83036e-07
38.893697243112555	9.86112e-07
38.914060650638397	4.77859e-08
38.934424045550308	4.35695e-08
38.954787485416233	9.22913e-07
38.975150990315939	9.93927e-07
38.995514580159778	4.41396e-08
39.015878251342912	9.93836e-07
39.036241968124166	4.56138e-08
39.05660566493308	4.15301e-08
39.076969297762268	8.98853e-07
39.09733285748483	9.61336e-07
39.117696339893982	4.29952e-08
39.138059769897254	9.77863e-07
39.158423168275519	4.34622e-08
39.178786593294895	9.55629e-07
39.199150071306121	4.36261e-08
39.219513639615137	9.7523e-07
39.239877290134309	9.76912e-07
39.260241007262657	4.74143e-08
39.280604720499305	4.30343e-08
39.300968377535071	9.15512e-07
39.321331962909277	9.88609e-07
39.34169546503513	4.35813e-08
39.362058899498166	9.8722e-07
39.382422295032171	4.51742e-08
39.402785699674283	9.89169e-07
39.423149144502062	4.45224e-08
39.443512677864739	9.90531e-07
39.463876298338178	9.95703e-07
39.484239998019646	4.83279e-08
39.504603722191803	4.46343e-08
39.524967403267901	9.28054e-07
39.545331019390375	4.31046e-08
39.565694546320877	9.53014e-07
39.586057998308355	9.55675e-07
39.606421398078297	4.64888e-08
39.62678479495117	4.21004e-08
39.647148240119847	9.0448e-07
39.667511752455489	9.79697e-07
39.687875350300459	4.31242e-08
39.708239026923472	9.84862e-07
39.728602753043887	4.48418e-08
39.748966452469645	9.81886e-07
39.769330096373778	4.44862e-08
39.789693648428269	9.87346e-07
39.810057116799662	9.86519e-07
39.830420518232081	4.80622e-08
39.850783907296531	4.41069e-08
39.87114732915753	9.16269e-07
39.89151080872518	9.9418e-07
39.911874371598927	4.4113e-08
39.932238024797002	9.77225e-07
39.952601742349358	4.59153e-08
39.972965460072196	4.15632e-08
39.993329115595046	8.87699e-07
40.013692694523591	9.6177e-07
