0.012	0.999983
0.0264	0.386667
0.04368	0.253147
0.0642855	0.191956
0.0881494	0.153018
0.115209	0.126423
0.145412	0.109007
0.176419	0.095202
0.206965	0.0781049
0.237206	0.0640251
0.267275	0.0558684
0.297172	0.0483762
0.326767	0.0419947
0.356065	0.0381242
0.385065	0.0336599
0.413802	0.0302561
0.442322	0.0275578
0.470609	0.0251537
0.498713	0.0231128
0.526637	0.0214992
0.554397	0.0199413
0.582024	0.0185062
0.609503	0.0173355
0.636859	0.0160704
0.664022	0.0150638
0.691016	0.0141136
0.71784	0.0131931
0.74451	0.0123559
0.771029	0.011623
0.797406	0.0109571
0.823649	0.0102934
0.849761	0.00974257
0.875753	0.00923545
0.901624	0.0087223
0.927388	0.00827379
0.95304	0.00786373
0.978595	0.00746495
1.00405	0.00710359
1.02941	0.00676933
1.05468	0.00646219
1.07985	0.00615521
1.10493	0.00588057
1.12991	0.00562424
1.1548	0.00537305
1.17961	0.00514865
1.20432	0.00492952
1.22896	0.00472266
1.25352	0.00452846
1.27799	0.0043476
1.3024	0.00417381
1.32673	0.00401654
1.35098	0.00386875
1.37517	0.00372508
1.3993	0.00359129
1.42335	0.00346839
1.44735	0.00334802
1.47128	0.00323523
1.49515	0.00312459
1.51897	0.00302258
1.54273	0.00292699
1.56643	0.00283028
1.59007	0.00274208
1.61366	0.00265575
1.63718	0.00257672
1.66065	0.00250092
1.68407	0.00242252
1.70743	0.0023541
1.73074	0.00228593
1.754	0.00222077
1.7772	0.00215733
1.80036	0.00209644
1.82347	0.00203901
1.84653	0.00198367
1.86954	0.0019299
1.89251	0.00187827
1.91543	0.00182834
1.93832	0.00178185
1.96115	0.00173658
1.98395	0.00169173
2.006708	0.00165015
2.029425	0.00160878
2.052103	0.00156999
2.074742	0.00153146
2.097341	0.00149425
2.119901	0.00145902
2.142422	0.00142399
2.164905	0.00139085
2.187351	0.00135799
2.209761	0.00132604
2.232135	0.00129596
2.254474	0.00126642
2.276778	0.00123705
2.299048	0.00120888
2.321285	0.001182
2.34349	0.00115564
2.365662	0.00112975
2.387802	0.00110498
2.409911	0.00108141
2.431987	0.00105866
2.454033	0.00103561
2.476048	0.00101421
2.498033	0.000993208
2.519988	0.000972851
2.541915	0.000953311
2.563812	0.000934004
2.585681	0.00091573
2.607523	0.000898117
2.629337	0.000880487
2.651124	0.000864096
2.672885	0.000847837
2.69462	0.000832113
2.716329	0.000817519
2.738012	0.000802085
2.759671	0.000788183
2.781305	0.000773982
2.802915	0.000760717
2.824501	0.000748117
2.846063	0.000734948
2.867602	0.000722684
2.889118	0.000710605
2.910612	0.000698825
2.932084	0.000687885
2.953533	0.000676134
2.974961	0.000665411
2.996368	0.000654692
3.017753	0.000644245
3.039118	0.000634603
3.060463	0.000624114
3.081787	0.000614599
3.103092	0.000605029
3.124376	0.000595735
3.145642	0.000587222
3.166888	0.000577716
3.188116	0.00056934
3.209325	0.000560448
3.230516	0.000552164
3.251689	0.000544015
3.272844	0.000535701
3.293982	0.000528035
3.315102	0.000519707
3.336206	0.000512026
3.357293	0.000504356
3.378364	0.000496785
3.399419	0.000489775
3.420458	0.000482011
3.441481	0.000474981
3.46249	0.000467722
3.483483	0.000460707
3.504463	0.000453869
3.525427	0.000446894
3.546378	0.000440492
3.567315	0.000433406
3.588238	0.000426932
3.609148	0.000420385
3.630044	0.000413965
3.650927	0.000407801
3.671797	0.000401442
3.692654	0.000395749
3.713499	0.000389324
3.734332	0.000383651
3.755152	0.000377511
3.77596	0.000371689
3.796755	0.000365924
3.817539	0.000360059
3.838311	0.000354398
3.859071	0.0003484
3.879818	0.000342786
3.900554	0.000336384
3.921278	0.000330339
3.94199	0.000323739
3.96269	0.000317202
3.983378	0.000310343
4.0040539	0.00030334
4.0247181	0.000296039
4.0453707	0.000288476
4.0660121	0.000280812
4.0866425	0.00027268
4.1072621	0.000264779
4.1278713	0.000256137
4.1484705	0.000247914
4.1690599	0.000239157
4.1896399	0.0002307
4.2102109	0.000222113
4.2307729	0.000213676
4.2513263	0.000205364
4.2718713	0.000197144
4.2924084	0.000189141
4.3129377	0.000181277
4.3334596	0.000173704
4.3539744	0.000166253
4.3744824	0.000159116
4.3949838	0.000152184
4.4154788	0.000145625
4.4359678	0.000139068
4.456451	0.000133089
4.4769286	0.000127114
4.4974008	0.000121678
4.5178679	0.000116283
4.5383301	0.000111427
4.5587876	0.000106658
4.5792406	0.000102371
4.5996894	9.82527e-05
4.6201341	9.45069e-05
4.640575	9.12205e-05
4.6610122	8.80865e-05
4.6814459	8.51118e-05
4.7018763	8.23882e-05
4.7223035	7.98244e-05
4.7427278	7.7493e-05
4.7631493	7.53722e-05
4.783568	7.33734e-05
4.8039842	7.13781e-05
4.8243979	6.96426e-05
4.8448093	6.79519e-05
4.8652185	6.63894e-05
4.8856256	6.48679e-05
4.9060306	6.3451e-05
4.9264337	6.20819e-05
4.946835	6.077e-05
4.9672345	5.94668e-05
4.9876323	5.82022e-05
5.0080286	5.69441e-05
5.0284233	5.57344e-05
5.0488167	5.44849e-05
5.0692087	5.32654e-05
5.0895993	5.20419e-05
5.1099888	5.08684e-05
5.1303771	4.96893e-05
5.1507643	4.84975e-05
5.1711504	4.73365e-05
5.1915355	4.61851e-05
5.2119197	4.50723e-05
5.2323029	4.39526e-05
5.2526853	4.28313e-05
5.2730668	4.17231e-05
5.2934476	4.06426e-05
5.3138275	3.95675e-05
5.3342068	3.85017e-05
5.3545854	3.74439e-05
5.3749633	3.63972e-05
5.3953406	3.53708e-05
5.4157173	3.43713e-05
5.4360934	3.3344e-05
5.456469	3.23757e-05
5.4768441	3.13823e-05
5.4972187	3.0433e-05
5.5175928	2.94704e-05
5.5379665	2.85486e-05
5.5583397	2.76413e-05
5.5787126	2.67519e-05
5.599085	2.58779e-05
5.6194571	2.50232e-05
5.6398288	2.41893e-05
5.6602002	2.33769e-05
5.6805713	2.25854e-05
5.700942	2.18146e-05
5.7213125	2.10656e-05
5.7416826	2.03359e-05
5.7620525	1.96287e-05
5.7824221	1.89542e-05
5.8027915	1.82845e-05
5.8231607	1.76123e-05
5.8435296	1.69784e-05
5.8638983	1.63574e-05
5.8842667	1.57619e-05
5.904635	1.51797e-05
5.9250031	1.46207e-05
5.945371	1.40796e-05
5.9657387	1.35577e-05
5.9861063	1.30468e-05
6.00647367	1.25565e-05
6.02684089	1.20829e-05
6.04720797	1.16303e-05
6.0675749	1.1194e-05
6.08794169	1.07604e-05
6.10830834	1.03508e-05
6.12867487	9.95876e-06
6.14904127	9.57691e-06
6.16940756	9.20561e-06
6.18977373	8.85885e-06
6.21013979	8.51908e-06
6.23050575	8.18132e-06
6.25087161	7.85935e-06
6.27123737	7.55064e-06
6.29160303	7.2643e-06
6.31196861	6.97036e-06
6.33233411	6.69876e-06
6.35269952	6.43638e-06
6.37306485	6.18339e-06
6.3934301	5.93675e-06
6.41379529	5.70559e-06
6.4341604	5.47578e-06
6.45452545	5.26067e-06
6.47489043	5.04887e-06
6.49525535	4.85416e-06
6.51562022	4.6503e-06
6.53598502	4.47307e-06
6.55634978	4.28397e-06
6.57671448	4.12698e-06
6.59707913	3.65757e-06
6.61744374	3.51441e-06
6.63780831	3.39086e-06
6.65817283	3.27926e-06
6.67853732	3.16459e-06
6.69890177	3.06055e-06
6.71926618	2.95877e-06
6.73963056	2.8553e-06
6.75999491	2.75233e-06
6.78035922	2.65088e-06
6.8007235	2.55132e-06
6.82108775	2.45157e-06
6.84145197	2.35407e-06
6.86181617	2.26006e-06
6.88218034	2.16509e-06
6.90254448	2.07818e-06
6.9229086	1.99647e-06
6.94327269	1.9169e-06
6.96363677	1.83938e-06
6.98400082	1.76453e-06
7.00436485	1.69591e-06
7.02472885	1.63317e-06
7.04509285	1.57524e-06
7.06545682	1.51694e-06
7.08582077	1.45709e-06
7.10618471	1.40002e-06
7.12654863	1.34881e-06
7.14691254	1.30317e-06
7.16727643	1.25574e-06
7.18764031	1.20693e-06
7.20800417	1.15861e-06
7.22836802	1.11749e-06
7.24873186	1.07725e-06
7.26909569	1.04142e-06
7.2894595	1.00245e-06
7.30982331	9.64527e-07
7.33018711	9.63085e-07
7.35055089	9.47704e-07
7.37091466	9.40059e-07
7.39127843	9.41087e-07
7.41164219	9.41797e-07
7.43200593	9.43449e-07
7.45236967	9.57839e-07
7.4727334	9.7895e-07
7.49309713	1.01303e-06
7.51346084	9.9828e-07
7.53382455	1.02566e-06
7.55418826	1.00822e-06
7.57455196	9.89652e-07
7.59491565	1.02907e-06
7.61527934	1.01971e-06
7.63564302	1.00169e-06
7.6560067	9.85531e-07
7.67637037	1.04871e-06
7.69673403	1.06788e-06
7.71709769	1.07644e-06
7.73746135	1.07938e-06
7.757825	1.0842e-06
7.77818864	1.09813e-06
7.79855229	1.12209e-06
7.81891593	1.15976e-06
7.83927957	1.1852e-06
7.8596432	1.19518e-06
7.88000684	1.23188e-06
7.90037046	1.26271e-06
7.92073409	1.29639e-06
7.94109771	1.34513e-06
7.96146133	1.41125e-06
7.98182494	1.46589e-06
8.002188551	1.50931e-06
8.02255216	1.59072e-06
8.042915766	1.66135e-06
8.06327937	1.71589e-06
8.083642972	1.81434e-06
8.104006571	1.91498e-06
8.124370169	1.99863e-06
8.144733765	2.09945e-06
8.16509736	2.18455e-06
8.185460954	2.2877e-06
8.205824548	2.38632e-06
8.22618814	2.49437e-06
8.246551731	2.63776e-06
8.266915321	2.75884e-06
8.287278908	2.90043e-06
8.307642492	3.04348e-06
8.328006072	3.18208e-06
8.348369649	3.359e-06
8.368733224	3.50512e-06
8.389096797	3.69438e-06
8.40946037	3.90517e-06
8.429823944	4.06192e-06
8.450187521	4.29299e-06
8.470551101	4.52308e-06
8.490914683	4.71515e-06
8.511278265	4.96751e-06
8.531641845	5.25346e-06
8.55200542	5.51446e-06
8.57236899	5.75023e-06
8.592732554	6.09145e-06
8.613096113	6.45635e-06
8.633459668	6.73714e-06
8.653823225	7.07699e-06
8.674186786	7.53726e-06
8.694550353	7.90062e-06
8.71491393	8.26531e-06
8.735277513	8.76929e-06
8.755641099	9.23802e-06
8.776004682	9.69317e-06
8.796368257	1.02196e-05
8.81673182	1.08203e-05
8.837095369	1.13474e-05
8.857458906	1.19811e-05
8.877822438	1.27207e-05
8.898185973	1.32516e-05
8.918549517	1.40798e-05
8.938913079	1.49668e-05
8.95927666	1.55994e-05
8.97964026	1.6637e-05
9.000003871	1.76103e-05
9.020367481	1.85058e-05
9.040731076	1.97626e-05
9.061094641	2.07795e-05
9.081458172	2.19246e-05
9.101821671	2.34955e-05
9.122185152	2.48362e-05
9.142548634	2.60766e-05
9.162912138	2.79633e-05
9.18327568	2.96993e-05
9.203639268	3.13727e-05
9.224002903	3.34193e-05
9.24436657	3.60533e-05
9.264730246	3.82668e-05
9.285093899	4.0326e-05
9.305457494	4.45934e-05
9.325821017	4.32042e-05
9.346184486	4.56669e-05
9.36654792	4.46874e-05
9.386911349	4.6227e-05
9.407274824	4.85934e-05
9.42763836	4.73896e-05
9.448001951	4.87383e-05
9.468365589	4.72563e-05
9.488729255	4.82601e-05
9.509092905	4.94948e-05
9.529456522	4.7948e-05
9.549820088	4.90598e-05
9.570183592	4.95668e-05
9.590547057	4.83102e-05
9.610910505	4.6656e-05
9.631273966	4.66856e-05
9.65163748	4.70429e-05
9.672001057	4.64461e-05
9.692364678	4.53862e-05
9.712728325	4.48115e-05
9.733091976	4.58558e-05
9.753455593	4.51075e-05
9.773819162	4.37012e-05
9.794182684	4.28312e-05
9.814546158	4.2856e-05
9.834909615	4.28131e-05
9.855273074	4.29353e-05
9.875636563	4.33358e-05
9.896000112	4.28842e-05
9.916363724	4.2988e-05
9.936727369	4.19209e-05
9.957091022	4.21971e-05
9.977454658	4.32603e-05
9.9978182462	4.27975e-05
10.018181781	4.29821e-05
10.038545276	4.22842e-05
10.05890874	4.24616e-05
10.079272183	4.32964e-05
10.099635651	4.33431e-05
10.119999168	4.19009e-05
10.140362738	4.09666e-05
10.160726361	4.19298e-05
10.181090022	4.33995e-05
10.201453664	4.28412e-05
10.221817265	4.16179e-05
10.24218082	4.10582e-05
10.262544327	4.14974e-05
10.282907811	4.10205e-05
10.303271285	4.169e-05
10.323634756	4.23717e-05
10.343998258	4.18669e-05
10.364361803	4.24367e-05
10.384725393	4.13412e-05
10.40508902	4.17798e-05
10.425452668	4.26865e-05
10.445816282	4.26631e-05
10.466179847	4.07995e-05
10.486543366	4.0642e-05
10.506906848	4.17894e-05
10.527270312	4.28975e-05
10.547633798	4.27556e-05
10.567997312	4.12739e-05
10.588360855	4.07027e-05
10.608724435	4.17357e-05
10.629088049	4.35989e-05
10.649451675	4.26564e-05
10.669815299	4.37724e-05
10.690178877	4.23308e-05
10.710542403	4.28845e-05
10.730905881	4.44654e-05
10.751269345	4.38502e-05
10.771632829	4.23906e-05
10.791996345	4.25469e-05
10.81235989	4.31054e-05
10.832723468	4.46661e-05
10.853087073	4.47267e-05
10.873450685	4.28194e-05
10.893814294	4.24705e-05
10.914177883	4.37465e-05
10.93454142	4.50669e-05
10.954904909	4.47942e-05
10.975268378	4.32149e-05
10.995631848	4.27609e-05
11.015995343	4.38399e-05
11.036358894	4.30924e-05
11.056722479	4.37221e-05
11.077086092	4.51067e-05
11.097449711	4.42725e-05
11.117813316	4.27326e-05
11.138176899	4.29416e-05
11.15854045	4.34709e-05
11.178903941	4.51587e-05
11.199267399	4.49385e-05
11.219630861	4.31929e-05
11.239994345	4.29401e-05
11.260357876	4.43032e-05
11.280721466	4.30818e-05
11.301085084	4.42292e-05
11.321448707	4.23344e-05
11.34181232	4.34499e-05
11.362175907	4.46786e-05
11.382539455	4.34899e-05
11.402902966	4.19285e-05
11.423266432	4.22868e-05
11.443629877	4.27655e-05
11.463993347	4.17483e-05
11.484356861	4.33557e-05
11.504720438	4.07127e-05
11.525084064	4.20859e-05
11.545447707	4.33416e-05
11.565811333	4.18975e-05
11.586174929	4.34191e-05
11.606538478	4.13036e-05
11.626901984	4.27466e-05
11.647265457	4.09912e-05
11.667628898	4.23979e-05
11.687992337	4.32087e-05
11.708355824	4.26116e-05
11.728719379	4.07119e-05
11.749082996	4.10584e-05
11.769446651	4.22161e-05
11.789810294	4.04334e-05
11.810173907	4.2176e-05
11.830537468	4.00392e-05
11.850900978	4.13493e-05
11.871264447	4.2277e-05
11.891627892	4.10818e-05
11.911991341	3.9451e-05
11.932354817	4.01216e-05
11.952718344	4.12324e-05
11.973081939	3.94604e-05
11.99344559434	4.145e-05
12.01380925529	3.87191e-05
12.03417289179	4.07236e-05
12.05453648076	4.20739e-05
12.07490000782	4.03103e-05
12.09526348889	3.91258e-05
12.11562694407	4.00085e-05
12.13599037609	4.05787e-05
12.15635383144	3.93676e-05
12.17671733008	4.16896e-05
12.19708089675	3.86483e-05
12.21744452651	4.08577e-05
12.23780820658	4.2072e-05
12.25817186695	4.03772e-05
12.27853547415	3.93516e-05
12.29889902237	4.00924e-05
12.31926251112	4.08334e-05
12.33962596611	3.96311e-05
12.35998940793	4.1454e-05
12.38035284084	4.25611e-05
12.40071631628	4.14936e-05
12.42107985784	3.97995e-05
12.44144346227	4.07371e-05
12.46180712183	4.20664e-05
12.48217079302	4.02384e-05
12.50253443125	4.27236e-05
12.52289800715	4.00314e-05
12.54326151994	4.21212e-05
12.56362497754	4.35726e-05
12.58398841843	4.19022e-05
12.60435187275	4.06645e-05
12.62471534467	4.17752e-05
12.64507885982	4.26782e-05
12.665442439	4.11385e-05
12.68580607513	4.35821e-05
12.7061697389	4.03279e-05
12.72653339076	4.29121e-05
12.74689698692	4.03728e-05
12.76726052176	4.2371e-05
12.78762399747	4.3761e-05
12.80798744572	4.20984e-05
12.82835090632	4.05568e-05
12.84871437559	4.18439e-05
12.86907787691	4.28896e-05
12.88944143612	4.10565e-05
12.90980505083	4.37182e-05
12.93016869997	4.04628e-05
12.95053235982	4.28401e-05
12.97089597196	4.05193e-05
12.9912595269	4.27251e-05
13.01162302148	4.38692e-05
13.03198648033	4.24829e-05
13.05234994077	4.07225e-05
13.07271341256	4.20316e-05
13.09307690579	4.33917e-05
13.11344044901	4.11767e-05
13.13380404338	4.41033e-05
13.15416767578	4.09859e-05
13.17453132941	4.31219e-05
13.19489495271	4.10189e-05
13.21525852353	4.32865e-05
13.23562203445	4.40544e-05
13.25598550384	4.30733e-05
13.27634896623	4.13316e-05
13.29671244231	4.21969e-05
13.31707593321	4.40597e-05
13.33743946613	4.15867e-05
13.35780304472	4.43763e-05
13.37816666195	4.15914e-05
13.39853029428	3.99061e-05
13.41889392135	4.13851e-05
13.43925750265	4.25549e-05
13.45962102575	4.40368e-05
13.47998450311	4.30552e-05
13.5003479667	4.12329e-05
13.52071143701	4.19307e-05
13.54107493074	4.40616e-05
13.56143845968	4.17929e-05
13.58180202889	4.42485e-05
13.60216563541	4.20955e-05
13.62252925954	4.0483e-05
13.64289288686	4.15363e-05
13.6632564835	4.34968e-05
13.68362002358	4.06842e-05
13.70398351206	4.36114e-05
13.72434697794	4.06023e-05
13.74471044149	4.28146e-05
13.76507393006	4.46104e-05
13.7854374548	4.24841e-05
13.80580101807	4.10035e-05
13.82616461551	4.28878e-05
13.8465282397	4.35499e-05
13.86689186547	4.18116e-05
13.88725547992	4.5448e-05
13.90761903678	4.14639e-05
13.92798253824	4.40817e-05
13.94834600806	4.19725e-05
13.96870946542	4.38598e-05
13.98907293789	4.53569e-05
14.0094364577312	4.40678e-05
14.0298000130973	4.22473e-05
14.0501636013946	4.3681e-05
14.0705272175708	4.52653e-05
14.0908908398268	4.2607e-05
14.1112544558006	4.60962e-05
14.131618032832	4.23913e-05
14.1519815536864	4.4882e-05
14.1723450349716	4.31815e-05
14.1927085077246	4.08589e-05
14.2130719896849	4.16662e-05
14.2334355040105	4.41393e-05
14.2537990549689	4.07971e-05
14.2741626356452	4.32362e-05
14.2945262384683	4.07916e-05
14.31488985414	4.26449e-05
14.3352534688751	4.41919e-05
14.3556170600466	4.24898e-05
14.3759805997988	4.09233e-05
14.3963440939232	4.2593e-05
14.4167075575528	4.39049e-05
14.4370710296378	4.16223e-05
14.4574345273653	4.54665e-05
14.4777980714691	4.14882e-05
14.4981616426774	4.41885e-05
14.5185252369021	4.27566e-05
14.5388888459439	4.40072e-05
14.5592524577909	4.53585e-05
14.5796160513772	4.4956e-05
14.5999796099103	4.26508e-05
14.6203431219358	4.36332e-05
14.6407065980394	4.62267e-05
14.661070072973	4.29879e-05
14.6814335632932	4.61881e-05
14.7017970968586	4.28304e-05
14.7221606625634	4.52788e-05
14.7425242495702	4.34387e-05
14.7628878511626	4.55162e-05
14.7832514573138	4.60847e-05
14.8036150489136	4.59816e-05
14.8239786175551	4.31276e-05
14.8443421450529	4.40677e-05
14.864705633971	4.70325e-05
14.8850691134089	4.35498e-05
14.9054325990543	4.63266e-05
14.9257961207536	4.42805e-05
14.946159684211	4.21718e-05
14.9665232657805	4.34115e-05
14.9868868609564	4.56059e-05
15.0072504552867	4.21548e-05
15.0276140424889	4.57884e-05
15.0479776114859	4.20019e-05
15.0683411540567	4.44862e-05
15.0887046650757	4.25588e-05
15.1090681553673	4.45519e-05
15.1294316430273	4.53227e-05
15.1497951588092	4.50394e-05
15.1701587138572	4.24411e-05
15.1905222925003	4.35785e-05
15.2108858824712	4.64157e-05
15.2312494716142	4.30792e-05
15.2516130543978	4.6305e-05
15.2719766214649	4.37012e-05
15.2923401732238	4.56703e-05
15.3127036979845	4.37095e-05
15.3330672000747	4.67302e-05
15.3534306944438	4.6715e-05
15.3737942095462	4.64001e-05
15.3941577577945	4.41481e-05
15.4145213355139	4.49206e-05
15.4348849216765	4.75141e-05
15.45524850525	4.42549e-05
15.4756120814072	4.72219e-05
15.495975642631	4.5164e-05
15.5163391908779	4.26755e-05
15.5367027230994	4.40478e-05
15.5570662339046	4.6323e-05
15.5774297450285	4.26435e-05
15.5977932655151	4.61442e-05
15.6181568125271	4.30932e-05
15.6385203870374	4.50719e-05
15.6588839749237	4.72506e-05
15.6792475573766	4.50008e-05
15.6996111267042	4.35857e-05
15.7199746823757	4.57144e-05
15.7403382259043	4.18263e-05
15.7607017621585	4.4628e-05
15.7810652801503	4.69935e-05
15.8014287964864	4.37267e-05
15.821792319031	4.7089e-05
15.8421558642616	4.46481e-05
15.8625194337963	4.2405e-05
15.882883019138	4.40259e-05
15.9032465996451	4.60597e-05
15.9236101656193	4.26327e-05
15.9439737165965	4.61846e-05
15.9643372553651	4.29657e-05
15.9847007880873	4.51961e-05
16.005064314530316	4.72637e-05
16.025427839609687	4.5011e-05
16.04579137674909	4.37376e-05
16.066154928540364	4.57142e-05
16.086518499374051	4.67912e-05
16.10688208618156	4.45932e-05
16.127245666527617	4.42223e-05
16.147609230362654	4.49322e-05
16.167972775362568	4.59942e-05
16.188336305943039	4.45961e-05
16.208699829769682	4.67847e-05
16.229063362225954	4.35827e-05
16.249426892833952	4.7476e-05
16.26979043628527	4.29811e-05
16.290153994274586	4.66029e-05
16.310517569997717	4.35111e-05
16.330881159280445	4.59128e-05
16.351244750972302	4.77921e-05
16.371608318197907	4.57417e-05
16.39197185989423	4.43128e-05
16.412335382109532	4.60651e-05
16.432698893389571	4.74018e-05
16.453062413546668	4.49896e-05
16.473425948927133	4.4309e-05
16.493789494909741	4.54657e-05
16.514153057483711	4.63408e-05
16.534516639141877	4.45783e-05
16.554880230238282	4.27441e-05
16.575243823183683	4.43682e-05
16.595607394502302	4.58445e-05
16.615970935547551	4.29105e-05
16.636334451774388	4.6507e-05
16.656697958581017	4.3079e-05
16.677061467975005	4.59887e-05
16.697425000215073	4.29631e-05
16.717788545713017	4.64461e-05
16.738152114435053	4.26812e-05
16.7585157023994	4.62642e-05
16.778879305258897	4.7604e-05
16.799242907282778	4.54982e-05
16.819606488282375	4.45597e-05
16.839970036551211	4.59588e-05
16.860333552418282	4.71339e-05
16.880697050888323	4.50987e-05
16.901060555309918	4.36583e-05
16.921424077232807	4.53138e-05
16.941787618659045	4.65363e-05
16.962151186926544	4.38108e-05
16.982514777911007	4.74002e-05
17.002878382193554	4.36375e-05
17.023241989741933	4.67237e-05
17.04360558048392	4.35663e-05
17.063969136288385	4.68427e-05
17.084332654687227	4.31816e-05
17.104696146418927	4.67402e-05
17.125059636619341	4.30243e-05
17.14542313992623	4.62484e-05
17.165786670837196	4.78854e-05
17.186150233136328	4.53631e-05
17.206513824231038	4.44235e-05
17.226877433842162	4.59757e-05
17.247241051135862	4.69046e-05
17.267604653008632	4.50055e-05
17.287968219559257	4.38386e-05
17.308331745606385	4.50652e-05
17.328695236693456	4.63627e-05
17.349058718163192	4.39886e-05
17.369422207417781	4.70269e-05
17.389785734480775	4.36918e-05
17.410149294179377	4.7156e-05
17.430512887223482	4.33359e-05
17.450876503864535	4.69306e-05
17.471240124672097	4.32494e-05
17.49160373716294	4.65437e-05
17.511967326855	4.81912e-05
17.532330865303908	4.57836e-05
17.552694362811767	4.48222e-05
17.573057836411969	4.64032e-05
17.593421307358419	4.74399e-05
17.613784812519363	4.5453e-05
17.634148365895022	4.4348e-05
17.65451195338137	4.5624e-05
17.674875570982135	4.67719e-05
17.695239199312432	4.44758e-05
17.715602823160292	4.75493e-05
17.735966415826166	4.39986e-05
17.756329966833551	4.75998e-05
17.776693468844488	4.36196e-05
17.797056936834789	4.72116e-05
17.817420405019448	4.35923e-05
17.837783892424273	4.68763e-05
17.858147429748726	4.35277e-05
17.878511009679787	4.68863e-05
17.898874626701371	4.79206e-05
17.919238263361208	4.59181e-05
17.939601891934981	4.46201e-05
17.959965498946893	4.61211e-05
17.980329070417046	4.75649e-05
18.000692586686572	4.50016e-05
18.021056058558223	4.83481e-05
18.041419518504881	4.48608e-05
18.061783002703194	4.36678e-05
18.082146524728248	4.51887e-05
18.102510096680152	4.65227e-05
18.122873709516856	4.37506e-05
18.143237348939454	4.70825e-05
18.163600986634325	4.33766e-05
18.183964606603347	4.67203e-05
18.204328182843785	4.31645e-05
18.224691711820988	4.67002e-05
18.245055187587646	4.77092e-05
18.265418638606299	4.57272e-05
18.285782104381052	4.45421e-05
18.306145602653789	4.60573e-05
18.326509152774403	4.75684e-05
18.346872758864571	4.51617e-05
18.367236400991022	4.84366e-05
18.38760005104929	4.51038e-05
18.407963677795411	4.39672e-05
18.428327269705346	4.53556e-05
18.448690815872759	4.67979e-05
18.469054308111442	4.39895e-05
18.489417761853009	4.72007e-05
18.509781217426724	4.3556e-05
18.530144696567966	4.69127e-05
18.550508234382271	4.32064e-05
18.570871830881437	4.68091e-05
18.591235471593642	4.7757e-05
18.611599130648568	4.57486e-05
18.631962773106508	4.45736e-05
18.65232638325195	4.60221e-05
18.672689945657726	4.75647e-05
18.693053451693164	4.51807e-05
18.713416916117637	4.38773e-05
18.733780362846996	4.57457e-05
18.754143820792596	4.67349e-05
18.774507333772565	4.424e-05
18.79487090765868	4.80223e-05
18.815234536183535	4.38034e-05
18.835598194881722	4.71492e-05
18.855961847689553	4.37364e-05
18.876325475301879	4.70878e-05
18.896689048415144	4.3521e-05
18.917052568656807	4.71082e-05
18.937416033383958	4.8007e-05
18.957779471345752	4.60632e-05
18.978142926667076	4.48554e-05
18.998506419082386	4.61839e-05
19.018869969709424	4.77594e-05
19.039233588982782	4.52747e-05
19.059597249947831	4.83352e-05
19.079960915854745	4.50716e-05
19.100324550297486	4.39442e-05
19.12068814081254	4.5133e-05
19.141051676253102	4.67814e-05
19.161415159825257	4.3846e-05
19.181778602308832	4.6984e-05
19.202142048347902	4.3452e-05
19.222505521441327	4.68056e-05
19.242869059343374	4.31418e-05
19.263232662128292	4.6804e-05
19.283596321755777	4.76089e-05
19.303959998235012	4.57477e-05
19.324323650957361	4.45649e-05
19.344687262713553	4.58672e-05
19.365050816989946	4.75742e-05
19.385414310316893	4.51147e-05
19.405777756082614	4.80987e-05
19.426141190358308	4.50313e-05
19.446504657601846	4.39079e-05
19.466868173575662	4.50225e-05
19.487231753884561	4.67773e-05
19.507595396759108	4.37721e-05
19.527959073033518	4.68784e-05
19.548322737534924	4.34337e-05
19.568686368770202	4.67093e-05
19.589049935808166	4.30449e-05
19.609413441892517	4.67066e-05
19.629776895323829	4.73858e-05
19.650140324085889	4.55947e-05
19.670503774254556	4.44116e-05
19.690867266152907	4.55832e-05
19.711230821323472	4.74024e-05
19.73159444925788	4.49089e-05
19.751958129550523	4.77945e-05
19.772321811423804	4.48148e-05
19.792685453987765	4.36831e-05
19.813049044105917	4.47413e-05
19.833412570544095	4.65574e-05
19.853776041146514	4.35004e-05
19.874139476399382	4.65951e-05
19.894502917532012	4.32363e-05
19.914866389010324	4.64336e-05
19.935229917975168	4.77096e-05
19.955593524848609	4.55535e-05
19.975957187774572	4.38645e-05
19.996320874733271	4.59497e-05
20.016684550120743	4.73029e-05
20.037048167043981	4.45623e-05
20.057411710621192	4.42289e-05
20.077775192388618	4.56345e-05
20.098138628917507	4.60148e-05
20.118502059399074	4.44085e-05
20.138865508986495	4.76361e-05
20.159229023465087	4.35988e-05
20.179592607100602	4.77225e-05
20.199956255604565	4.33287e-05
20.220319945486132	4.66033e-05
20.240683620766543	4.34036e-05
20.261047257663286	4.65576e-05
20.281410832167804	4.79437e-05
20.301774331879244	4.57468e-05
20.322137783429373	4.39695e-05
20.342501213903304	4.61367e-05
20.362864648280748	4.73664e-05
20.383228138828642	4.44401e-05
20.403591704894403	4.40951e-05
20.423955336667486	4.54953e-05
20.444319020110335	4.56998e-05
20.464682706780074	4.40741e-05
20.4850463639211	4.73053e-05
20.505409951332151	4.32447e-05
20.525773468251913	4.73594e-05
20.546136926719758	4.29169e-05
20.566500353084983	4.62826e-05
20.58686379300913	4.31148e-05
20.60722726687111	4.62104e-05
20.627590801128761	4.77469e-05
20.64795441391718	4.55186e-05
20.668318080979176	4.37042e-05
20.688681773855972	4.59789e-05
20.709045453473365	4.71473e-05
20.729409068646017	4.42185e-05
20.749772611419541	4.85881e-05
20.770136084134176	4.43497e-05
20.790499510875151	4.70949e-05
20.810862941363315	4.42886e-05
20.831226395769434	4.75547e-05
20.851589903591321	4.83319e-05
20.871953493155498	4.67559e-05
20.892317147946429	4.50275e-05
20.91268084099665	4.65602e-05
20.933044522143433	4.33423e-05
20.953408158996417	4.62691e-05
20.973771726877139	4.77458e-05
20.994135216182315	4.52266e-05
21.014498647231765	4.78761e-05
21.034862066938341	4.48855e-05
21.055225523493107	4.37659e-05
21.075589028270947	4.45018e-05
21.09595260010617	4.66038e-05
21.11631624217042	4.36623e-05
21.13667993192826	4.62761e-05
21.157043622219458	4.3256e-05
21.177407283408883	4.66874e-05
21.197770879675883	4.75378e-05
21.218134389519353	4.58095e-05
21.238497836775693	4.41669e-05
21.258861251796009	4.59358e-05
21.279224689518124	4.26972e-05
21.299588170345064	4.56276e-05
21.319951714716868	4.73666e-05
21.340315336185814	4.47801e-05
21.360679016026531	4.73722e-05
21.381042711383849	4.4583e-05
21.401406374446395	4.34266e-05
21.421769982472028	4.41175e-05
21.442133515127527	4.63139e-05
21.462496976693785	4.32622e-05
21.482860393048234	4.59263e-05
21.503223817820857	4.28628e-05
21.523587279345897	4.61744e-05
21.543950801098713	4.71237e-05
21.564314404308888	4.52249e-05
21.584678068102271	4.35042e-05
21.60504176411683	4.54909e-05
21.625405459474745	4.69778e-05
21.645769099746477	4.39562e-05
21.666132665713675	4.84637e-05
21.686496148420083	4.44662e-05
21.706859570535677	4.70566e-05
21.727222982663253	4.44869e-05
21.747586416941004	4.76722e-05
21.767949909192897	4.81409e-05
21.788313486009717	4.69317e-05
21.808677133241211	4.53202e-05
21.82904082416303	4.62659e-05
21.84940450995434	4.32861e-05
21.869768163850789	4.64369e-05
21.890131757987671	4.73504e-05
21.910495265390686	4.51683e-05
21.930858711015972	4.30659e-05
21.951222125836654	4.52044e-05
21.971585546894623	4.64404e-05
21.991949032552363	4.30305e-05
22.012312594521671	4.76481e-05
22.032676231675797	4.34559e-05
22.053039921498861	4.60516e-05
22.073403617439212	4.33959e-05
22.093767290316517	4.66902e-05
22.11413090833793	4.73544e-05
22.134494442141261	4.60461e-05
22.154857900803545	4.45606e-05
22.175221313392186	4.57415e-05
22.195584715794094	4.78452e-05
22.215948170867208	4.47649e-05
22.236311697438328	4.86733e-05
22.256675313076805	4.50066e-05
22.277038993220245	4.78296e-05
22.297402693861933	4.49901e-05
22.317766383220821	4.81669e-05
22.338130025571573	4.85105e-05
22.358493582187311	4.74735e-05
22.378857061052425	4.57934e-05
22.399220481773654	4.63524e-05
22.419583895858359	4.36316e-05
22.439947335198902	4.6863e-05
22.460310834521337	4.72063e-05
22.480674424477382	4.55549e-05
22.501038087444623	4.37563e-05
22.521401788752353	4.50364e-05
22.541765492376552	4.6875e-05
22.562129139950628	4.34651e-05
22.582492716432704	4.76008e-05
22.602856210030499	4.37701e-05
22.623219640807665	4.65588e-05
22.643583051397837	4.38168e-05
22.663946473054299	4.70299e-05
22.684309943929183	4.74973e-05
22.704673505427493	4.65175e-05
22.725037149903759	4.49925e-05
22.745400850564987	4.57249e-05
22.765764552275609	4.30172e-05
22.786128222006329	4.62454e-05
22.806491828034719	4.67678e-05
22.826855346473121	4.50428e-05
22.847218799590618	4.31383e-05
22.867582217501894	4.46673e-05
22.887945634097271	4.63339e-05
22.908309106293434	4.2803e-05
22.92867264901551	4.7127e-05
22.949036275302998	4.3214e-05
22.969399965008808	4.57755e-05
22.989763671657332	4.3157e-05
23.010127361297862	4.63623e-05
23.030490993522683	4.6757e-05
23.050854533067184	4.57375e-05
23.071217994148828	4.42193e-05
23.091581405819909	4.50371e-05
23.111944803823064	4.75347e-05
23.132308252160367	4.45053e-05
23.152671765690044	4.77169e-05
23.173035367031051	4.4624e-05
23.193399040358599	4.74751e-05
23.213762745133188	4.43037e-05
23.234126447919824	4.78061e-05
23.25449010954231	4.81853e-05
23.274853677613862	4.69689e-05
23.295217156919623	4.5403e-05
23.315580573516542	4.59097e-05
23.335943981323261	4.32383e-05
23.356307414132171	4.64649e-05
23.37667090907922	4.65505e-05
23.397034492955648	4.51729e-05
23.417398150314526	4.34742e-05
23.437761852332706	4.42408e-05
23.458125564408579	4.65159e-05
23.478489225051852	4.32665e-05
23.498852815992024	4.66429e-05
23.519216312847252	4.33901e-05
23.539579735056286	4.62947e-05
23.559943132218134	4.31629e-05
23.580306540359711	4.66536e-05
23.600670001421321	4.71811e-05
23.62103356212419	4.60207e-05
23.641397207797173	4.46362e-05
23.661760910283551	4.52559e-05
23.682124636277155	4.7617e-05
23.702488321250797	4.49699e-05
23.722851940926763	4.7643e-05
23.743215467303472	4.48757e-05
23.76357890781405	4.80095e-05
23.783942303927983	4.39723e-05
23.804305693568754	4.80525e-05
23.824669145037038	4.35483e-05
23.845032677024168	4.69946e-05
23.86539630690309	4.3728e-05
23.885760004833365	4.64091e-05
23.906123740626054	4.77592e-05
23.926487447230215	4.56131e-05
23.946851076301261	4.36069e-05
23.967214620869765	4.59545e-05
23.987578078687442	4.70343e-05
24.007941474296214	4.36578e-05
24.028304869266204	4.34179e-05
24.048668298354464	4.49352e-05
24.069031799320179	4.51389e-05
24.089395403838481	4.35321e-05
24.109759093951048	4.65155e-05
24.130122817491152	4.26316e-05
24.150486536959775	4.65133e-05
24.170850209303936	4.73217e-05
24.191213782934252	4.55569e-05
24.211577260378977	4.44427e-05
24.231940667272966	4.53686e-05
24.252304030937584	4.71221e-05
24.27266742773709	4.50596e-05
24.29303088959303	4.77748e-05
24.313394460327938	4.49942e-05
24.333758126194521	4.36507e-05
24.354121850063009	4.44069e-05
24.374485586972728	4.63927e-05
24.394849266520666	4.35597e-05
24.415212866213007	4.63805e-05
24.435576364518589	4.32771e-05
24.455939782519607	4.61613e-05
24.476303145141401	4.70668e-05
24.496666523707098	4.53459e-05
24.517029980765866	4.37064e-05
24.537393530153125	4.56048e-05
24.557757183072273	4.72786e-05
24.578120913468052	4.40333e-05
24.598484651143629	4.3784e-05
24.618848355032487	4.53003e-05
24.639211984905074	4.56695e-05
24.659575505640507	4.43566e-05
24.679938933285644	4.73641e-05
24.700302313586253	4.30039e-05
24.720665679601389	4.72347e-05
24.741029108276663	4.31194e-05
24.761392622853592	4.62531e-05
24.781756249522203	4.35124e-05
24.802119966137091	4.61266e-05
24.822483739195025	4.72593e-05
24.842847480441502	4.56842e-05
24.863211130155808	4.38939e-05
24.883574677830214	4.583e-05
24.903938118685954	4.7572e-05
24.924301489587016	4.4059e-05
24.944664857588347	4.40053e-05
24.965028257237616	4.54447e-05
24.985391733923858	4.5628e-05
25.005755331007084	4.44936e-05
25.026119032656361	4.72502e-05
25.046482791358319	4.28714e-05
25.066846529128842	4.28207e-05
25.087210206546306	4.40395e-05
25.107573787465157	4.44603e-05
25.127937252401914	4.30826e-05
25.148300628919007	4.55693e-05
25.168663956002622	4.66832e-05
25.189027313091845	4.51337e-05
25.209390767273558	4.35459e-05
25.229754330779979	4.5516e-05
25.250118010659651	4.22636e-05
25.270481772583135	4.47448e-05
25.290845570645399	4.69637e-05
25.311209307111348	4.45455e-05
25.331572949001824	4.70639e-05
25.35193645723302	4.49764e-05
25.372299860795703	4.32015e-05
25.392663204515063	4.37679e-05
25.413026535971451	4.64471e-05
25.433389941821957	4.33912e-05
25.453753449337011	4.60054e-05
25.474117088525951	4.33897e-05
25.494480833022898	4.59733e-05
25.514844645433637	4.70291e-05
25.535208425378862	4.54797e-05
25.555572098340242	4.37982e-05
25.575935651126475	4.58632e-05
25.596299076349741	4.7387e-05
25.616662413782411	4.40096e-05
25.637025744395114	4.44601e-05
25.657389107638647	4.539e-05
25.677752556723014	4.55957e-05
25.698116145452584	4.48895e-05
25.718479857862278	4.74088e-05
25.738843666344923	4.75174e-05
25.759207478527276	4.69193e-05
25.779571202936921	4.5476e-05
25.799934813981277	4.62383e-05
25.820298285132495	4.37897e-05
25.840661646552995	4.65148e-05
25.861024940033911	4.76477e-05
25.881388256413263	4.58556e-05
25.901751672720469	4.40301e-05
25.92211520757122	4.62661e-05
25.942478876291563	4.74298e-05
25.962842649415744	4.37659e-05
25.983206446696908	4.43233e-05
26.003570207336136	4.51761e-05
26.023933877493128	4.51746e-05
26.044297405037394	4.44068e-05
26.064660806841896	4.70163e-05
26.085024112324486	4.71068e-05
26.105387408624846	4.63427e-05
26.125750778628653	4.5247e-05
26.146114253525365	4.61031e-05
26.166477873326201	4.34886e-05
26.186841613372415	4.64151e-05
26.207205438158997	4.75667e-05
26.227569247303006	4.56759e-05
26.247932986897357	4.85175e-05
26.268296585461627	4.64048e-05
26.288660043674508	4.45094e-05
26.309023399778891	4.5002e-05
26.329386700808669	4.74697e-05
26.349750033870851	4.46545e-05
26.370113443801682	4.6575e-05
26.390476994578464	4.44784e-05
26.41084067647148	4.70542e-05
26.431204469883731	4.71562e-05
26.451568291574503	4.63018e-05
26.471932043805786	4.50883e-05
26.492295694091176	4.58165e-05
26.512659203631063	4.3112e-05
26.533022595620114	4.60487e-05
26.553385904383227	4.69131e-05
26.573749213967687	4.50207e-05
26.594112569758529	4.78564e-05
26.614476053178155	4.55626e-05
26.634839677702924	4.37812e-05
26.655203412734359	4.43982e-05
26.675567220104927	4.65186e-05
26.695931000218383	4.38735e-05
26.716294706606046	4.60177e-05
26.736658280016631	4.38223e-05
26.757021728910257	4.62691e-05
26.777385072563092	4.66022e-05
26.797748386361878	4.57565e-05
26.818111744614686	4.44688e-05
26.838475183490907	4.51857e-05
26.858838739847492	4.75295e-05
26.879202426747749	4.48614e-05
26.899566208214292	4.76414e-05
26.919930002722523	4.46891e-05
26.940293752598766	4.74704e-05
26.960657385135985	4.522e-05
26.981020895167685	4.76454e-05
27.001384287142127	4.83712e-05
27.021747617257077	4.75152e-05
27.04211096220418	4.552e-05
27.06247435828827	4.63277e-05
27.082837851078175	4.87928e-05
27.10320147657767	4.60381e-05
27.123565210290774	4.81273e-05
27.143928992399459	4.58469e-05
27.164292735452808	4.42993e-05
27.184656402444293	4.49388e-05
27.205019961888436	4.71144e-05
27.225383406562791	4.42037e-05
27.245746770410019	4.66387e-05
27.266110123283976	4.35609e-05
27.286473498208132	4.62707e-05
27.306836968559203	4.35559e-05
27.327200544708514	4.62404e-05
27.347564231651692	4.70604e-05
27.367927990529147	4.58e-05
27.38829174498094	4.40714e-05
27.408655447189744	4.50753e-05
27.429019058382128	4.72283e-05
27.449382552002394	4.48027e-05
27.469745952134183	4.70878e-05
27.490109314386856	4.47551e-05
27.510472677147	4.70178e-05
27.530836085484637	4.824e-05
27.551199603956618	4.71978e-05
27.571563236453809	4.56146e-05
27.591926953986086	4.64248e-05
27.612290699546254	4.37195e-05
27.632654421144462	4.61537e-05
27.653018073273753	4.75078e-05
27.67338161540232	4.54028e-05
27.693745060200381	4.79175e-05
27.714108447554931	4.50962e-05
27.734471840596786	4.35219e-05
27.754835264038594	4.43595e-05
27.775198755595191	4.61201e-05
27.795562348963127	4.35312e-05
27.815926028744183	4.58225e-05
27.83628975410431	4.31082e-05
27.856653481061898	4.54086e-05
27.877017158745478	4.65647e-05
27.897380737335737	4.52329e-05
27.917744219770221	4.37539e-05
27.938107633615708	4.47194e-05
27.958471013704628	4.64096e-05
27.978834420132504	4.43113e-05
27.999197878429207	4.73247e-05
28.019561430360074	4.41505e-05
28.039925068820654	4.67492e-05
28.060288767770952	4.42453e-05
28.080652492707582	4.65301e-05
28.101016190553946	4.76004e-05
28.121379803878	4.65819e-05
28.141743323350173	4.47177e-05
28.162106769211185	4.55559e-05
28.182470167988441	4.74432e-05
28.202833580034152	4.48955e-05
28.22319702465478	4.7496e-05
28.243560548692106	4.47213e-05
28.263924152526943	4.70703e-05
28.284287823138722	4.41572e-05
28.304651531360612	4.69816e-05
28.325015236491904	4.76634e-05
28.345378872169842	4.66275e-05
28.365742419934922	4.48463e-05
28.386105892711281	4.57294e-05
28.406469310055357	4.74557e-05
28.426832725349826	4.51198e-05
28.447196163690268	4.76121e-05
28.467559667076646	4.5195e-05
28.487923241463257	4.74107e-05
28.508286884228458	4.42518e-05
28.52865057136481	4.75767e-05
28.549014255414662	4.38415e-05
28.569377901311537	4.65546e-05
28.589741472758817	4.37245e-05
28.610104973442933	4.59792e-05
28.630468414975208	4.73205e-05
28.650831841443363	4.52695e-05
28.671195283069771	4.76442e-05
28.691558775316711	4.53357e-05
28.711922336875094	4.3691e-05
28.732285958221283	4.45382e-05
28.752649626491959	4.62842e-05
28.773013301906989	4.37459e-05
28.793376956075367	4.62092e-05
28.813740544348455	4.36467e-05
28.834104066309635	4.58415e-05
28.854467528001887	4.69342e-05
28.874830965600147	4.54584e-05
28.89519442357825	4.38211e-05
28.915557917384977	4.51066e-05
28.935921461593946	4.67158e-05
28.956285066803535	4.43262e-05
28.976648718541544	4.74248e-05
28.997012383669599	4.40891e-05
29.017376038550044	4.6567e-05
29.037739639119238	4.4385e-05
29.058103178594443	4.66446e-05
29.078466658507747	4.75778e-05
29.098830107921408	4.64665e-05
29.119193567962011	4.45896e-05
29.139557059330077	4.55943e-05
29.159920594161147	4.76411e-05
29.180284185977783	4.49072e-05
29.20064782351831	4.76958e-05
29.221011478393862	4.4705e-05
29.24137512884765	4.69907e-05
29.261738737321714	4.45977e-05
29.282102290075006	4.72882e-05
29.302465785014309	4.785e-05
29.322829245157468	4.68344e-05
29.343192708440025	4.4977e-05
29.363556195247764	4.57805e-05
29.383919724283253	4.80479e-05
29.404283307946592	4.5371e-05
29.424646937097258	4.78636e-05
29.445010586913412	4.53219e-05
29.465374224328926	4.36202e-05
29.485737833779044	4.47561e-05
29.506101395538654	4.64713e-05
29.526464905293693	4.35209e-05
29.546828377876057	4.66457e-05
29.567191847266141	4.32355e-05
29.587555333550434	4.56436e-05
29.607918867257876	4.31896e-05
29.628282447367621	4.57135e-05
29.648646072700814	4.63673e-05
29.66900972085234	4.53305e-05
29.689373359816113	4.36552e-05
29.709736973667368	4.4534e-05
29.73010054461821	4.6783e-05
29.750464063320806	4.42116e-05
29.770827542514006	4.69424e-05
29.791191012942136	4.41707e-05
29.811554494649901	4.66488e-05
29.831918019413379	4.42698e-05
29.852281590609927	4.70121e-05
29.87264520875712	4.75822e-05
29.89300885430772	4.66429e-05
29.913372495213348	4.48232e-05
29.933736114591522	4.55425e-05
29.954099693238337	4.78661e-05
29.974463220840743	4.52082e-05
29.994826707695101	4.74903e-05
30.015190181571576	4.50572e-05
30.035553661185784	4.74241e-05
30.055917179699463	4.44706e-05
30.076280743646912	4.78467e-05
30.096644354761622	4.37351e-05
30.117007997950033	4.68448e-05
30.137371641594168	4.37224e-05
30.157735267420321	4.61157e-05
30.178098855891079	4.80947e-05
30.198462392699231	4.56231e-05
30.218825890426725	4.37455e-05
30.239189364361248	4.60422e-05
30.25955283640474	4.66155e-05
30.279916343344524	4.44118e-05
30.300279901474731	4.36828e-05
30.320643505871359	4.45792e-05
30.341007144795867	4.52769e-05
30.361370787860917	4.3685e-05
30.38173441640977	4.62287e-05
30.402098002055496	4.34842e-05
30.422461542382091	4.64206e-05
30.442825038809239	4.70867e-05
30.463188507629678	4.61514e-05
30.483551982196627	4.43956e-05
30.503915479960785	4.53181e-05
30.524279019671781	4.77526e-05
30.544642614129003	4.52272e-05
30.565006251276188	4.76144e-05
30.585369897179056	4.53042e-05
30.605733532385997	4.77095e-05
30.626097126908075	4.482e-05
30.646460676326459	4.83152e-05
30.666824183007936	4.42574e-05
30.68718765791288	4.72182e-05
30.70755112813757	4.41018e-05
30.727914612778346	4.65945e-05
30.74827813405777	4.84e-05
30.768641712684627	4.58935e-05
30.789005337506143	4.40127e-05
30.809368982382612	4.63164e-05
30.829732621913394	4.68166e-05
30.85009622315296	4.45403e-05
30.870459774979732	4.39355e-05
30.89082328426715	4.47436e-05
30.911186762143487	4.54617e-05
30.931550227926319	4.38961e-05
30.951913700647534	4.64086e-05
30.972277216292159	4.36743e-05
30.99264078078324	4.67147e-05
31.013004398024645	4.73819e-05
31.033368049325158	4.65299e-05
31.053731686881758	4.46668e-05
31.074095294915224	4.56688e-05
31.094458854078141	4.35071e-05
31.114822368233284	4.58356e-05
31.135185846461376	4.65481e-05
31.155549313645068	4.54488e-05
31.175912791862725	4.36659e-05
31.196276296315418	4.45971e-05
31.216639844086959	4.67267e-05
31.237003445110048	4.3659e-05
31.257367086949198	4.67081e-05
31.277730729327711	4.34578e-05
31.298094345589757	4.6062e-05
31.31845791233382	4.37436e-05
31.338821430963677	4.63001e-05
31.359184908245393	4.69468e-05
31.379548373595291	4.62523e-05
31.399911846107827	4.43085e-05
31.42027533663024	4.51686e-05
31.440638864969024	4.78542e-05
31.461002448072534	4.49051e-05
31.481366076926601	4.75505e-05
31.501729727028618	4.49488e-05
31.522093357567218	4.73197e-05
31.54245693915508	4.48411e-05
31.562820469756151	4.79913e-05
31.583183953157157	4.82484e-05
31.603547416865229	4.75026e-05
31.623910892771228	4.54709e-05
31.644274376916581	4.61932e-05
31.664637901141017	4.41114e-05
31.685001468901451	4.63948e-05
31.705365082454122	4.67136e-05
31.725728724496872	4.5787e-05
31.746092355299915	4.37102e-05
31.766455945489476	4.45193e-05
31.78681948414529	4.70473e-05
31.807182976042906	4.36635e-05
31.827546438685353	4.67384e-05
31.847909908332529	4.366e-05
31.868273388992424	4.61582e-05
31.888636902195078	4.40469e-05
31.909000453982117	4.66939e-05
31.929364050449163	4.71969e-05
31.949727681493954	4.68306e-05
31.970091319836328	4.46933e-05
31.99045492777417	4.54324e-05
32.010818480590061	4.35746e-05
32.031181983267793	4.57278e-05
32.051545447767268	4.63209e-05
32.071908910466945	4.52354e-05
32.092272393226914	4.73266e-05
32.112635899908689	4.46239e-05
32.132999446517466	4.34098e-05
32.153363029990324	4.41401e-05
32.173726647004273	4.55909e-05
32.194090277245749	4.33297e-05
32.214453898162198	4.55286e-05
32.234817463349977	4.35029e-05
32.255180974268661	4.58615e-05
32.275544439263712	4.61382e-05
32.29590789308488	4.57914e-05
32.316271372615553	4.38197e-05
32.336634879166908	4.44515e-05
32.356998418754273	4.24763e-05
32.377361991437226	4.47857e-05
32.397725596571597	4.57409e-05
32.418089219122585	4.4281e-05
32.438452845142351	4.65458e-05
32.458816429063369	4.4472e-05
32.479179956321005	4.73277e-05
32.499543430979493	4.74002e-05
32.519906884382515	4.73079e-05
32.54027035472555	4.49986e-05
32.560633859650864	4.5483e-05
32.580997396171533	4.39685e-05
32.601360961253675	4.60898e-05
32.621724556019672	4.617e-05
32.642088169671162	4.57523e-05
32.662451781608709	4.36175e-05
32.682815376931032	4.43442e-05
32.703178917021681	4.7114e-05
32.723542407112411	4.32986e-05
32.743905864163892	4.65939e-05
32.764269327846783	4.35872e-05
32.784632818593217	4.58532e-05
32.804996355353701	4.40298e-05
32.825359916838835	4.65527e-05
32.84572350506587	4.66891e-05
32.866087112154659	4.66748e-05
32.886450719673952	4.44917e-05
32.906814317370291	4.48109e-05
32.927177873310406	4.32854e-05
32.947541376043965	4.54107e-05
32.967904837004795	4.58543e-05
32.988268294506561	4.50336e-05
33.008631770540099	4.71304e-05
33.028995298909599	4.46092e-05
33.049358863031472	4.32721e-05
33.069722448457128	4.38792e-05
33.090086050100041	4.55653e-05
33.110449652861313	4.32265e-05
33.130813246995004	4.53466e-05
33.151176816866048	4.34558e-05
33.1715403311781	4.58313e-05
33.191903797107386	4.58447e-05
33.212267249861625	4.57641e-05
33.232630726931269	4.3786e-05
33.252994243121272	4.41095e-05
33.273357805020318	4.7591e-05
33.293721390941002	4.41172e-05
33.314084991809864	4.69887e-05
33.334448593570443	4.45829e-05
33.354812186461636	4.69407e-05
33.375175756630952	4.50075e-05
33.395539289482258	4.7969e-05
33.415902768628726	4.77563e-05
33.436266224090033	4.77099e-05
33.456629693813483	4.53922e-05
33.476993195667212	4.57176e-05
33.497356752782458	4.40327e-05
33.51772034047346	4.63643e-05
33.538083942457092	4.60339e-05
33.558447544074106	4.56798e-05
33.578811130218412	4.35229e-05
33.599174696168021	4.40569e-05
33.619538239230614	4.7049e-05
33.639901733357902	4.31106e-05
33.660265192902465	4.65211e-05
33.680628657404057	4.36422e-05
33.700992146093988	4.60069e-05
33.72135568862511	4.40253e-05
33.74171927992208	4.68863e-05
33.7620828869075	4.68839e-05
33.782446493696057	4.6834e-05
33.802810083714384	4.48299e-05
33.823173651242627	4.51701e-05
33.843537193214573	4.86176e-05
33.863900701786868	4.51958e-05
33.88426416850367	4.76343e-05
33.904627630249685	4.56101e-05
33.924991121397497	4.36307e-05
33.945354652701489	4.47822e-05
33.965718235514359	4.72143e-05
33.986081843508423	4.31292e-05
34.006445452401067	4.71057e-05
34.026809043929454	4.3722e-05
34.047172611331931	4.58288e-05
34.067536149540302	4.36803e-05
34.087899665707049	4.65866e-05
34.10826313855793	4.64503e-05
34.128626597975774	4.60719e-05
34.148990079543786	4.42462e-05
34.169353596538116	4.48743e-05
34.189717163630704	4.79091e-05
34.210080778737996	4.44729e-05
34.230444397737827	4.75832e-05
34.250807999429156	4.51103e-05
34.271171574687841	4.75277e-05
34.29153511645152	4.49685e-05
34.31189863138227	4.84792e-05
34.332262125094203	4.34014e-05
34.352625592125648	4.77353e-05
34.372989070406817	4.43209e-05
34.393352575710423	4.62408e-05
34.413716126078214	4.89608e-05
34.434079729690765	4.59909e-05
34.454443350227919	4.41642e-05
34.474806957928791	4.67682e-05
34.495170539215401	4.7427e-05
34.515534083500555	4.49302e-05
34.535897598551124	4.44014e-05
34.556261096180513	4.51447e-05
34.576624566461938	4.60897e-05
34.596988041795022	4.45106e-05
34.617351539110338	4.68182e-05
34.637715085658932	4.40258e-05
34.658078681241221	4.29845e-05
34.678442308605106	4.34556e-05
34.69880592771046	4.54882e-05
34.719169514695707	4.30732e-05
34.739533064183682	4.54646e-05
34.759896577899568	4.29504e-05
34.780260068573625	4.59274e-05
34.800623542514778	4.65655e-05
34.820987014581092	4.55162e-05
34.841350515775083	4.36465e-05
34.861714054611078	4.52382e-05
34.882077640448017	4.74068e-05
34.902441267104379	4.41279e-05
34.922804902211027	4.80563e-05
34.94316850432503	4.49207e-05
34.963532065900964	4.73099e-05
34.983895584634411	4.48003e-05
35.004259072060215	4.81655e-05
35.02462254540486	4.83522e-05
35.044986017078479	4.73918e-05
35.065349511987897	4.57394e-05
35.085713040643611	4.66964e-05
35.106076614982129	4.89094e-05
35.126440233414669	4.57733e-05
35.146803869453208	4.47596e-05
35.167167481325087	4.67972e-05
35.187531052949829	4.72406e-05
35.207894576650915	4.50786e-05
35.228258068502647	4.41478e-05
35.248621546065884	4.48591e-05
35.268985021138135	4.62976e-05
35.289348513815987	4.40985e-05
35.309712036308703	4.67937e-05
35.330075607047611	4.37357e-05
35.350439217894547	4.25236e-05
35.370802853456993	4.36897e-05
35.391166479728177	4.5416e-05
35.411530060186379	4.2783e-05
35.431893592280744	4.60607e-05
35.452257084131752	4.29887e-05
35.47262055304229	4.58672e-05
35.492984021819126	4.72897e-05
35.513347508534899	4.56709e-05
35.53371103257733	4.40397e-05
35.55407459683267	4.58826e-05
35.574438204215589	4.7524e-05
35.594801839739958	4.48075e-05
35.615165472341694	4.41246e-05
35.635529066311634	4.5803e-05
35.655892609933865	4.63812e-05
35.676256105997041	4.45726e-05
35.696619570751963	4.76347e-05
35.716983040221614	4.3683e-05
35.737346526475989	4.74644e-05
35.757710046027732	4.33976e-05
35.778073604352002	4.689e-05
35.798437206570007	4.36593e-05
35.81880084046086	4.6506e-05
35.839164489832989	4.79527e-05
35.859528107419642	4.60384e-05
35.879891665365115	4.45288e-05
35.900255169455832	4.62651e-05
35.920618630882949	4.76285e-05
35.940982086134355	4.50475e-05
35.961345571781791	4.41825e-05
35.981709084330461	4.57163e-05
36.002072634526399	4.65775e-05
36.022436231349886	4.44443e-05
36.042799863448479	4.75373e-05
36.063163504300277	4.37325e-05
36.083527134911925	4.7474e-05
36.103890707192313	4.35302e-05
36.124254221581594	4.71147e-05
36.144617692144003	4.36208e-05
36.164981140560805	4.67302e-05
36.185344609215498	4.33318e-05
36.20570811116314	4.68474e-05
36.226071649617353	4.79359e-05
36.246435239003283	4.58198e-05
36.266798865258181	4.4536e-05
36.287162509928223	4.60264e-05
36.307526152197248	4.73632e-05
36.327889747986866	4.49433e-05
36.348253282069756	4.84542e-05
36.368616761375705	4.4777e-05
36.388980206306293	4.79802e-05
36.409343660700138	4.44506e-05
36.429707147066502	4.80559e-05
36.450070684030443	4.42622e-05
36.470434266754282	4.7773e-05
36.490797891344471	4.39671e-05
36.511161540865992	4.72668e-05
36.531525181842007	4.36759e-05
36.551888798397322	4.69677e-05
36.572252354131649	4.82043e-05
36.592615845278075	4.58193e-05
36.612979300691073	4.43585e-05
36.633342745953762	4.60958e-05
36.653706211548062	4.72964e-05
36.674069735386873	4.47907e-05
36.694433311896418	4.3772e-05
36.714796931708364	4.53579e-05
36.735160582717171	4.61728e-05
36.75552423112093	4.39628e-05
36.775887858460599	4.74352e-05
36.796251427490006	4.36645e-05
36.8166149305654	4.72543e-05
36.836978386245477	4.329e-05
36.85734181950388	4.69303e-05
36.877705279267722	4.34537e-05
36.89806878547396	4.67031e-05
36.918432345507107	4.83017e-05
36.938795959685564	4.59338e-05
36.959159605498314	4.45266e-05
36.979523261145246	4.64351e-05
36.999886902290946	4.76129e-05
37.020250493667774	4.51361e-05
37.040614015258235	4.41897e-05
37.060977479800421	4.56522e-05
37.081340908739513	4.64181e-05
37.101704353691936	4.42841e-05
37.122067838536019	4.75934e-05
37.142431394698129	4.38272e-05
37.162795003753445	4.74671e-05
37.183158652050295	4.32445e-05
37.203522317659854	4.70267e-05
37.223885960705992	4.35198e-05
37.244249565245298	4.66169e-05
37.264613110358312	4.83649e-05
37.284976584134675	4.59067e-05
37.305340021557363	4.4526e-05
37.325703451437533	4.64733e-05
37.346066908207156	4.76663e-05
37.366430436986001	4.52164e-05
37.386794034518587	4.42594e-05
37.407157677576095	4.56644e-05
37.427521347724095	4.65239e-05
37.447885003217067	4.43842e-05
37.468248624069652	4.75764e-05
37.488612182599766	4.39025e-05
37.508975672224445	4.75426e-05
37.529339112058913	4.31858e-05
37.549702530583744	4.71727e-05
37.570065982862587	4.35973e-05
37.590429489502668	4.6596e-05
37.610793075522921	4.33609e-05
37.631156715777415	4.67507e-05
37.651520393957995	4.74159e-05
37.671884067595357	4.56555e-05
37.692247698360276	4.44713e-05
37.712611275591613	4.57384e-05
37.732974788574467	4.74558e-05
37.75333823780614	4.4521e-05
37.773701650449041	4.80128e-05
37.79406508332508	4.45609e-05
37.814428561735717	4.77843e-05
37.834792121806323	4.44524e-05
37.855155752642602	4.79108e-05
37.8755194222977	4.35393e-05
37.895883104310194	4.75932e-05
37.916246752470073	4.38974e-05
37.936610350320557	4.67175e-05
37.956973883091102	4.86932e-05
37.977337346994616	4.58381e-05
37.99770077295517	4.4463e-05
38.018064192920335	4.64617e-05
38.038427644010547	4.74382e-05
38.058791174351285	4.50577e-05
38.079154787874671	4.40186e-05
38.099518453396939	4.52892e-05
38.119882143939066	4.63105e-05
38.140245809304602	4.41368e-05
38.160609428410574	4.71682e-05
38.180972973914336	4.38226e-05
38.201336454673687	4.73175e-05
38.221699883051336	4.29113e-05
38.242063289404307	4.7097e-05
38.262426733590786	4.34076e-05
38.282790237013465	4.62776e-05
38.303153826396304	4.32525e-05
38.323517486824095	4.64808e-05
38.343881186093626	4.71529e-05
38.36424487333597	4.54816e-05
38.38460850633993	4.4084e-05
38.404972074930832	4.54891e-05
38.425335572599344	4.72328e-05
38.445699012472097	4.40049e-05
38.466062413919701	4.78111e-05
38.486425838036261	4.42742e-05
38.506789311466626	4.72159e-05
38.527152872607985	4.42148e-05
38.547516515274758	4.75613e-05
38.567880216151998	4.79848e-05
38.58824391882041	4.67001e-05
38.608607574849806	4.53733e-05
38.628971168172299	4.62781e-05
38.649334685653564	4.85343e-05
38.669698137187552	4.54998e-05
38.690061538461677	4.85353e-05
38.710424945088178	4.54759e-05
38.73078840926852	4.4026e-05
38.751151944648186	4.55244e-05
38.77151556338918	4.71599e-05
38.791879248503875	4.35896e-05
38.812242955058323	4.75396e-05
38.832606627933359	4.38244e-05
38.852970244933687	4.66434e-05
38.873333779498601	4.35931e-05
38.893697243112555	4.69499e-05
38.914060650638397	4.72883e-05
38.934424045550308	4.59968e-05
38.954787485416233	4.47568e-05
38.975150990315939	4.56957e-05
38.995514580159778	4.79972e-05
39.015878251342912	4.49849e-05
39.036241968124166	4.81886e-05
39.05660566493308	4.51025e-05
39.076969297762268	4.36367e-05
39.09733285748483	4.53183e-05
39.117696339893982	4.68809e-05
39.138059769897254	4.32711e-05
39.158423168275519	4.74027e-05
39.178786593294895	4.35805e-05
39.199150071306121	4.62616e-05
39.219513639615137	4.33289e-05
39.239877290134309	4.66202e-05
39.260241007262657	4.68439e-05
39.280604720499305	4.56078e-05
39.300968377535071	4.43191e-05
39.321331962909277	4.52776e-05
39.34169546503513	4.75815e-05
39.362058899498166	4.44274e-05
39.382422295032171	4.77614e-05
39.402785699674283	4.46668e-05
39.423149144502062	4.76895e-05
39.443512677864739	4.4657e-05
39.463876298338178	4.81238e-05
39.484239998019646	4.83592e-05
39.504603722191803	4.7249e-05
39.524967403267901	4.57663e-05
39.545331019390375	4.64239e-05
39.565694546320877	4.36847e-05
39.586057998308355	4.68813e-05
39.606421398078297	4.68533e-05
39.62678479495117	4.54665e-05
39.647148240119847	4.39499e-05
39.667511752455489	4.48314e-05
39.687875350300459	4.70146e-05
39.708239026923472	4.34953e-05
39.728602753043887	4.69693e-05
39.748966452469645	4.3705e-05
39.769330096373778	4.67066e-05
39.789693648428269	4.3752e-05
39.810057116799662	4.71752e-05
39.830420518232081	4.74519e-05
39.850783907296531	4.65168e-05
39.87114732915753	4.51379e-05
39.89151080872518	4.57616e-05
39.911874371598927	4.84057e-05
39.932238024797002	4.54383e-05
39.952601742349358	4.79537e-05
39.972965460072196	4.53558e-05
39.993329115595046	4.39734e-05
40.013692694523591	4.4974e-05
