0.012	5.34166e-08
0.0264	8.91966e-08
0.04368	2.01859e-07
0.0642855	5.22623e-07
0.0881494	2.62139e-08
0.115209	7.17225e-08
0.145412	1.74361e-07
0.176419	2.22382e-07
0.206965	1.87496e-07
0.237206	1.57779e-07
0.267275	1.38748e-07
0.297172	1.22892e-07
0.326767	1.07536e-07
0.356065	9.359e-08
0.385065	8.18265e-08
0.413802	7.2402e-08
0.442322	6.52163e-08
0.470609	5.85563e-08
0.498713	5.36711e-08
0.526637	4.94058e-08
0.554397	4.55394e-08
0.582024	4.24932e-08
0.609503	9.48799e-07
0.636859	8.88084e-07
0.664022	8.18039e-07
0.691016	7.55629e-07
0.71784	6.99765e-07
0.74451	6.48636e-07
0.771029	6.05107e-07
0.797406	5.6405e-07
0.823649	5.27385e-07
0.849761	4.95111e-07
0.875753	4.64579e-07
0.901624	4.37445e-07
0.927388	4.12757e-07
0.95304	3.89604e-07
0.978595	3.69374e-07
1.00405	3.49624e-07
1.02941	3.32587e-07
1.05468	3.16037e-07
1.07985	3.00063e-07
1.10493	2.85418e-07
1.12991	2.71719e-07
1.1548	2.59166e-07
1.17961	2.46996e-07
1.20432	2.36175e-07
1.22896	2.25706e-07
1.25352	2.1611e-07
1.27799	2.07035e-07
1.3024	1.98727e-07
1.32673	1.90798e-07
1.35098	1.83476e-07
1.37517	1.7646e-07
1.3993	1.69897e-07
1.42335	1.63803e-07
1.44735	1.5788e-07
1.47128	1.52245e-07
1.49515	1.46956e-07
1.51897	1.41935e-07
1.54273	1.37053e-07
1.56643	1.32474e-07
1.59007	1.27967e-07
1.61366	1.23487e-07
1.63718	1.19288e-07
1.66065	1.15264e-07
1.68407	1.11329e-07
1.70743	1.07632e-07
1.73074	1.04115e-07
1.754	1.00719e-07
1.7772	9.7498e-08
1.80036	9.44068e-08
1.82347	9.14201e-08
1.84653	8.85888e-08
1.86954	8.59135e-08
1.89251	8.32695e-08
1.91543	8.07966e-08
1.93832	7.84852e-08
1.96115	7.61658e-08
1.98395	7.40067e-08
2.006708	7.19857e-08
2.029425	6.99389e-08
2.052103	6.80556e-08
2.074742	6.62538e-08
2.097341	6.44505e-08
2.119901	6.27636e-08
2.142422	6.11358e-08
2.164905	5.96023e-08
2.187351	5.81706e-08
2.209761	5.67713e-08
2.232135	5.54768e-08
2.254474	5.43141e-08
2.276778	5.3127e-08
2.299048	5.20762e-08
2.321285	5.10971e-08
2.34349	5.01714e-08
2.365662	4.93507e-08
2.387802	4.85667e-08
2.409911	4.73551e-08
2.431987	4.69485e-08
2.454033	4.68742e-08
2.476048	4.69461e-08
2.498033	4.68752e-08
2.519988	4.65569e-08
2.541915	4.60675e-08
2.563812	9.98044e-07
2.585681	9.76766e-07
2.607523	9.57513e-07
2.629337	9.39458e-07
2.651124	9.24897e-07
2.672885	9.11671e-07
2.69462	9.0001e-07
2.716329	8.89536e-07
2.738012	8.76885e-07
2.759671	8.64541e-07
2.781305	8.50476e-07
2.802915	8.35264e-07
2.824501	8.19779e-07
2.846063	8.01744e-07
2.867602	7.84009e-07
2.889118	7.65447e-07
2.910612	7.46289e-07
2.932084	7.27262e-07
2.953533	7.0608e-07
2.974961	6.85303e-07
2.996368	6.63702e-07
3.017753	6.41971e-07
3.039118	6.21174e-07
3.060463	5.99471e-07
3.081787	5.79576e-07
3.103092	5.60305e-07
3.124376	5.42402e-07
3.145642	5.26548e-07
3.166888	5.10762e-07
3.188116	4.97961e-07
3.209325	4.86473e-07
3.230516	4.7729e-07
3.251689	4.69685e-07
3.272844	4.61615e-07
3.293982	4.54778e-07
3.315102	4.46914e-07
3.336206	4.396e-07
3.357293	4.32138e-07
3.378364	4.24648e-07
3.399419	4.1773e-07
3.420458	4.09599e-07
3.441481	4.02468e-07
3.46249	3.94678e-07
3.483483	3.87389e-07
3.504463	3.80204e-07
3.525427	3.72733e-07
3.546378	3.66381e-07
3.567315	3.58134e-07
3.588238	3.51444e-07
3.609148	3.43691e-07
3.630044	3.36605e-07
3.650927	3.29374e-07
3.671797	3.21923e-07
3.692654	3.15101e-07
3.713499	3.07657e-07
3.734332	3.00446e-07
3.755152	2.94307e-07
3.77596	2.87864e-07
3.796755	2.81468e-07
3.817539	2.75054e-07
3.838311	2.68585e-07
3.859071	2.61934e-07
3.879818	2.55605e-07
3.900554	2.48544e-07
3.921278	2.41892e-07
3.94199	2.34627e-07
3.96269	2.27409e-07
3.983378	2.19813e-07
4.0040539	2.1216e-07
4.0247181	2.04251e-07
4.0453707	1.96284e-07
4.0660121	1.88315e-07
4.0866425	1.80162e-07
4.1072621	1.72375e-07
4.1278713	1.64066e-07
4.1484705	1.56328e-07
4.1690599	1.48277e-07
4.1896399	1.40684e-07
4.2102109	1.33081e-07
4.2307729	1.25865e-07
4.2513263	1.1876e-07
4.2718713	1.12064e-07
4.2924084	1.05585e-07
4.3129377	9.9404e-08
4.3334596	9.35663e-08
4.3539744	8.79334e-08
4.3744824	8.27818e-08
4.3949838	7.77052e-08
4.4154788	7.32139e-08
4.4359678	6.8671e-08
4.456451	6.48088e-08
4.4769286	6.08596e-08
4.4974008	5.76069e-08
4.5178679	5.43325e-08
4.5383301	5.16543e-08
4.5587876	4.90146e-08
4.5792406	4.68975e-08
4.5996894	4.49058e-08
4.6201341	4.33412e-08
4.640575	4.20731e-08
4.6610122	4.09633e-08
4.6814459	3.97848e-08
4.7018763	3.89379e-08
4.7223035	3.80125e-08
4.7427278	3.72531e-08
4.7631493	3.64745e-08
4.783568	3.58338e-08
4.8039842	3.50637e-08
4.8243979	3.44704e-08
4.8448093	3.37706e-08
4.8652185	3.31748e-08
4.8856256	3.25409e-08
4.9060306	3.19354e-08
4.9264337	3.12983e-08
4.946835	3.06762e-08
4.9672345	3.00014e-08
4.9876323	2.93883e-08
5.0080286	2.87731e-08
5.0284233	2.80914e-08
5.0488167	2.74297e-08
5.0692087	9.83516e-07
5.0895993	9.59105e-07
5.1099888	9.34251e-07
5.1303771	9.09569e-07
5.1507643	8.84877e-07
5.1711504	8.6035e-07
5.1915355	8.3609e-07
5.2119197	8.1181e-07
5.2323029	7.88028e-07
5.2526853	7.63967e-07
5.2730668	7.40605e-07
5.2934476	7.17427e-07
5.3138275	6.94403e-07
5.3342068	6.72121e-07
5.3545854	6.49583e-07
5.3749633	6.2785e-07
5.3953406	6.06107e-07
5.4157173	5.85342e-07
5.4360934	5.64382e-07
5.456469	5.44455e-07
5.4768441	5.24652e-07
5.4972187	5.05628e-07
5.5175928	4.86859e-07
5.5379665	4.68832e-07
5.5583397	4.51351e-07
5.5787126	4.34394e-07
5.599085	4.17961e-07
5.6194571	4.02251e-07
5.6398288	3.86876e-07
5.6602002	3.72248e-07
5.6805713	3.57756e-07
5.700942	3.4433e-07
5.7213125	3.30749e-07
5.7416826	3.18074e-07
5.7620525	3.05538e-07
5.7824221	2.93382e-07
5.8027915	2.81645e-07
5.8231607	2.70948e-07
5.8435296	2.60585e-07
5.8638983	2.5024e-07
5.8842667	2.40355e-07
5.904635	2.30618e-07
5.9250031	2.2127e-07
5.945371	2.13175e-07
5.9657387	2.04707e-07
5.9861063	1.96333e-07
6.00647367	1.88194e-07
6.02684089	1.80577e-07
6.04720797	1.73923e-07
6.0675749	1.66793e-07
6.08794169	1.59563e-07
6.10830834	1.52969e-07
6.12867487	1.46598e-07
6.14904127	1.40229e-07
6.16940756	1.34415e-07
6.18977373	1.28806e-07
6.21013979	1.23568e-07
6.23050575	1.18426e-07
6.25087161	1.1335e-07
6.27123737	1.08631e-07
6.29160303	1.04039e-07
6.31196861	9.95928e-08
6.33233411	9.54198e-08
6.35269952	9.13825e-08
6.37306485	8.75088e-08
6.3934301	8.38215e-08
6.41379529	8.03006e-08
6.4341604	7.69124e-08
6.45452545	7.3669e-08
6.47489043	7.05332e-08
6.49525535	6.76264e-08
6.51562022	6.46902e-08
6.53598502	6.20623e-08
6.55634978	5.9294e-08
6.57671448	5.6952e-08
6.59707913	4.90284e-08
6.61744374	4.71702e-08
6.63780831	4.56179e-08
6.65817283	4.42212e-08
6.67853732	4.27795e-08
6.69890177	4.14434e-08
6.71926618	4.00382e-08
6.73963056	3.86064e-08
6.75999491	3.71399e-08
6.78035922	3.56692e-08
6.8007235	3.42164e-08
6.82108775	3.27516e-08
6.84145197	3.13283e-08
6.86181617	2.99376e-08
6.88218034	2.86273e-08
6.90254448	2.74253e-08
6.9229086	2.63316e-08
6.94327269	2.52432e-08
6.96363677	2.42035e-08
6.98400082	2.32289e-08
7.00436485	2.23659e-08
7.02472885	2.16327e-08
7.04509285	2.09198e-08
7.06545682	2.01213e-08
7.08582077	1.93158e-08
7.10618471	1.85764e-08
7.12654863	1.80012e-08
7.14691254	1.75016e-08
7.16727643	1.68934e-08
7.18764031	1.62618e-08
7.20800417	1.56887e-08
7.22836802	1.52085e-08
7.24873186	1.48064e-08
7.26909569	1.44288e-08
7.2894595	1.39355e-08
7.30982331	9.64527e-07
7.33018711	9.63085e-07
7.35055089	9.47704e-07
7.37091466	9.40059e-07
7.39127843	9.41087e-07
7.41164219	9.41797e-07
7.43200593	9.43449e-07
7.45236967	9.57839e-07
7.4727334	9.7895e-07
7.49309713	2.12886e-08
7.51346084	9.9828e-07
7.53382455	2.30457e-08
7.55418826	2.31207e-08
7.57455196	9.89652e-07
7.59491565	2.48426e-08
7.61527934	2.50442e-08
7.63564302	2.47228e-08
7.6560067	9.85531e-07
7.67637037	2.76648e-08
7.69673403	2.84466e-08
7.71709769	2.88654e-08
7.73746135	2.9484e-08
7.757825	2.98979e-08
7.77818864	3.0634e-08
7.79855229	3.16694e-08
7.81891593	3.32556e-08
7.83927957	3.36566e-08
7.8596432	3.48144e-08
7.88000684	3.63259e-08
7.90037046	3.75486e-08
7.92073409	3.88779e-08
7.94109771	4.09661e-08
7.96146133	4.34316e-08
7.98182494	4.51589e-08
8.002188551	4.72498e-08
8.02255216	5.01849e-08
8.042915766	5.23952e-08
8.06327937	5.46323e-08
8.083642972	5.82229e-08
8.104006571	6.17328e-08
8.124370169	6.44799e-08
8.144733765	6.7795e-08
8.16509736	7.1518e-08
8.185460954	7.49161e-08
8.205824548	7.79529e-08
8.22618814	8.23777e-08
8.246551731	8.70603e-08
8.266915321	9.10399e-08
8.287278908	9.54276e-08
8.307642492	1.01242e-07
8.328006072	1.06613e-07
8.348369649	1.11104e-07
8.368733224	1.16854e-07
8.389096797	1.23528e-07
8.40946037	1.28581e-07
8.429823944	1.34752e-07
8.450187521	1.42072e-07
8.470551101	1.49835e-07
8.490914683	1.58152e-07
8.511278265	1.66692e-07
8.531641845	1.75575e-07
8.55200542	1.84163e-07
8.57236899	1.93423e-07
8.592732554	2.02835e-07
8.613096113	2.11934e-07
8.633459668	2.24142e-07
8.653823225	2.38076e-07
8.674186786	2.51278e-07
8.694550353	2.64281e-07
8.71491393	2.79628e-07
8.735277513	2.9482e-07
8.755641099	3.06624e-07
8.776004682	3.21457e-07
8.796368257	3.41081e-07
8.81673182	3.59752e-07
8.837095369	3.80398e-07
8.857458906	4.06399e-07
8.877822438	4.28878e-07
8.898185973	4.48389e-07
8.918549517	4.73414e-07
8.938913079	4.95349e-07
8.95927666	5.23514e-07
8.97964026	5.59316e-07
9.000003871	5.91422e-07
9.020367481	6.31385e-07
9.040731076	6.71816e-07
9.061094641	6.99734e-07
9.081458172	7.41354e-07
9.101821671	7.88284e-07
9.122185152	8.28034e-07
9.142548634	8.86955e-07
9.162912138	9.5681e-07
9.18327568	3.94504e-08
9.203639268	4.2178e-08
9.224002903	4.42204e-08
9.24436657	4.64053e-08
9.264730246	4.98826e-08
9.285093899	5.37593e-08
9.305457494	6.00328e-08
9.325821017	5.86232e-08
9.346184486	6.31317e-08
9.36654792	5.95329e-08
9.386911349	6.10469e-08
9.407274824	6.49106e-08
9.42763836	6.22981e-08
9.448001951	6.65874e-08
9.468365589	6.45663e-08
9.488729255	6.55802e-08
9.509092905	6.75558e-08
9.529456522	6.38059e-08
9.549820088	6.39737e-08
9.570183592	6.65862e-08
9.590547057	6.49564e-08
9.610910505	6.23361e-08
9.631273966	6.35033e-08
9.65163748	6.33916e-08
9.672001057	6.0681e-08
9.692364678	6.08075e-08
9.712728325	5.8179e-08
9.733091976	5.90871e-08
9.753455593	6.14718e-08
9.773819162	5.90043e-08
9.794182684	5.59988e-08
9.814546158	5.64608e-08
9.834909615	5.58927e-08
9.855273074	5.4539e-08
9.875636563	5.59102e-08
9.896000112	5.70734e-08
9.916363724	5.59268e-08
9.936727369	5.58486e-08
9.957091022	5.47492e-08
9.977454658	5.48633e-08
9.9978182462	5.56014e-08
10.018181781	5.52958e-08
10.038545276	5.57095e-08
10.05890874	5.51844e-08
10.079272183	5.63014e-08
10.099635651	5.65148e-08
10.119999168	5.39415e-08
10.140362738	5.26868e-08
10.160726361	5.41532e-08
10.181090022	5.61813e-08
10.201453664	5.64812e-08
10.221817265	5.43847e-08
10.24218082	5.23811e-08
10.262544327	5.36452e-08
10.282907811	5.41204e-08
10.303271285	5.42266e-08
10.323634756	5.4968e-08
10.343998258	5.50932e-08
10.364361803	5.53229e-08
10.384725393	5.42515e-08
10.40508902	5.43771e-08
10.425452668	5.65751e-08
10.445816282	5.65144e-08
10.466179847	5.43842e-08
10.486543366	5.31841e-08
10.506906848	5.39551e-08
10.527270312	5.69783e-08
10.547633798	5.76751e-08
10.567997312	5.53097e-08
10.588360855	5.38529e-08
10.608724435	5.50535e-08
10.629088049	5.71165e-08
10.649451675	5.84392e-08
10.669815299	5.86933e-08
10.690178877	5.79376e-08
10.710542403	5.82025e-08
10.730905881	5.93957e-08
10.751269345	5.99423e-08
10.771632829	5.84837e-08
10.791996345	5.72058e-08
10.81235989	5.87217e-08
10.832723468	6.18739e-08
10.853087073	6.196e-08
10.873450685	5.94296e-08
10.893814294	5.83047e-08
10.914177883	5.99082e-08
10.93454142	6.27027e-08
10.954904909	6.35133e-08
10.975268378	6.09452e-08
10.995631848	5.95966e-08
11.015995343	6.12116e-08
11.036358894	6.10228e-08
11.056722479	6.16282e-08
11.077086092	6.34366e-08
11.097449711	6.39314e-08
11.117813316	6.1988e-08
11.138176899	6.07604e-08
11.15854045	6.15384e-08
11.178903941	6.44185e-08
11.199267399	6.47237e-08
11.219630861	6.30369e-08
11.239994345	6.20942e-08
11.260357876	6.40461e-08
11.280721466	6.31276e-08
11.301085084	6.29112e-08
11.321448707	6.10978e-08
11.34181232	6.25389e-08
11.362175907	6.51328e-08
11.382539455	6.56507e-08
11.402902966	6.20256e-08
11.423266432	6.01879e-08
11.443629877	6.07478e-08
11.463993347	6.18295e-08
11.484356861	6.3764e-08
11.504720438	6.23764e-08
11.525084064	6.24512e-08
11.545447707	6.23428e-08
11.565811333	6.12193e-08
11.586174929	6.26023e-08
11.606538478	6.35183e-08
11.626901984	6.49782e-08
11.647265457	6.13633e-08
11.667628898	6.12921e-08
11.687992337	6.20169e-08
11.708355824	6.34918e-08
11.728719379	6.29462e-08
11.749082996	6.25658e-08
11.769446651	6.26424e-08
11.789810294	5.92432e-08
11.810173907	6.04738e-08
11.830537468	6.01542e-08
11.850900978	6.26807e-08
11.871264447	6.48099e-08
11.891627892	6.20706e-08
11.911991341	5.75342e-08
11.932354817	5.71637e-08
11.952718344	6.04038e-08
11.973081939	6.20521e-08
11.99344559434	6.3175e-08
12.01380925529	5.84382e-08
12.03417289179	5.84606e-08
12.05453648076	5.95593e-08
12.07490000782	6.21378e-08
12.09526348889	6.14169e-08
12.11562694407	6.06321e-08
12.13599037609	6.04529e-08
12.15635383144	5.71953e-08
12.17671733008	5.87726e-08
12.19708089675	5.971e-08
12.21744452651	6.25541e-08
12.23780820658	6.39331e-08
12.25817186695	6.00286e-08
12.27853547415	5.65616e-08
12.29889902237	5.67215e-08
12.31926251112	6.13146e-08
12.33962596611	6.21845e-08
12.35998940793	6.30945e-08
12.38035284084	6.24142e-08
12.40071631628	5.9548e-08
12.42107985784	5.94004e-08
12.44144346227	6.12228e-08
12.46180712183	6.42814e-08
12.48217079302	6.19227e-08
12.50253443125	6.17267e-08
12.52289800715	5.75216e-08
12.54326151994	6.08989e-08
12.56362497754	6.55984e-08
12.58398841843	6.60442e-08
12.60435187275	6.18966e-08
12.62471534467	5.93022e-08
12.64507885982	5.98311e-08
12.665442439	6.23745e-08
12.68580607513	6.55635e-08
12.7061697389	6.35084e-08
12.72653339076	6.44643e-08
12.74689698692	5.77386e-08
12.76726052176	5.96579e-08
12.78762399747	6.41748e-08
12.80798744572	6.6157e-08
12.82835090632	6.34716e-08
12.84871437559	6.16107e-08
12.86907787691	6.01626e-08
12.88944143612	6.01762e-08
12.90980505083	6.42922e-08
12.93016869997	6.37489e-08
12.95053235982	6.58987e-08
12.97089597196	5.89559e-08
12.9912595269	6.00094e-08
13.01162302148	6.23762e-08
13.03198648033	6.55351e-08
13.05234994077	6.42806e-08
13.07271341256	6.37531e-08
13.09307690579	6.19635e-08
13.11344044901	5.95042e-08
13.13380404338	6.30588e-08
13.15416767578	6.37654e-08
13.17453132941	6.68249e-08
13.19489495271	6.15191e-08
13.21525852353	6.12911e-08
13.23562203445	6.23206e-08
13.25598550384	6.47044e-08
13.27634896623	6.46607e-08
13.29671244231	6.49527e-08
13.31707593321	6.45153e-08
13.33743946613	6.01985e-08
13.35780304472	6.23151e-08
13.37816666195	6.31172e-08
13.39853029428	6.28116e-08
13.41889392135	6.28608e-08
13.43925750265	6.14549e-08
13.45962102575	6.27039e-08
13.47998450311	6.26913e-08
13.5003479667	6.32551e-08
13.52071143701	6.47204e-08
13.54107493074	6.58756e-08
13.56143845968	6.05125e-08
13.58180202889	6.27626e-08
13.60216563541	6.20292e-08
13.62252925954	6.27663e-08
13.64289288686	6.35869e-08
13.6632564835	6.37997e-08
13.68362002358	5.87686e-08
13.70398351206	6.09279e-08
13.72434697794	6.02459e-08
13.74471044149	6.49794e-08
13.76507393006	6.74626e-08
13.7854374548	6.28367e-08
13.80580101807	5.9168e-08
13.82616461551	5.90566e-08
13.8465282397	6.29182e-08
13.86689186547	6.55327e-08
13.88725547992	6.73847e-08
13.90761903678	6.05668e-08
13.92798253824	6.2322e-08
13.94834600806	6.01526e-08
13.96870946542	6.45136e-08
13.98907293789	6.90144e-08
14.0094364577312	6.6168e-08
14.0298000130973	6.14305e-08
14.0501636013946	6.08571e-08
14.0705272175708	6.2568e-08
14.0908908398268	6.65665e-08
14.1112544558006	6.91671e-08
14.131618032832	6.30863e-08
14.1519815536864	6.49081e-08
14.1723450349716	6.04565e-08
14.1927085077246	6.01709e-08
14.2130719896849	6.31142e-08
14.2334355040105	6.51185e-08
14.2537990549689	6.04773e-08
14.2741626356452	6.12937e-08
14.2945262384683	5.71369e-08
14.31488985414	6.18576e-08
14.3352534688751	6.64489e-08
14.3556170600466	6.4137e-08
14.3759805997988	6.0616e-08
14.3963440939232	5.92942e-08
14.4167075575528	5.97863e-08
14.4370710296378	6.44176e-08
14.4574345273653	6.74277e-08
14.4777980714691	6.2323e-08
14.4981616426774	6.47737e-08
14.5185252369021	5.96521e-08
14.5388888459439	6.14028e-08
14.5592524577909	6.82717e-08
14.5796160513772	6.75996e-08
14.5999796099103	6.39183e-08
14.6203431219358	6.20772e-08
14.6407065980394	6.2358e-08
14.661070072973	6.48415e-08
14.6814335632932	6.8357e-08
14.7017970968586	6.43289e-08
14.7221606625634	6.72887e-08
14.7425242495702	6.12676e-08
14.7628878511626	6.14669e-08
14.7832514573138	6.81105e-08
14.8036150489136	6.92933e-08
14.8239786175551	6.52416e-08
14.8443421450529	6.52873e-08
14.864705633971	6.40488e-08
14.8850691134089	6.37011e-08
14.9054325990543	6.89778e-08
14.9257961207536	6.65157e-08
14.946159684211	6.38211e-08
14.9665232657805	6.2416e-08
14.9868868609564	6.1709e-08
15.0072504552867	6.30108e-08
15.0276140424889	6.71559e-08
15.0479776114859	6.31797e-08
15.0683411540567	6.66993e-08
15.0887046650757	5.99865e-08
15.1090681553673	6.07439e-08
15.1294316430273	6.61617e-08
15.1497951588092	6.74972e-08
15.1701587138572	6.45897e-08
15.1905222925003	6.4632e-08
15.2108858824712	6.29947e-08
15.2312494716142	6.23194e-08
15.2516130543978	6.75517e-08
15.2719766214649	6.53747e-08
15.2923401732238	6.8523e-08
15.3127036979845	6.29726e-08
15.3330672000747	6.3134e-08
15.3534306944438	6.60965e-08
15.3737942095462	6.93024e-08
15.3941577577945	6.6529e-08
15.4145213355139	6.72053e-08
15.4348849216765	6.63426e-08
15.45524850525	6.27646e-08
15.4756120814072	6.77336e-08
15.495975642631	6.70186e-08
15.5163391908779	6.47799e-08
15.5367027230994	6.52218e-08
15.5570662339046	6.30896e-08
15.5774297450285	6.11332e-08
15.5977932655151	6.65432e-08
15.6181568125271	6.41405e-08
15.6385203870374	6.76935e-08
15.6588839749237	6.85031e-08
15.6792475573766	6.34637e-08
15.6996111267042	6.32813e-08
15.7199746823757	6.55243e-08
15.7403382259043	6.29719e-08
15.7607017621585	6.67617e-08
15.7810652801503	6.61092e-08
15.8014287964864	6.22949e-08
15.821792319031	6.66206e-08
15.8421558642616	6.58947e-08
15.8625194337963	6.42814e-08
15.882883019138	6.49785e-08
15.9032465996451	6.31416e-08
15.9236101656193	6.10165e-08
15.9439737165965	6.57919e-08
15.9643372553651	6.36407e-08
15.9847007880873	6.7469e-08
16.005064314530316	6.85333e-08
16.025427839609687	6.34378e-08
16.04579137674909	6.29825e-08
16.066154928540364	6.49547e-08
16.086518499374051	6.79346e-08
16.10688208618156	6.77718e-08
16.127245666527617	6.2776e-08
16.147609230362654	6.14676e-08
16.167972775362568	6.47008e-08
16.188336305943039	6.57644e-08
16.208699829769682	6.88884e-08
16.229063362225954	6.52663e-08
16.249426892833952	6.5841e-08
16.26979043628527	6.14185e-08
16.290153994274586	6.5897e-08
16.310517569997717	6.42765e-08
16.330881159280445	6.80855e-08
16.351244750972302	6.96679e-08
16.371608318197907	6.44405e-08
16.39197185989423	6.33403e-08
16.412335382109532	6.53044e-08
16.432698893389571	6.84691e-08
16.453062413546668	6.81919e-08
16.473425948927133	6.35987e-08
16.493789494909741	6.2281e-08
16.514153057483711	6.46638e-08
16.534516639141877	6.57173e-08
16.554880230238282	6.43778e-08
16.575243823183683	6.51089e-08
16.595607394502302	6.43446e-08
16.615970935547551	6.1454e-08
16.636334451774388	6.53779e-08
16.656697958581017	6.38019e-08
16.677061467975005	6.79035e-08
16.697425000215073	6.34064e-08
16.717788545713017	6.40649e-08
16.738152114435053	6.09049e-08
16.7585157023994	6.53504e-08
16.778879305258897	6.8808e-08
16.799242907282778	6.84687e-08
16.819606488282375	6.45075e-08
16.839970036551211	6.3202e-08
16.860333552418282	6.52658e-08
16.880697050888323	6.66304e-08
16.901060555309918	6.56273e-08
16.921424077232807	6.59757e-08
16.941787618659045	6.57362e-08
16.962151186926544	6.26738e-08
16.982514777911007	6.59816e-08
17.002878382193554	6.46172e-08
17.023241989741933	6.87825e-08
17.04360558048392	6.42492e-08
17.063969136288385	6.53111e-08
17.084332654687227	6.1528e-08
17.104696146418927	6.55827e-08
17.125059636619341	6.42761e-08
17.14542313992623	6.79923e-08
17.165786670837196	6.88563e-08
17.186150233136328	6.48821e-08
17.206513824231038	6.3326e-08
17.226877433842162	6.4936e-08
17.247241051135862	6.8482e-08
17.267604653008632	6.71811e-08
17.287968219559257	6.28458e-08
17.308331745606385	6.25465e-08
17.328695236693456	6.4468e-08
17.349058718163192	6.53499e-08
17.369422207417781	6.90931e-08
17.389785734480775	6.46445e-08
17.410149294179377	6.62076e-08
17.430512887223482	6.18916e-08
17.450876503864535	6.55919e-08
17.471240124672097	6.45741e-08
17.49160373716294	6.82674e-08
17.511967326855	6.94578e-08
17.532330865303908	6.55966e-08
17.552694362811767	6.38309e-08
17.573057836411969	6.51028e-08
17.593421307358419	6.8976e-08
17.613784812519363	6.79294e-08
17.634148365895022	6.39829e-08
17.65451195338137	6.32739e-08
17.674875570982135	6.50313e-08
17.695239199312432	6.58061e-08
17.715602823160292	6.94253e-08
17.735966415826166	6.52297e-08
17.756329966833551	6.72229e-08
17.776693468844488	6.23335e-08
17.797056936834789	6.57939e-08
17.817420405019448	6.48282e-08
17.837783892424273	6.84342e-08
17.858147429748726	6.3895e-08
17.878511009679787	6.55777e-08
17.898874626701371	6.67851e-08
17.919238263361208	6.69956e-08
17.939601891934981	6.63861e-08
17.959965498946893	6.71884e-08
17.980329070417046	6.80875e-08
18.000692586686572	6.43801e-08
18.021056058558223	6.7334e-08
18.041419518504881	6.59922e-08
18.061783002703194	6.49059e-08
18.082146524728248	6.55833e-08
18.102510096680152	6.59625e-08
18.122873709516856	6.25985e-08
18.143237348939454	6.56221e-08
18.163600986634325	6.43855e-08
18.183964606603347	6.7841e-08
18.204328182843785	6.36381e-08
18.224691711820988	6.56533e-08
18.245055187587646	6.65262e-08
18.265418638606299	6.66345e-08
18.285782104381052	6.61206e-08
18.306145602653789	6.69172e-08
18.326509152774403	6.82959e-08
18.346872758864571	6.45198e-08
18.367236400991022	6.755e-08
18.38760005104929	6.61272e-08
18.407963677795411	6.49911e-08
18.428327269705346	6.57607e-08
18.448690815872759	6.65773e-08
18.469054308111442	6.27688e-08
18.489417761853009	6.57036e-08
18.509781217426724	6.42945e-08
18.530144696567966	6.77122e-08
18.550508234382271	6.38141e-08
18.570871830881437	6.61022e-08
18.591235471593642	6.65668e-08
18.611599130648568	6.63138e-08
18.631962773106508	6.58346e-08
18.65232638325195	6.66512e-08
18.672689945657726	6.84216e-08
18.693053451693164	6.4486e-08
18.713416916117637	6.25757e-08
18.733780362846996	6.39216e-08
18.754143820792596	6.70791e-08
18.774507333772565	6.60365e-08
18.79487090765868	6.86484e-08
18.815234536183535	6.24346e-08
18.835598194881722	6.56333e-08
18.855961847689553	6.41213e-08
18.876325475301879	6.77084e-08
18.896689048415144	6.44113e-08
18.917052568656807	6.67711e-08
18.937416033383958	6.69553e-08
18.957779471345752	6.62871e-08
18.978142926667076	6.56098e-08
18.998506419082386	6.65925e-08
19.018869969709424	6.87998e-08
19.039233588982782	6.47741e-08
19.059597249947831	6.7726e-08
19.079960915854745	6.52919e-08
19.100324550297486	6.42474e-08
19.12068814081254	6.51415e-08
19.141051676253102	6.69017e-08
19.161415159825257	6.2528e-08
19.181778602308832	6.56009e-08
19.202142048347902	6.32323e-08
19.222505521441327	6.68807e-08
19.242869059343374	6.3956e-08
19.263232662128292	6.64265e-08
19.283596321755777	6.65497e-08
19.303959998235012	6.56689e-08
19.324323650957361	6.47026e-08
19.344687262713553	6.58518e-08
19.365050816989946	6.8473e-08
19.385414310316893	6.48156e-08
19.405777756082614	6.74337e-08
19.426141190358308	6.48509e-08
19.446504657601846	6.36649e-08
19.466868173575662	6.46229e-08
19.487231753884561	6.6844e-08
19.507595396759108	6.25517e-08
19.527959073033518	6.54344e-08
19.548322737534924	6.25407e-08
19.568686368770202	6.61957e-08
19.589049935808166	6.36788e-08
19.609413441892517	6.61867e-08
19.629776895323829	6.65579e-08
19.650140324085889	6.53095e-08
19.670503774254556	6.37771e-08
19.690867266152907	6.5149e-08
19.711230821323472	6.79891e-08
19.73159444925788	6.47541e-08
19.751958129550523	6.718e-08
19.772321811423804	6.41956e-08
19.792685453987765	6.28202e-08
19.813049044105917	6.3948e-08
19.833412570544095	6.64318e-08
19.853776041146514	6.25024e-08
19.874139476399382	6.50444e-08
19.894502917532012	6.16821e-08
19.914866389010324	6.52758e-08
19.935229917975168	6.82814e-08
19.955593524848609	6.61223e-08
19.975957187774572	6.30494e-08
19.996320874733271	6.3826e-08
20.016684550120743	6.5283e-08
20.037048167043981	6.57356e-08
20.057411710621192	6.50016e-08
20.077775192388618	6.38669e-08
20.098138628917507	6.48678e-08
20.118502059399074	6.35874e-08
20.138865508986495	6.5855e-08
20.159229023465087	6.3989e-08
20.179592607100602	6.77508e-08
20.199956255604565	6.24073e-08
20.220319945486132	6.49974e-08
20.240683620766543	6.14384e-08
20.261047257663286	6.48797e-08
20.281410832167804	6.81504e-08
20.301774331879244	6.62231e-08
20.322137783429373	6.34212e-08
20.342501213903304	6.38835e-08
20.362864648280748	6.48326e-08
20.383228138828642	6.48818e-08
20.403591704894403	6.44292e-08
20.423955336667486	6.33904e-08
20.444319020110335	6.46949e-08
20.464682706780074	6.30108e-08
20.4850463639211	6.47825e-08
20.505409951332151	6.30603e-08
20.525773468251913	6.68109e-08
20.546136926719758	6.20015e-08
20.566500353084983	6.48089e-08
20.58686379300913	6.07455e-08
20.60722726687111	6.39748e-08
20.627590801128761	6.72602e-08
20.64795441391718	6.56097e-08
20.668318080979176	6.32021e-08
20.688681773855972	6.37711e-08
20.709045453473365	6.43148e-08
20.729409068646017	6.39049e-08
20.749772611419541	6.82346e-08
20.770136084134176	6.35867e-08
20.790499510875151	6.68461e-08
20.810862941363315	6.29715e-08
20.831226395769434	6.46766e-08
20.851589903591321	6.77425e-08
20.871953493155498	6.74752e-08
20.892317147946429	6.51398e-08
20.91268084099665	6.52842e-08
20.933044522143433	6.0772e-08
20.953408158996417	6.36247e-08
20.973771726877139	6.6642e-08
20.994135216182315	6.47382e-08
21.014498647231765	6.82802e-08
21.034862066938341	6.42593e-08
21.055225523493107	6.07439e-08
21.075589028270947	6.15488e-08
21.09595260010617	6.50778e-08
21.11631624217042	6.26646e-08
21.13667993192826	6.57922e-08
21.157043622219458	6.16015e-08
21.177407283408883	6.35837e-08
21.197770879675883	6.59899e-08
21.218134389519353	6.56645e-08
21.238497836775693	6.39072e-08
21.258861251796009	6.44386e-08
21.279224689518124	5.96485e-08
21.299588170345064	6.2749e-08
21.319951714716868	6.53319e-08
21.340315336185814	6.35088e-08
21.360679016026531	6.72787e-08
21.381042711383849	6.39538e-08
21.401406374446395	6.00543e-08
21.421769982472028	6.06432e-08
21.442133515127527	6.38527e-08
21.462496976693785	6.16288e-08
21.482860393048234	6.48034e-08
21.503223817820857	6.09625e-08
21.523587279345897	6.28063e-08
21.543950801098713	6.47738e-08
21.564314404308888	6.40732e-08
21.584678068102271	6.26132e-08
21.60504176411683	6.35259e-08
21.625405459474745	6.46365e-08
21.645769099746477	6.23906e-08
21.666132665713675	6.61007e-08
21.686496148420083	6.22923e-08
21.706859570535677	6.63286e-08
21.727222982663253	6.3796e-08
21.747586416941004	6.47201e-08
21.767949909192897	6.67469e-08
21.788313486009717	6.61805e-08
21.808677133241211	6.39502e-08
21.82904082416303	6.44767e-08
21.84940450995434	6.13183e-08
21.869768163850789	6.31965e-08
21.890131757987671	6.4861e-08
21.910495265390686	6.29707e-08
21.930858711015972	6.14061e-08
21.951222125836654	6.26305e-08
21.971585546894623	6.35895e-08
21.991949032552363	6.10021e-08
22.012312594521671	6.48744e-08
22.032676231675797	6.02916e-08
22.053039921498861	6.43582e-08
22.073403617439212	6.21157e-08
22.093767290316517	6.34647e-08
22.11413090833793	6.53908e-08
22.134494442141261	6.43717e-08
22.154857900803545	6.24874e-08
22.175221313392186	6.3053e-08
22.195584715794094	6.57325e-08
22.215948170867208	6.32951e-08
22.236311697438328	6.62213e-08
22.256675313076805	6.18304e-08
22.277038993220245	6.57281e-08
22.297402693861933	6.36526e-08
22.317766383220821	6.51269e-08
22.338130025571573	6.73629e-08
22.358493582187311	6.62284e-08
22.378857061052425	6.26937e-08
22.399220481773654	6.37711e-08
22.419583895858359	6.17422e-08
22.439947335198902	6.29861e-08
22.460310834521337	6.4948e-08
22.480674424477382	6.32256e-08
22.501038087444623	6.072e-08
22.521401788752353	6.14837e-08
22.541765492376552	6.38347e-08
22.562129139950628	6.13927e-08
22.582492716432704	6.47319e-08
22.602856210030499	5.98822e-08
22.623219640807665	6.37385e-08
22.643583051397837	6.17544e-08
22.663946473054299	6.31173e-08
22.684309943929183	6.5675e-08
22.704673505427493	6.48073e-08
22.725037149903759	6.15209e-08
22.745400850564987	6.22871e-08
22.765764552275609	6.02473e-08
22.786128222006329	6.17464e-08
22.806491828034719	6.38408e-08
22.826855346473121	6.19706e-08
22.847218799590618	5.95545e-08
22.867582217501894	6.03643e-08
22.887945634097271	6.22928e-08
22.908309106293434	6.00658e-08
22.92867264901551	6.37037e-08
22.949036275302998	5.86646e-08
22.969399965008808	6.25109e-08
22.989763671657332	6.04562e-08
23.010127361297862	6.16463e-08
23.030490993522683	6.42587e-08
23.050854533067184	6.35223e-08
23.071217994148828	6.04654e-08
23.091581405819909	6.11648e-08
23.111944803823064	6.4138e-08
23.132308252160367	6.18513e-08
23.152671765690044	6.49032e-08
23.173035367031051	6.10448e-08
23.193399040358599	6.39505e-08
23.213762745133188	6.17512e-08
23.234126447919824	6.39448e-08
23.25449010954231	6.58245e-08
23.274853677613862	6.51906e-08
23.295217156919623	6.15224e-08
23.315580573516542	6.24867e-08
23.335943981323261	6.06522e-08
23.356307414132171	6.17526e-08
23.37667090907922	6.39396e-08
23.397034492955648	6.27104e-08
23.417398150314526	5.94032e-08
23.437761852332706	6.02355e-08
23.458125564408579	6.31121e-08
23.478489225051852	6.04503e-08
23.498852815992024	6.37618e-08
23.519216312847252	5.95454e-08
23.539579735056286	6.25801e-08
23.559943132218134	6.06356e-08
23.580306540359711	6.27921e-08
23.600670001421321	6.49386e-08
23.62103356212419	6.44161e-08
23.641397207797173	6.08044e-08
23.661760910283551	6.15932e-08
23.682124636277155	6.4679e-08
23.702488321250797	6.23564e-08
23.722851940926763	6.56185e-08
23.743215467303472	6.24345e-08
23.76357890781405	6.40453e-08
23.783942303927983	6.14581e-08
23.804305693568754	6.50381e-08
23.824669145037038	6.07661e-08
23.845032677024168	6.42453e-08
23.86539630690309	6.00379e-08
23.885760004833365	6.27319e-08
23.906123740626054	6.4998e-08
23.926487447230215	6.31975e-08
23.946851076301261	6.1344e-08
23.967214620869765	6.277e-08
23.987578078687442	6.30273e-08
24.007941474296214	6.1482e-08
24.028304869266204	6.1183e-08
24.048668298354464	6.0335e-08
24.069031799320179	6.24433e-08
24.089395403838481	6.12051e-08
24.109759093951048	6.29861e-08
24.130122817491152	6.00791e-08
24.150486536959775	6.34091e-08
24.170850209303936	6.50425e-08
24.191213782934252	6.46414e-08
24.211577260378977	6.16811e-08
24.231940667272966	6.19834e-08
24.252304030937584	6.449e-08
24.27266742773709	6.29287e-08
24.29303088959303	6.63525e-08
24.313394460327938	6.37307e-08
24.333758126194521	6.04024e-08
24.354121850063009	6.07343e-08
24.374485586972728	6.34498e-08
24.394849266520666	6.10075e-08
24.415212866213007	6.43808e-08
24.435576364518589	6.08986e-08
24.455939782519607	6.2913e-08
24.476303145141401	6.47768e-08
24.496666523707098	6.36101e-08
24.517029980765866	6.18752e-08
24.537393530153125	6.30799e-08
24.557757183072273	6.45116e-08
24.578120913468052	6.26089e-08
24.598484651143629	6.20133e-08
24.618848355032487	6.13229e-08
24.639211984905074	6.36893e-08
24.659575505640507	6.31785e-08
24.679938933285644	6.47662e-08
24.700302313586253	6.10789e-08
24.720665679601389	6.47794e-08
24.741029108276663	6.04963e-08
24.761392622853592	6.44808e-08
24.781756249522203	6.13701e-08
24.802119966137091	6.34983e-08
24.822483739195025	6.56035e-08
24.842847480441502	6.40669e-08
24.863211130155808	6.21691e-08
24.883574677830214	6.36961e-08
24.903938118685954	6.49641e-08
24.924301489587016	6.32151e-08
24.944664857588347	6.24459e-08
24.965028257237616	6.14705e-08
24.985391733923858	6.36543e-08
25.005755331007084	6.34482e-08
25.026119032656361	6.48839e-08
25.046482791358319	6.15013e-08
25.066846529128842	6.06334e-08
25.087210206546306	5.93406e-08
25.107573787465157	6.2356e-08
25.127937252401914	6.11837e-08
25.148300628919007	6.31203e-08
25.168663956002622	6.54442e-08
25.189027313091845	6.36006e-08
25.209390767273558	6.1798e-08
25.229754330779979	6.33394e-08
25.250118010659651	5.9521e-08
25.270481772583135	6.26809e-08
25.290845570645399	6.50834e-08
25.311209307111348	6.21437e-08
25.331572949001824	6.59295e-08
25.35193645723302	6.41387e-08
25.372299860795703	6.06486e-08
25.392663204515063	6.15775e-08
25.413026535971451	6.40733e-08
25.433389941821957	6.0808e-08
25.453753449337011	6.44635e-08
25.474117088525951	6.16243e-08
25.494480833022898	6.36116e-08
25.514844645433637	6.60176e-08
25.535208425378862	6.40551e-08
25.555572098340242	6.22548e-08
25.575935651126475	6.36361e-08
25.596299076349741	6.51191e-08
25.616662413782411	6.41994e-08
25.637025744395114	6.36703e-08
25.657389107638647	6.15094e-08
25.677752556723014	6.40866e-08
25.698116145452584	6.45099e-08
25.718479857862278	6.49852e-08
25.738843666344923	6.80754e-08
25.759207478527276	6.7092e-08
25.779571202936921	6.39345e-08
25.799934813981277	6.44147e-08
25.820298285132495	6.24098e-08
25.840661646552995	6.46099e-08
25.861024940033911	6.68283e-08
25.881388256413263	6.45751e-08
25.901751672720469	6.27747e-08
25.92211520757122	6.38929e-08
25.942478876291563	6.51673e-08
25.962842649415744	6.41533e-08
25.983206446696908	6.38299e-08
26.003570207336136	6.11525e-08
26.023933877493128	6.37402e-08
26.044297405037394	6.39162e-08
26.064660806841896	6.44458e-08
26.085024112324486	6.75803e-08
26.105387408624846	6.67604e-08
26.125750778628653	6.37893e-08
26.146114253525365	6.37206e-08
26.166477873326201	6.19249e-08
26.186841613372415	6.45431e-08
26.207205438158997	6.66992e-08
26.227569247303006	6.44509e-08
26.247932986897357	6.7733e-08
26.268296585461627	6.58942e-08
26.288660043674508	6.23036e-08
26.309023399778891	6.3673e-08
26.329386700808669	6.60483e-08
26.349750033870851	6.22501e-08
26.370113443801682	6.57533e-08
26.390476994578464	6.36393e-08
26.41084067647148	6.43119e-08
26.431204469883731	6.74986e-08
26.451568291574503	6.68273e-08
26.471932043805786	6.33773e-08
26.492295694091176	6.33544e-08
26.512659203631063	6.14274e-08
26.533022595620114	6.37296e-08
26.553385904383227	6.59561e-08
26.573749213967687	6.39768e-08
26.594112569758529	6.66392e-08
26.614476053178155	6.44788e-08
26.634839677702924	6.13284e-08
26.655203412734359	6.26322e-08
26.675567220104927	6.486e-08
26.695931000218383	6.1629e-08
26.716294706606046	6.47533e-08
26.736658280016631	6.24362e-08
26.757021728910257	6.33057e-08
26.777385072563092	6.65972e-08
26.797748386361878	6.60106e-08
26.818111744614686	6.2414e-08
26.838475183490907	6.25974e-08
26.858838739847492	6.54524e-08
26.879202426747749	6.46626e-08
26.899566208214292	6.69625e-08
26.919930002722523	6.38169e-08
26.940293752598766	6.5921e-08
26.960657385135985	6.36999e-08
26.981020895167685	6.54327e-08
27.001384287142127	6.83763e-08
27.021747617257077	6.82577e-08
27.04211096220418	6.43022e-08
27.06247435828827	6.45353e-08
27.082837851078175	6.65468e-08
27.10320147657767	6.51344e-08
27.123565210290774	6.85391e-08
27.143928992399459	6.59811e-08
27.164292735452808	6.21518e-08
27.184656402444293	6.23955e-08
27.205019961888436	6.45862e-08
27.225383406562791	6.31569e-08
27.245746770410019	6.57772e-08
27.266110123283976	6.26001e-08
27.286473498208132	6.41771e-08
27.306836968559203	6.14135e-08
27.327200544708514	6.34924e-08
27.347564231651692	6.60611e-08
27.367927990529147	6.59896e-08
27.38829174498094	6.26122e-08
27.408655447189744	6.27095e-08
27.429019058382128	6.44493e-08
27.449382552002394	6.33563e-08
27.469745952134183	6.66736e-08
27.490109314386856	6.4353e-08
27.510472677147	6.54161e-08
27.530836085484637	6.71746e-08
27.551199603956618	6.66144e-08
27.571563236453809	6.45897e-08
27.591926953986086	6.51363e-08
27.612290699546254	6.2539e-08
27.632654421144462	6.39238e-08
27.653018073273753	6.52275e-08
27.67338161540232	6.39888e-08
27.693745060200381	6.66974e-08
27.714108447554931	6.46269e-08
27.734471840596786	6.16321e-08
27.754835264038594	6.15535e-08
27.775198755595191	6.28914e-08
27.795562348963127	6.12881e-08
27.815926028744183	6.45565e-08
27.83628975410431	6.19931e-08
27.856653481061898	6.32549e-08
27.877017158745478	6.4827e-08
27.897380737335737	6.37956e-08
27.917744219770221	6.19323e-08
27.938107633615708	6.27224e-08
27.958471013704628	6.4816e-08
27.978834420132504	6.31792e-08
27.999197878429207	6.48671e-08
28.019561430360074	6.20078e-08
28.039925068820654	6.4943e-08
28.060288767770952	6.32441e-08
28.080652492707582	6.48546e-08
28.101016190553946	6.66062e-08
28.121379803878	6.5113e-08
28.141743323350173	6.25122e-08
28.162106769211185	6.35568e-08
28.182470167988441	6.57387e-08
28.202833580034152	6.40369e-08
28.22319702465478	6.59786e-08
28.243560548692106	6.25384e-08
28.263924152526943	6.45274e-08
28.284287823138722	6.31559e-08
28.304651531360612	6.52734e-08
28.325015236491904	6.68724e-08
28.345378872169842	6.51884e-08
28.365742419934922	6.25153e-08
28.386105892711281	6.31722e-08
28.406469310055357	6.58039e-08
28.426832725349826	6.45111e-08
28.447196163690268	6.6897e-08
28.467559667076646	6.31588e-08
28.487923241463257	6.44831e-08
28.508286884228458	6.31803e-08
28.52865057136481	6.57088e-08
28.549014255414662	6.2383e-08
28.569377901311537	6.46546e-08
28.589741472758817	6.08723e-08
28.610104973442933	6.26662e-08
28.630468414975208	6.55601e-08
28.650831841443363	6.46422e-08
28.671195283069771	6.6897e-08
28.691558775316711	6.32799e-08
28.711922336875094	6.04433e-08
28.732285958221283	6.11957e-08
28.752649626491959	6.37275e-08
28.773013301906989	6.22062e-08
28.793376956075367	6.47783e-08
28.813740544348455	6.07453e-08
28.834104066309635	6.19995e-08
28.854467528001887	6.49524e-08
28.874830965600147	6.46602e-08
28.89519442357825	6.23234e-08
28.915557917384977	6.23844e-08
28.935921461593946	6.31991e-08
28.956285066803535	6.23044e-08
28.976648718541544	6.50762e-08
28.997012383669599	6.23399e-08
29.017376038550044	6.52887e-08
29.037739639119238	6.1861e-08
29.058103178594443	6.28575e-08
29.078466658507747	6.54427e-08
29.098830107921408	6.56306e-08
29.119193567962011	6.29392e-08
29.139557059330077	6.34269e-08
29.159920594161147	6.44659e-08
29.180284185977783	6.24528e-08
29.20064782351831	6.52781e-08
29.221011478393862	6.29037e-08
29.24137512884765	6.536e-08
29.261738737321714	6.25312e-08
29.282102290075006	6.35746e-08
29.302465785014309	6.55748e-08
29.322829245157468	6.57716e-08
29.343192708440025	6.29404e-08
29.363556195247764	6.37912e-08
29.383919724283253	6.53329e-08
29.404283307946592	6.2715e-08
29.424646937097258	6.55959e-08
29.445010586913412	6.3582e-08
29.465374224328926	6.12377e-08
29.485737833779044	6.16938e-08
29.506101395538654	6.27416e-08
29.526464905293693	6.06e-08
29.546828377876057	6.3241e-08
29.567191847266141	6.01614e-08
29.587555333550434	6.33091e-08
29.607918867257876	6.03666e-08
29.628282447367621	6.10741e-08
29.648646072700814	6.34995e-08
29.66900972085234	6.34458e-08
29.689373359816113	6.06938e-08
29.709736973667368	6.14862e-08
29.73010054461821	6.32512e-08
29.750464063320806	6.11264e-08
29.770827542514006	6.3663e-08
29.791191012942136	6.14114e-08
29.811554494649901	6.3943e-08
29.831918019413379	6.15792e-08
29.852281590609927	6.2772e-08
29.87264520875712	6.47777e-08
29.89300885430772	6.47933e-08
29.913372495213348	6.1693e-08
29.933736114591522	6.26329e-08
29.954099693238337	6.45227e-08
29.974463220840743	6.1752e-08
29.994826707695101	6.47766e-08
30.015190181571576	6.26741e-08
30.035553661185784	6.42479e-08
30.055917179699463	6.18791e-08
30.076280743646912	6.40417e-08
30.096644354761622	6.04745e-08
30.117007997950033	6.3286e-08
30.137371641594168	6.02621e-08
30.157735267420321	6.32587e-08
30.178098855891079	6.48151e-08
30.198462392699231	6.21822e-08
30.218825890426725	6.09785e-08
30.239189364361248	6.20923e-08
30.25955283640474	6.27433e-08
30.279916343344524	6.19981e-08
30.300279901474731	6.02087e-08
30.320643505871359	5.91425e-08
30.341007144795867	6.18349e-08
30.361370787860917	6.09768e-08
30.38173441640977	6.30727e-08
30.402098002055496	6.03409e-08
30.422461542382091	6.19835e-08
30.442825038809239	6.43185e-08
30.463188507629678	6.46243e-08
30.483551982196627	6.13123e-08
30.503915479960785	6.23165e-08
30.524279019671781	6.41448e-08
30.544642614129003	6.21021e-08
30.565006251276188	6.5561e-08
30.585369897179056	6.34692e-08
30.605733532385997	6.48274e-08
30.626097126908075	6.21516e-08
30.646460676326459	6.46438e-08
30.666824183007936	6.15717e-08
30.68718765791288	6.43709e-08
30.70755112813757	6.12342e-08
30.727914612778346	6.3969e-08
30.74827813405777	6.51781e-08
30.768641712684627	6.28007e-08
30.789005337506143	6.19916e-08
30.809368982382612	6.30394e-08
30.829732621913394	6.36708e-08
30.85009622315296	6.24993e-08
30.870459774979732	6.08833e-08
30.89082328426715	5.97243e-08
30.911186762143487	6.28938e-08
30.931550227926319	6.22096e-08
30.951913700647534	6.40163e-08
30.972277216292159	6.09547e-08
30.99264078078324	6.28328e-08
31.013004398024645	6.5367e-08
31.033368049325158	6.59676e-08
31.053731686881758	6.26146e-08
31.074095294915224	6.35688e-08
31.094458854078141	6.06982e-08
31.114822368233284	6.1217e-08
31.135185846461376	6.48173e-08
31.155549313645068	6.46806e-08
31.175912791862725	6.12708e-08
31.196276296315418	6.15838e-08
31.216639844086959	6.30309e-08
31.237003445110048	6.14866e-08
31.257367086949198	6.44779e-08
31.277730729327711	6.15519e-08
31.298094345589757	6.45066e-08
31.31845791233382	6.12457e-08
31.338821430963677	6.21017e-08
31.359184908245393	6.54039e-08
31.379548373595291	6.60938e-08
31.399911846107827	6.2691e-08
31.42027533663024	6.3518e-08
31.440638864969024	6.48595e-08
31.461002448072534	6.25911e-08
31.481366076926601	6.62333e-08
31.501729727028618	6.43299e-08
31.522093357567218	6.63063e-08
31.54245693915508	6.32462e-08
31.562820469756151	6.4682e-08
31.583183953157157	6.65764e-08
31.603547416865229	6.76975e-08
31.623910892771228	6.45835e-08
31.644274376916581	6.56076e-08
31.664637901141017	6.2122e-08
31.685001468901451	6.21343e-08
31.705365082454122	6.54418e-08
31.725728724496872	6.58803e-08
31.746092355299915	6.25682e-08
31.766455945489476	6.32016e-08
31.78681948414529	6.42138e-08
31.807182976042906	6.15443e-08
31.827546438685353	6.50006e-08
31.847909908332529	6.27744e-08
31.868273388992424	6.60207e-08
31.888636902195078	6.29669e-08
31.909000453982117	6.32099e-08
31.929364050449163	6.58537e-08
31.949727681493954	6.71927e-08
31.970091319836328	6.41409e-08
31.99045492777417	6.54278e-08
32.010818480590061	6.17156e-08
32.031181983267793	6.16031e-08
32.051545447767268	6.46316e-08
32.071908910466945	6.51255e-08
32.092272393226914	6.70947e-08
32.112635899908689	6.45393e-08
32.132999446517466	6.03526e-08
32.153363029990324	6.02521e-08
32.173726647004273	6.30891e-08
32.194090277245749	6.20207e-08
32.214453898162198	6.61298e-08
32.234817463349977	6.28706e-08
32.255180974268661	6.19519e-08
32.275544439263712	6.48607e-08
32.29590789308488	6.59583e-08
32.316271372615553	6.33757e-08
32.336634879166908	6.45089e-08
32.356998418754273	6.06937e-08
32.377361991437226	6.10026e-08
32.397725596571597	6.33127e-08
32.418089219122585	6.36088e-08
32.438452845142351	6.70206e-08
32.458816429063369	6.49219e-08
32.479179956321005	6.51397e-08
32.499543430979493	6.67514e-08
32.519906884382515	6.7378e-08
32.54027035472555	6.43589e-08
32.560633859650864	6.65989e-08
32.580997396171533	6.4058e-08
32.601360961253675	6.26223e-08
32.621724556019672	6.53018e-08
32.642088169671162	6.56717e-08
32.662451781608709	6.3507e-08
32.682815376931032	6.43493e-08
32.703178917021681	6.62528e-08
32.723542407112411	6.21377e-08
32.743905864163892	6.44997e-08
32.764269327846783	6.19046e-08
32.784632818593217	6.67793e-08
32.804996355353701	6.50687e-08
32.825359916838835	6.44086e-08
32.84572350506587	6.64721e-08
32.866087112154659	6.65089e-08
32.886450719673952	6.36646e-08
32.906814317370291	6.60076e-08
32.927177873310406	6.35506e-08
32.947541376043965	6.2614e-08
32.967904837004795	6.4626e-08
32.988268294506561	6.42222e-08
33.008631770540099	6.68099e-08
33.028995298909599	6.59851e-08
33.049358863031472	6.18068e-08
33.069722448457128	6.14044e-08
33.090086050100041	6.28044e-08
33.110449652861313	6.09759e-08
33.130813246995004	6.63217e-08
33.151176816866048	6.46347e-08
33.1715403311781	6.35703e-08
33.191903797107386	6.57316e-08
33.212267249861625	6.50529e-08
33.232630726931269	6.29461e-08
33.252994243121272	6.48572e-08
33.273357805020318	6.81331e-08
33.293721390941002	6.42879e-08
33.314084991809864	6.58639e-08
33.334448593570443	6.28228e-08
33.354812186461636	6.7134e-08
33.375175756630952	6.67777e-08
33.395539289482258	6.74749e-08
33.415902768628726	6.90505e-08
33.436266224090033	6.73773e-08
33.456629693813483	6.34268e-08
33.476993195667212	6.65804e-08
33.497356752782458	6.55561e-08
33.51772034047346	6.45373e-08
33.538083942457092	6.64649e-08
33.558447544074106	6.46227e-08
33.578811130218412	6.24087e-08
33.599174696168021	6.42485e-08
33.619538239230614	6.73907e-08
33.639901733357902	6.36557e-08
33.660265192902465	6.54581e-08
33.680628657404057	6.07782e-08
33.700992146093988	6.5866e-08
33.72135568862511	6.56477e-08
33.74171927992208	6.61017e-08
33.7620828869075	6.84883e-08
33.782446493696057	6.65618e-08
33.802810083714384	6.27294e-08
33.823173651242627	6.55465e-08
33.843537193214573	6.95211e-08
33.863900701786868	6.63558e-08
33.88426416850367	6.86971e-08
33.904627630249685	6.41729e-08
33.924991121397497	6.25895e-08
33.945354652701489	6.45994e-08
33.965718235514359	6.71704e-08
33.986081843508423	6.40411e-08
34.006445452401067	6.62838e-08
34.026809043929454	6.02297e-08
34.047172611331931	6.52007e-08
34.067536149540302	6.48916e-08
34.087899665707049	6.55757e-08
34.10826313855793	6.80527e-08
34.128626597975774	6.558e-08
34.148990079543786	6.19294e-08
34.169353596538116	6.44268e-08
34.189717163630704	6.83243e-08
34.210080778737996	6.60331e-08
34.230444397737827	6.86185e-08
34.250807999429156	6.31881e-08
34.271171574687841	6.58485e-08
34.29153511645152	6.62989e-08
34.31189863138227	6.85072e-08
34.332262125094203	6.44418e-08
34.352625592125648	6.74163e-08
34.372989070406817	6.10483e-08
34.393352575710423	6.52173e-08
34.413716126078214	6.96025e-08
34.434079729690765	6.74251e-08
34.454443350227919	6.52659e-08
34.474806957928791	6.50368e-08
34.495170539215401	6.45019e-08
34.515534083500555	6.61334e-08
34.535897598551124	6.49275e-08
34.556261096180513	6.44866e-08
34.576624566461938	6.66913e-08
34.596988041795022	6.24081e-08
34.617351539110338	6.49727e-08
34.637715085658932	6.49579e-08
34.658078681241221	6.24442e-08
34.678442308605106	6.29544e-08
34.69880592771046	6.47605e-08
34.719169514695707	6.02014e-08
34.739533064183682	6.38427e-08
34.759896577899568	6.31358e-08
34.780260068573625	6.53609e-08
34.800623542514778	6.80412e-08
34.820987014581092	6.44691e-08
34.841350515775083	6.14605e-08
34.861714054611078	6.37754e-08
34.882077640448017	6.69353e-08
34.902441267104379	6.59279e-08
34.922804902211027	6.9289e-08
34.94316850432503	6.28168e-08
34.963532065900964	6.55901e-08
34.983895584634411	6.53063e-08
35.004259072060215	6.78678e-08
35.02462254540486	7.06313e-08
35.044986017078479	6.82494e-08
35.065349511987897	6.39927e-08
35.085713040643611	6.48889e-08
35.106076614982129	6.87887e-08
35.126440233414669	6.78198e-08
35.146803869453208	6.6479e-08
35.167167481325087	6.53575e-08
35.187531052949829	6.51371e-08
35.207894576650915	6.55899e-08
35.228258068502647	6.40647e-08
35.248621546065884	6.44818e-08
35.268985021138135	6.71552e-08
35.289348513815987	6.23111e-08
35.309712036308703	6.50833e-08
35.330075607047611	6.36643e-08
35.350439217894547	6.20924e-08
35.370802853456993	6.32444e-08
35.391166479728177	6.47894e-08
35.411530060186379	6.0503e-08
35.431893592280744	6.40818e-08
35.452257084131752	6.22568e-08
35.47262055304229	6.55174e-08
35.492984021819126	6.8758e-08
35.513347508534899	6.49773e-08
35.53371103257733	6.21842e-08
35.55407459683267	6.36813e-08
35.574438204215589	6.66647e-08
35.594801839739958	6.66503e-08
35.615165472341694	6.43668e-08
35.635529066311634	6.31052e-08
35.655892609933865	6.41249e-08
35.676256105997041	6.40435e-08
35.696619570751963	6.74177e-08
35.716983040221614	6.50365e-08
35.737346526475989	6.73028e-08
35.757710046027732	6.11677e-08
35.778073604352002	6.49108e-08
35.798437206570007	6.27786e-08
35.81880084046086	6.62095e-08
35.839164489832989	6.95007e-08
35.859528107419642	6.58944e-08
35.879891665365115	6.29492e-08
35.900255169455832	6.38994e-08
35.920618630882949	6.68252e-08
35.940982086134355	6.69896e-08
35.961345571781791	6.44821e-08
35.981709084330461	6.35809e-08
36.002072634526399	6.44969e-08
36.022436231349886	6.37145e-08
36.042799863448479	6.73843e-08
36.063163504300277	6.51347e-08
36.083527134911925	6.74818e-08
36.103890707192313	6.15925e-08
36.124254221581594	6.51221e-08
36.144617692144003	6.27203e-08
36.164981140560805	6.64334e-08
36.185344609215498	6.39333e-08
36.20570811116314	6.59769e-08
36.226071649617353	6.61946e-08
36.246435239003283	6.50865e-08
36.266798865258181	6.42952e-08
36.287162509928223	6.54784e-08
36.307526152197248	6.77848e-08
36.327889747986866	6.4091e-08
36.348253282069756	6.68699e-08
36.368616761375705	6.3722e-08
36.388980206306293	6.76201e-08
36.409343660700138	6.56821e-08
36.429707147066502	6.81525e-08
36.450070684030443	6.26323e-08
36.470434266754282	6.57517e-08
36.490797891344471	6.29202e-08
36.511161540865992	6.67678e-08
36.531525181842007	6.3957e-08
36.551888798397322	6.6336e-08
36.572252354131649	6.66208e-08
36.592615845278075	6.47932e-08
36.612979300691073	6.38802e-08
36.633342745953762	6.53618e-08
36.653706211548062	6.73912e-08
36.674069735386873	6.41945e-08
36.694433311896418	6.20302e-08
36.714796931708364	6.20623e-08
36.735160582717171	6.50264e-08
36.75552423112093	6.48944e-08
36.775887858460599	6.74841e-08
36.796251427490006	6.21522e-08
36.8166149305654	6.5018e-08
36.836978386245477	6.20689e-08
36.85734181950388	6.62243e-08
36.877705279267722	6.33691e-08
36.89806878547396	6.61511e-08
36.918432345507107	6.68339e-08
36.938795959685564	6.47507e-08
36.959159605498314	6.39349e-08
36.979523261145246	6.55893e-08
36.999886902290946	6.7452e-08
37.020250493667774	6.48104e-08
37.040614015258235	6.22974e-08
37.060977479800421	6.21857e-08
37.081340908739513	6.50962e-08
37.101704353691936	6.4743e-08
37.122067838536019	6.74992e-08
37.142431394698129	6.24653e-08
37.162795003753445	6.49548e-08
37.183158652050295	6.17672e-08
37.203522317659854	6.61424e-08
37.223885960705992	6.30686e-08
37.244249565245298	6.60853e-08
37.264613110358312	6.71142e-08
37.284976584134675	6.46664e-08
37.305340021557363	6.37531e-08
37.325703451437533	6.54836e-08
37.346066908207156	6.73175e-08
37.366430436986001	6.50737e-08
37.386794034518587	6.22298e-08
37.407157677576095	6.22232e-08
37.427521347724095	6.49676e-08
37.447885003217067	6.45074e-08
37.468248624069652	6.74846e-08
37.488612182599766	6.28571e-08
37.508975672224445	6.48849e-08
37.529339112058913	6.14956e-08
37.549702530583744	6.61019e-08
37.570065982862587	6.28512e-08
37.590429489502668	6.60204e-08
37.610793075522921	6.16117e-08
37.631156715777415	6.36134e-08
37.651520393957995	6.58733e-08
37.671884067595357	6.64787e-08
37.692247698360276	6.41465e-08
37.712611275591613	6.42229e-08
37.732974788574467	6.53074e-08
37.75333823780614	6.30728e-08
37.773701650449041	6.67811e-08
37.79406508332508	6.43e-08
37.814428561735717	6.76435e-08
37.834792121806323	6.36444e-08
37.855155752642602	6.52108e-08
37.8755194222977	6.17353e-08
37.895883104310194	6.63639e-08
37.916246752470073	6.28683e-08
37.936610350320557	6.61682e-08
37.956973883091102	6.76755e-08
37.977337346994616	6.45271e-08
37.99770077295517	6.32468e-08
38.018064192920335	6.50246e-08
38.038427644010547	6.66178e-08
38.058791174351285	6.51005e-08
38.079154787874671	6.17775e-08
38.099518453396939	6.18786e-08
38.119882143939066	6.4357e-08
38.140245809304602	6.36529e-08
38.160609428410574	6.69467e-08
38.180972973914336	6.30336e-08
38.201336454673687	6.4488e-08
38.221699883051336	6.09068e-08
38.242063289404307	6.55851e-08
38.262426733590786	6.21598e-08
38.282790237013465	6.55861e-08
38.303153826396304	6.15731e-08
38.323517486824095	6.3187e-08
38.343881186093626	6.5218e-08
38.36424487333597	6.55414e-08
38.38460850633993	6.34275e-08
38.404972074930832	6.3918e-08
38.425335572599344	6.49927e-08
38.445699012472097	6.25187e-08
38.466062413919701	6.6024e-08
38.486425838036261	6.32109e-08
38.506789311466626	6.68203e-08
38.527152872607985	6.35027e-08
38.547516515274758	6.46087e-08
38.567880216151998	6.66999e-08
38.58824391882041	6.71987e-08
38.608607574849806	6.47282e-08
38.628971168172299	6.53719e-08
38.649334685653564	6.74929e-08
38.669698137187552	6.42424e-08
38.690061538461677	6.72034e-08
38.710424945088178	6.51558e-08
38.73078840926852	6.3255e-08
38.751151944648186	6.39502e-08
38.77151556338918	6.48926e-08
38.791879248503875	6.20624e-08
38.812242955058323	6.56015e-08
38.832606627933359	6.22511e-08
38.852970244933687	6.60119e-08
38.873333779498601	6.28115e-08
38.893697243112555	6.38967e-08
38.914060650638397	6.58691e-08
38.934424045550308	6.61263e-08
38.954787485416233	6.37248e-08
38.975150990315939	6.44465e-08
38.995514580159778	6.678e-08
39.015878251342912	6.35739e-08
39.036241968124166	6.66285e-08
39.05660566493308	6.42797e-08
39.076969297762268	6.25557e-08
39.09733285748483	6.34935e-08
39.117696339893982	6.43195e-08
39.138059769897254	6.15047e-08
39.158423168275519	6.51813e-08
39.178786593294895	6.14157e-08
39.199150071306121	6.53258e-08
39.219513639615137	6.23186e-08
39.239877290134309	6.33041e-08
39.260241007262657	6.52049e-08
39.280604720499305	6.5229e-08
39.300968377535071	6.28972e-08
39.321331962909277	6.36253e-08
39.34169546503513	6.60417e-08
39.362058899498166	6.2859e-08
39.382422295032171	6.60124e-08
39.402785699674283	6.32347e-08
39.423149144502062	6.66412e-08
39.443512677864739	6.42953e-08
39.463876298338178	6.58551e-08
39.484239998019646	6.72541e-08
39.504603722191803	6.70006e-08
39.524967403267901	6.4189e-08
39.545331019390375	6.52904e-08
39.565694546320877	6.27797e-08
39.586057998308355	6.35526e-08
39.606421398078297	6.51715e-08
39.62678479495117	6.46775e-08
39.647148240119847	6.2058e-08
39.667511752455489	6.29068e-08
39.687875350300459	6.52073e-08
39.708239026923472	6.17513e-08
39.728602753043887	6.49683e-08
39.748966452469645	6.16261e-08
39.769330096373778	6.52814e-08
39.789693648428269	6.31657e-08
39.810057116799662	6.45794e-08
39.830420518232081	6.63321e-08
39.850783907296531	6.61171e-08
39.87114732915753	6.3139e-08
39.89151080872518	6.42773e-08
39.911874371598927	6.7301e-08
39.932238024797002	6.39538e-08
39.952601742349358	6.6733e-08
39.972965460072196	6.41141e-08
39.993329115595046	6.18998e-08
40.013692694523591	6.2752e-08
