0.012	0.999958
0.0264	0.385053
0.04368	0.245373
0.0642855	0.186855
0.0881494	0.149809
0.115209	0.12451
0.145412	0.109066
0.176419	0.0913974
0.206965	0.0741903
0.237206	0.0619203
0.267275	0.0534404
0.297172	0.0467422
0.326767	0.041177
0.356065	0.0367028
0.385065	0.0327129
0.413802	0.0296169
0.442322	0.0269059
0.470609	0.0247528
0.498713	0.0228758
0.526637	0.0212466
0.554397	0.019776
0.582024	0.0184517
0.609503	0.0172996
0.636859	0.0162168
0.664022	0.0152721
0.691016	0.0143716
0.71784	0.0135598
0.74451	0.0128255
0.771029	0.0121779
0.797406	0.0115624
0.823649	0.0110179
0.849761	0.0105453
0.875753	0.0100747
0.901624	0.00966212
0.927388	0.00928935
0.95304	0.008923
0.978595	0.008615
1.00405	0.00829757
1.02941	0.00801141
1.05468	0.00774973
1.07985	0.0074855
1.10493	0.00725609
1.12991	0.00702295
1.1548	0.00680437
1.17961	0.00660925
1.20432	0.00641101
1.22896	0.00622563
1.25352	0.00605677
1.27799	0.00589407
1.3024	0.00573879
1.32673	0.00559069
1.35098	0.00545247
1.37517	0.00531861
1.3993	0.00520014
1.42335	0.00507596
1.44735	0.0049607
1.47128	0.00485558
1.49515	0.00475254
1.51897	0.00464992
1.54273	0.00455318
1.56643	0.00446233
1.59007	0.00437127
1.61366	0.00428564
1.63718	0.00419875
1.66065	0.0041126
1.68407	0.00403712
1.70743	0.00396063
1.73074	0.00388109
1.754	0.00381017
1.7772	0.00373926
1.80036	0.00366979
1.82347	0.00360457
1.84653	0.0035395
1.86954	0.0034745
1.89251	0.00341743
1.91543	0.00335743
1.93832	0.00329654
1.96115	0.00324406
1.98395	0.00319093
2.006708	0.00313487
2.029425	0.00308679
2.052103	0.0030371
2.074742	0.0029867
2.097341	0.00294205
2.119901	0.00289478
2.142422	0.00285088
2.164905	0.00280743
2.187351	0.00276353
2.209761	0.00272469
2.232135	0.00268346
2.254474	0.00264128
2.276778	0.00260648
2.299048	0.00256999
2.321285	0.00253212
2.34349	0.00249833
2.365662	0.0024632
2.387802	0.00243017
2.409911	0.00239742
2.431987	0.00236157
2.454033	0.00233445
2.476048	0.00230179
2.498033	0.0022718
2.519988	0.00224198
2.541915	0.00221232
2.563812	0.00218426
2.585681	0.00215677
2.607523	0.00212651
2.629337	0.00210284
2.651124	0.00207448
2.672885	0.00204956
2.69462	0.00202364
2.716329	0.001997
2.738012	0.00197441
2.759671	0.00195018
2.781305	0.00192631
2.802915	0.00190384
2.824501	0.00187871
2.846063	0.0018586
2.867602	0.00183596
2.889118	0.00181426
2.910612	0.00179336
2.932084	0.00177102
2.953533	0.00175218
2.974961	0.00173131
2.996368	0.0017111
3.017753	0.00169216
3.039118	0.00167136
3.060463	0.00165403
3.081787	0.00163504
3.103092	0.00161643
3.124376	0.00159864
3.145642	0.00157906
3.166888	0.00156309
3.188116	0.00154459
3.209325	0.00152802
3.230516	0.0015107
3.251689	0.00149281
3.272844	0.00147685
3.293982	0.00145908
3.315102	0.00144348
3.336206	0.00142657
3.357293	0.00140955
3.378364	0.00139352
3.399419	0.00137576
3.420458	0.00136058
3.441481	0.00134384
3.46249	0.00132788
3.483483	0.00131185
3.504463	0.00129523
3.525427	0.00128016
3.546378	0.00126309
3.567315	0.00124943
3.588238	0.00123335
3.609148	0.00121962
3.630044	0.00120509
3.650927	0.00119137
3.671797	0.00117895
3.692654	0.00116472
3.713499	0.00115351
3.734332	0.00114036
3.755152	0.00112816
3.77596	0.0011151
3.796755	0.00110128
3.817539	0.00108751
3.838311	0.00107333
3.859071	0.00105857
3.879818	0.00104301
3.900554	0.00102947
3.921278	0.00101425
3.94199	0.00100053
3.96269	0.00098562
3.983378	0.000971762
4.0040539	0.000957553
4.0247181	0.000942542
4.0453707	0.000927723
4.0660121	0.000911858
4.0866425	0.000897367
4.1072621	0.000880928
4.1278713	0.000865963
4.1484705	0.000849489
4.1690599	0.000833804
4.1896399	0.000816823
4.2102109	0.00079992
4.2307729	0.000782772
4.2513263	0.00076516
4.2718713	0.000748139
4.2924084	0.000730746
4.3129377	0.000713999
4.3334596	0.000697044
4.3539744	0.00068094
4.3744824	0.000664555
4.3949838	0.000649318
4.4154788	0.00063371
4.4359678	0.00061904
4.456451	0.000604019
4.4769286	0.000589908
4.4974008	0.000575447
4.5178679	0.000561437
4.5383301	0.000547341
4.5587876	0.00053358
4.5792406	0.000519907
4.5996894	0.000506207
4.6201341	0.000492916
4.640575	0.000480523
4.6610122	0.000467648
4.6814459	0.00045464
4.7018763	0.000442158
4.7223035	0.000429846
4.7427278	0.00041789
4.7631493	0.000406007
4.783568	0.000394526
4.8039842	0.000383376
4.8243979	0.000372372
4.8448093	0.00036157
4.8652185	0.000351029
4.8856256	0.000340692
4.9060306	0.000330509
4.9264337	0.000320531
4.946835	0.000310719
4.9672345	0.000301035
4.9876323	0.000291807
5.0080286	0.000282783
5.0284233	0.000273776
5.0488167	0.000265061
5.0692087	0.00025644
5.0895993	0.00024805
5.1099888	0.000239846
5.1303771	0.000231904
5.1507643	0.000224104
5.1711504	0.000216532
5.1915355	0.000209187
5.2119197	0.000201979
5.2323029	0.000195007
5.2526853	0.000188147
5.2730668	0.000181556
5.2934476	0.000175124
5.3138275	0.000168828
5.3342068	0.000162786
5.3545854	0.000156822
5.3749633	0.00015111
5.3953406	0.000145505
5.4157173	0.000140161
5.4360934	0.000134911
5.456469	0.000129884
5.4768441	0.000125009
5.4972187	0.000120293
5.5175928	0.00011575
5.5379665	0.00011134
5.5583397	0.000107121
5.5787126	0.000103011
5.599085	9.90743e-05
5.6194571	9.52711e-05
5.6398288	9.15965e-05
5.6602002	8.8077e-05
5.6805713	8.46364e-05
5.700942	8.14138e-05
5.7213125	7.81933e-05
5.7416826	7.51866e-05
5.7620525	7.22266e-05
5.7824221	6.93599e-05
5.8027915	6.66297e-05
5.8231607	6.41373e-05
5.8435296	6.17643e-05
5.8638983	5.93885e-05
5.8842667	5.70954e-05
5.904635	5.48492e-05
5.9250031	5.27284e-05
5.945371	5.07739e-05
5.9657387	4.87884e-05
5.9861063	4.68705e-05
6.00647367	4.50624e-05
6.02684089	4.33332e-05
6.04720797	4.17439e-05
6.0675749	4.01259e-05
6.08794169	3.85411e-05
6.10830834	3.70186e-05
6.12867487	3.55777e-05
6.14904127	3.41399e-05
6.16940756	3.285e-05
6.18977373	3.15809e-05
6.21013979	3.03378e-05
6.23050575	2.92335e-05
6.25087161	2.8079e-05
6.27123737	2.69935e-05
6.29160303	2.58851e-05
6.31196861	2.49043e-05
6.33233411	2.39178e-05
6.35269952	2.29623e-05
6.37306485	2.20332e-05
6.3934301	2.1168e-05
6.41379529	2.03224e-05
6.4341604	1.95461e-05
6.45452545	1.87277e-05
6.47489043	1.79829e-05
6.49525535	1.72484e-05
6.51562022	1.65955e-05
6.53598502	1.59169e-05
6.55634978	1.5276e-05
6.57671448	1.46338e-05
6.59707913	1.31266e-05
6.61744374	1.24921e-05
6.63780831	1.20946e-05
6.65817283	1.171e-05
6.67853732	1.1296e-05
6.69890177	1.08901e-05
6.71926618	1.05184e-05
6.73963056	1.01237e-05
6.75999491	9.75855e-06
6.78035922	9.36779e-06
6.8007235	9.01621e-06
6.82108775	8.6527e-06
6.84145197	8.3154e-06
6.86181617	7.97167e-06
6.88218034	7.65914e-06
6.90254448	7.36011e-06
6.9229086	7.07335e-06
6.94327269	6.78866e-06
6.96363677	6.52086e-06
6.98400082	6.25793e-06
7.00436485	6.01466e-06
7.02472885	5.77472e-06
7.04509285	5.54898e-06
7.06545682	5.32334e-06
7.08582077	5.1139e-06
7.10618471	4.90465e-06
7.12654863	4.71149e-06
7.14691254	4.51687e-06
7.16727643	4.33864e-06
7.18764031	4.16319e-06
7.20800417	3.99923e-06
7.22836802	3.83168e-06
7.24873186	3.6814e-06
7.26909569	3.53429e-06
7.2894595	3.3946e-06
7.30982331	3.25308e-06
7.33018711	3.12396e-06
7.35055089	2.99355e-06
7.37091466	2.87528e-06
7.39127843	2.75247e-06
7.41164219	2.64271e-06
7.43200593	2.53105e-06
7.45236967	2.42947e-06
7.4727334	2.32895e-06
7.49309713	2.23467e-06
7.51346084	2.14364e-06
7.53382455	2.05966e-06
7.55418826	1.97877e-06
7.57455196	1.90051e-06
7.59491565	1.82633e-06
7.61527934	1.75401e-06
7.63564302	1.68312e-06
7.6560067	1.61475e-06
7.67637037	1.54615e-06
7.69673403	1.47988e-06
7.71709769	1.41949e-06
7.73746135	1.36412e-06
7.757825	1.31229e-06
7.77818864	1.26559e-06
7.79855229	1.22697e-06
7.81891593	1.19851e-06
7.83927957	1.16601e-06
7.8596432	1.1408e-06
7.88000684	1.11527e-06
7.90037046	1.1007e-06
7.92073409	1.08329e-06
7.94109771	1.06507e-06
7.96146133	1.04305e-06
7.98182494	1.03375e-06
8.002188551	1.03315e-06
8.02255216	1.03197e-06
8.042915766	1.03387e-06
8.06327937	1.0333e-06
8.083642972	1.04673e-06
8.104006571	1.06131e-06
8.124370169	1.0946e-06
8.144733765	1.11955e-06
8.16509736	1.14362e-06
8.185460954	1.18061e-06
8.205824548	1.21875e-06
8.22618814	1.27032e-06
8.246551731	1.31985e-06
8.266915321	1.37646e-06
8.287278908	1.44079e-06
8.307642492	1.51625e-06
8.328006072	1.57302e-06
8.348369649	1.68123e-06
8.368733224	1.76554e-06
8.389096797	1.83769e-06
8.40946037	1.97139e-06
8.429823944	2.08534e-06
8.450187521	2.18218e-06
8.470551101	2.34828e-06
8.490914683	2.49706e-06
8.511278265	2.60783e-06
8.531641845	2.81077e-06
8.55200542	3.00804e-06
8.57236899	3.13124e-06
8.592732554	3.3783e-06
8.613096113	3.64408e-06
8.633459668	3.80163e-06
8.653823225	4.0681e-06
8.674186786	4.37978e-06
8.694550353	4.60846e-06
8.71491393	4.92401e-06
8.735277513	5.31152e-06
8.755641099	5.59167e-06
8.776004682	5.97271e-06
8.796368257	6.43746e-06
8.81673182	6.77526e-06
8.837095369	7.23839e-06
8.857458906	7.8264e-06
8.877822438	8.22738e-06
8.898185973	8.77346e-06
8.918549517	9.53141e-06
8.938913079	9.94513e-06
8.95927666	1.06037e-05
8.97964026	1.157e-05
9.000003871	1.21417e-05
9.020367481	1.28284e-05
9.040731076	1.40404e-05
9.061094641	1.47756e-05
9.081458172	1.55148e-05
9.101821671	1.70046e-05
9.122185152	1.80038e-05
9.142548634	1.89003e-05
9.162912138	2.0653e-05
9.18327568	2.19384e-05
9.203639268	2.28991e-05
9.224002903	2.50328e-05
9.24436657	2.68153e-05
9.264730246	2.79175e-05
9.285093899	3.06889e-05
9.305457494	3.37662e-05
9.325821017	3.20235e-05
9.346184486	3.59388e-05
9.36654792	3.41012e-05
9.386911349	3.5105e-05
9.407274824	3.88205e-05
9.42763836	3.67476e-05
9.448001951	3.86109e-05
9.468365589	3.76426e-05
9.488729255	3.83504e-05
9.509092905	4.03554e-05
9.529456522	3.90885e-05
9.549820088	3.98476e-05
9.570183592	4.19519e-05
9.590547057	4.13754e-05
9.610910505	3.8948e-05
9.631273966	3.95538e-05
9.65163748	4.17344e-05
9.672001057	3.99824e-05
9.692364678	4.1229e-05
9.712728325	3.94332e-05
9.733091976	4.05618e-05
9.753455593	4.24705e-05
9.773819162	4.13797e-05
9.794182684	3.91494e-05
9.814546158	3.97721e-05
9.834909615	4.17736e-05
9.855273074	4.00471e-05
9.875636563	4.06142e-05
9.896000112	4.28621e-05
9.916363724	4.09628e-05
9.936727369	4.23203e-05
9.957091022	4.0663e-05
9.977454658	4.18128e-05
9.9978182462	4.36096e-05
10.018181781	4.19025e-05
10.038545276	4.36092e-05
10.05890874	4.13365e-05
10.079272183	4.2998e-05
10.099635651	4.48016e-05
10.119999168	4.37583e-05
10.140362738	4.15704e-05
10.160726361	4.19933e-05
10.181090022	4.32227e-05
10.201453664	4.60744e-05
10.221817265	4.38098e-05
10.24218082	4.15529e-05
10.262544327	4.31176e-05
10.282907811	4.4043e-05
10.303271285	4.24651e-05
10.323634756	4.40153e-05
10.343998258	4.49322e-05
10.364361803	4.35511e-05
10.384725393	4.54007e-05
10.40508902	4.27602e-05
10.425452668	4.43514e-05
10.445816282	4.64792e-05
10.466179847	4.47099e-05
10.486543366	4.26585e-05
10.506906848	4.34415e-05
10.527270312	4.42462e-05
10.547633798	4.69689e-05
10.567997312	4.49595e-05
10.588360855	4.23502e-05
10.608724435	4.36361e-05
10.629088049	4.45946e-05
10.649451675	4.67324e-05
10.669815299	4.49655e-05
10.690178877	4.58071e-05
10.710542403	4.40849e-05
10.730905881	4.53555e-05
10.751269345	4.7134e-05
10.771632829	4.62958e-05
10.791996345	4.35031e-05
10.81235989	4.39068e-05
10.832723468	4.56125e-05
10.853087073	4.73646e-05
10.873450685	4.60249e-05
10.893814294	4.36392e-05
10.914177883	4.42842e-05
10.93454142	4.54586e-05
10.954904909	4.78428e-05
10.975268378	4.57715e-05
10.995631848	4.34583e-05
11.015995343	4.48475e-05
11.036358894	4.58928e-05
11.056722479	4.41482e-05
11.077086092	4.55768e-05
11.097449711	4.70903e-05
11.117813316	4.62561e-05
11.138176899	4.35735e-05
11.15854045	4.39964e-05
11.178903941	4.60138e-05
11.199267399	4.78066e-05
11.219630861	4.65015e-05
11.239994345	4.42502e-05
11.260357876	4.50278e-05
11.280721466	4.68972e-05
11.301085084	4.53178e-05
11.321448707	4.58231e-05
11.34181232	4.44626e-05
11.362175907	4.60143e-05
11.382539455	4.71422e-05
11.402902966	4.64854e-05
11.423266432	4.37987e-05
11.443629877	4.42392e-05
11.463993347	4.70246e-05
11.484356861	4.4914e-05
11.504720438	4.58481e-05
11.525084064	4.44546e-05
11.545447707	4.52739e-05
11.565811333	4.74594e-05
11.586174929	4.60641e-05
11.606538478	4.65638e-05
11.626901984	4.5197e-05
11.647265457	4.69632e-05
11.667628898	4.45919e-05
11.687992337	4.62982e-05
11.708355824	4.86694e-05
11.728719379	4.65789e-05
11.749082996	4.45499e-05
11.769446651	4.56192e-05
11.789810294	4.73036e-05
11.810173907	4.60294e-05
11.830537468	4.6678e-05
11.850900978	4.48559e-05
11.871264447	4.67256e-05
11.891627892	4.80417e-05
11.911991341	4.73551e-05
11.932354817	4.50236e-05
11.952718344	4.53734e-05
11.973081939	4.7956e-05
11.99344559434	4.61375e-05
12.01380925529	4.66359e-05
12.03417289179	4.57628e-05
12.05453648076	4.7019e-05
12.07490000782	4.84995e-05
12.09526348889	4.79446e-05
12.11562694407	4.47821e-05
12.13599037609	4.56368e-05
12.15635383144	4.86269e-05
12.17671733008	4.62133e-05
12.19708089675	4.77042e-05
12.21744452651	4.62144e-05
12.23780820658	4.66764e-05
12.25817186695	4.9573e-05
12.27853547415	4.8121e-05
12.29889902237	4.47472e-05
12.31926251112	4.66686e-05
12.33962596611	4.83157e-05
12.35998940793	4.59784e-05
12.38035284084	4.82906e-05
12.40071631628	5.00059e-05
12.42107985784	4.85556e-05
12.44144346227	4.64765e-05
12.46180712183	4.71322e-05
12.48217079302	4.95641e-05
12.50253443125	4.81538e-05
12.52289800715	4.8494e-05
12.54326151994	4.72285e-05
12.56362497754	4.88916e-05
12.58398841843	5.01832e-05
12.60435187275	4.99631e-05
12.62471534467	4.69664e-05
12.64507885982	4.75148e-05
12.665442439	5.06153e-05
12.68580607513	4.81767e-05
12.7061697389	4.91266e-05
12.72653339076	4.84252e-05
12.74689698692	4.87347e-05
12.76726052176	4.70183e-05
12.78762399747	4.92585e-05
12.80798744572	5.0266e-05
12.82835090632	4.96788e-05
12.84871437559	4.72732e-05
12.86907787691	4.76333e-05
12.88944143612	5.055e-05
12.90980505083	4.86135e-05
12.93016869997	4.90114e-05
12.95053235982	4.82531e-05
12.97089597196	4.89218e-05
12.9912595269	4.70193e-05
13.01162302148	4.94361e-05
13.03198648033	5.04877e-05
13.05234994077	4.94271e-05
13.07271341256	4.77783e-05
13.09307690579	4.79056e-05
13.11344044901	5.04379e-05
13.13380404338	4.93945e-05
13.15416767578	4.9191e-05
13.17453132941	4.81445e-05
13.19489495271	4.96891e-05
13.21525852353	4.73139e-05
13.23562203445	4.94467e-05
13.25598550384	5.11534e-05
13.27634896623	4.95337e-05
13.29671244231	4.80018e-05
13.31707593321	4.87582e-05
13.33743946613	5.04284e-05
13.35780304472	4.99236e-05
13.37816666195	4.95189e-05
13.39853029428	4.91363e-05
13.41889392135	4.73918e-05
13.43925750265	4.68841e-05
13.45962102575	4.93019e-05
13.47998450311	5.20936e-05
13.5003479667	4.93055e-05
13.52071143701	4.78525e-05
13.54107493074	4.9727e-05
13.56143845968	5.04917e-05
13.58180202889	5.00643e-05
13.60216563541	5.00374e-05
13.62252925954	4.92363e-05
13.64289288686	4.78973e-05
13.6632564835	4.77878e-05
13.68362002358	5.00159e-05
13.70398351206	4.94466e-05
13.72434697794	4.83816e-05
13.74471044149	4.76219e-05
13.76507393006	5.04898e-05
13.7854374548	5.02956e-05
13.80580101807	5.09169e-05
13.82616461551	4.83155e-05
13.8465282397	4.77e-05
13.86689186547	5.21263e-05
13.88725547992	5.00604e-05
13.90761903678	5.00429e-05
13.92798253824	4.99836e-05
13.94834600806	4.91233e-05
13.96870946542	4.79817e-05
13.98907293789	5.12839e-05
14.0094364577312	5.09021e-05
14.0298000130973	5.11268e-05
14.0501636013946	4.94632e-05
14.0705272175708	4.83165e-05
14.0908908398268	5.25266e-05
14.1112544558006	5.14196e-05
14.131618032832	5.00832e-05
14.1519815536864	5.0138e-05
14.1723450349716	5.11562e-05
14.1927085077246	4.89502e-05
14.2130719896849	4.81034e-05
14.2334355040105	4.88062e-05
14.2537990549689	4.96152e-05
14.2741626356452	4.95238e-05
14.2945262384683	4.77148e-05
14.31488985414	4.72006e-05
14.3352534688751	5.0487e-05
14.3556170600466	4.93854e-05
14.3759805997988	5.04535e-05
14.3963440939232	4.85653e-05
14.4167075575528	4.69381e-05
14.4370710296378	5.19819e-05
14.4574345273653	5.06024e-05
14.4777980714691	4.93836e-05
14.4981616426774	4.97009e-05
14.5185252369021	4.99905e-05
14.5388888459439	4.74067e-05
14.5592524577909	5.13089e-05
14.5796160513772	5.12925e-05
14.5999796099103	5.066e-05
14.6203431219358	4.96425e-05
14.6407065980394	4.91311e-05
14.661070072973	5.19228e-05
14.6814335632932	5.15591e-05
14.7017970968586	4.94195e-05
14.7221606625634	4.95985e-05
14.7425242495702	5.19774e-05
14.7628878511626	4.75518e-05
14.7832514573138	5.12091e-05
14.8036150489136	5.38291e-05
14.8239786175551	5.062e-05
14.8443421450529	5.01699e-05
14.864705633971	5.14953e-05
14.8850691134089	5.19585e-05
14.9054325990543	5.24921e-05
14.9257961207536	5.06204e-05
14.946159684211	5.096e-05
14.9665232657805	4.98027e-05
14.9868868609564	4.84526e-05
15.0072504552867	5.19597e-05
15.0276140424889	5.14353e-05
15.0479776114859	4.91842e-05
15.0683411540567	4.95422e-05
15.0887046650757	5.10807e-05
15.1090681553673	4.72776e-05
15.1294316430273	5.11861e-05
15.1497951588092	5.26521e-05
15.1701587138572	5.03571e-05
15.1905222925003	4.99597e-05
15.2108858824712	5.04891e-05
15.2312494716142	5.17697e-05
15.2516130543978	5.21555e-05
15.2719766214649	5.02533e-05
15.2923401732238	4.95517e-05
15.3127036979845	5.28851e-05
15.3330672000747	4.90124e-05
15.3534306944438	5.128e-05
15.3737942095462	5.49137e-05
15.3941577577945	5.06729e-05
15.4145213355139	5.02693e-05
15.4348849216765	5.25776e-05
15.45524850525	5.1983e-05
15.4756120814072	5.26053e-05
15.495975642631	5.25916e-05
15.5163391908779	5.10363e-05
15.5367027230994	5.03867e-05
15.5570662339046	5.04361e-05
15.5774297450285	5.21519e-05
15.5977932655151	5.22498e-05
15.6181568125271	5.03707e-05
15.6385203870374	4.98521e-05
15.6588839749237	5.33091e-05
15.6792475573766	5.22554e-05
15.6996111267042	5.3608e-05
15.7199746823757	5.12036e-05
15.7403382259043	4.99577e-05
15.7607017621585	5.05326e-05
15.7810652801503	5.19632e-05
15.8014287964864	5.19822e-05
15.821792319031	5.24641e-05
15.8421558642616	5.2301e-05
15.8625194337963	5.10706e-05
15.882883019138	5.01203e-05
15.9032465996451	5.02191e-05
15.9236101656193	5.21222e-05
15.9439737165965	5.18825e-05
15.9643372553651	5.04177e-05
15.9847007880873	4.99295e-05
16.005064314530316	5.29726e-05
16.025427839609687	5.24877e-05
16.04579137674909	5.34481e-05
16.066154928540364	5.09828e-05
16.086518499374051	5.04054e-05
16.10688208618156	5.46939e-05
16.127245666527617	5.25513e-05
16.147609230362654	4.86749e-05
16.167972775362568	5.20196e-05
16.188336305943039	5.28944e-05
16.208699829769682	5.04479e-05
16.229063362225954	5.37153e-05
16.249426892833952	5.15451e-05
16.26979043628527	5.23627e-05
16.290153994274586	5.20681e-05
16.310517569997717	5.15058e-05
16.330881159280445	5.05061e-05
16.351244750972302	5.33049e-05
16.371608318197907	5.3605e-05
16.39197185989423	5.36765e-05
16.412335382109532	5.12709e-05
16.432698893389571	5.14383e-05
16.453062413546668	5.48276e-05
16.473425948927133	5.30714e-05
16.493789494909741	4.95179e-05
16.514153057483711	5.20942e-05
16.534516639141877	5.34577e-05
16.554880230238282	5.17149e-05
16.575243823183683	5.0233e-05
16.595607394502302	5.11497e-05
16.615970935547551	5.25619e-05
16.636334451774388	5.1938e-05
16.656697958581017	5.19786e-05
16.677061467975005	5.09106e-05
16.697425000215073	5.27221e-05
16.717788545713017	5.07546e-05
16.738152114435053	5.23245e-05
16.7585157023994	5.11801e-05
16.778879305258897	5.17959e-05
16.799242907282778	5.47057e-05
16.819606488282375	5.32264e-05
16.839970036551211	5.00243e-05
16.860333552418282	5.22277e-05
16.880697050888323	5.3873e-05
16.901060555309918	5.23649e-05
16.921424077232807	5.04643e-05
16.941787618659045	5.16117e-05
16.962151186926544	5.31319e-05
16.982514777911007	5.21869e-05
17.002878382193554	5.26098e-05
17.023241989741933	5.14843e-05
17.04360558048392	5.30679e-05
17.063969136288385	5.13221e-05
17.084332654687227	5.27337e-05
17.104696146418927	5.1468e-05
17.125059636619341	5.19493e-05
17.14542313992623	5.11736e-05
17.165786670837196	5.26507e-05
17.186150233136328	5.39559e-05
17.206513824231038	5.33739e-05
17.226877433842162	5.06101e-05
17.247241051135862	5.16261e-05
17.267604653008632	5.42918e-05
17.287968219559257	5.25036e-05
17.308331745606385	4.97648e-05
17.328695236693456	5.16634e-05
17.349058718163192	5.3037e-05
17.369422207417781	5.1672e-05
17.389785734480775	5.3125e-05
17.410149294179377	5.14882e-05
17.430512887223482	5.27657e-05
17.450876503864535	5.16089e-05
17.471240124672097	5.22199e-05
17.49160373716294	5.13259e-05
17.511967326855	5.29599e-05
17.532330865303908	5.43443e-05
17.552694362811767	5.36496e-05
17.573057836411969	5.10052e-05
17.593421307358419	5.2109e-05
17.613784812519363	5.46969e-05
17.634148365895022	5.29775e-05
17.65451195338137	5.01602e-05
17.674875570982135	5.2044e-05
17.695239199312432	5.3545e-05
17.715602823160292	5.20586e-05
17.735966415826166	5.36004e-05
17.756329966833551	5.20461e-05
17.776693468844488	5.30566e-05
17.797056936834789	5.20172e-05
17.817420405019448	5.27018e-05
17.837783892424273	5.16291e-05
17.858147429748726	5.28882e-05
17.878511009679787	5.11427e-05
17.898874626701371	5.2654e-05
17.919238263361208	5.48673e-05
17.939601891934981	5.32626e-05
17.959965498946893	5.10815e-05
17.980329070417046	5.26519e-05
18.000692586686572	5.38957e-05
18.021056058558223	5.28374e-05
18.041419518504881	5.38232e-05
18.061783002703194	5.26706e-05
18.082146524728248	5.0485e-05
18.102510096680152	5.16136e-05
18.122873709516856	5.31054e-05
18.143237348939454	5.20067e-05
18.163600986634325	5.25927e-05
18.183964606603347	5.14419e-05
18.204328182843785	5.28361e-05
18.224691711820988	5.11168e-05
18.245055187587646	5.24727e-05
18.265418638606299	5.50181e-05
18.285782104381052	5.3363e-05
18.306145602653789	5.10804e-05
18.326509152774403	5.28357e-05
18.346872758864571	5.40578e-05
18.367236400991022	5.28999e-05
18.38760005104929	5.4088e-05
18.407963677795411	5.28128e-05
18.428327269705346	5.06279e-05
18.448690815872759	5.18576e-05
18.469054308111442	5.31438e-05
18.489417761853009	5.21041e-05
18.509781217426724	5.27299e-05
18.530144696567966	5.1496e-05
18.550508234382271	5.29676e-05
18.570871830881437	5.12622e-05
18.591235471593642	5.24834e-05
18.611599130648568	5.51745e-05
18.631962773106508	5.34774e-05
18.65232638325195	5.11152e-05
18.672689945657726	5.29999e-05
18.693053451693164	5.41624e-05
18.713416916117637	5.33487e-05
18.733780362846996	5.09198e-05
18.754143820792596	5.18303e-05
18.774507333772565	5.42218e-05
18.79487090765868	5.26434e-05
18.815234536183535	5.30031e-05
18.835598194881722	5.21927e-05
18.855961847689553	5.29286e-05
18.876325475301879	5.16403e-05
18.896689048415144	5.32671e-05
18.917052568656807	5.14536e-05
18.937416033383958	5.25799e-05
18.957779471345752	5.53912e-05
18.978142926667076	5.35539e-05
18.998506419082386	5.11681e-05
19.018869969709424	5.31409e-05
19.039233588982782	5.41223e-05
19.059597249947831	5.28994e-05
19.079960915854745	5.42436e-05
19.100324550297486	5.28458e-05
19.12068814081254	5.06854e-05
19.141051676253102	5.19933e-05
19.161415159825257	5.30926e-05
19.181778602308832	5.21776e-05
19.202142048347902	5.27215e-05
19.222505521441327	5.1454e-05
19.242869059343374	5.30867e-05
19.263232662128292	5.12246e-05
19.283596321755777	5.23503e-05
19.303959998235012	5.5286e-05
19.324323650957361	5.33524e-05
19.344687262713553	5.09892e-05
19.365050816989946	5.30428e-05
19.385414310316893	5.39371e-05
19.405777756082614	5.27463e-05
19.426141190358308	5.41514e-05
19.446504657601846	5.26816e-05
19.466868173575662	5.06138e-05
19.487231753884561	5.19007e-05
19.507595396759108	5.29244e-05
19.527959073033518	5.20886e-05
19.548322737534924	5.25008e-05
19.568686368770202	5.12464e-05
19.589049935808166	5.29591e-05
19.609413441892517	5.10122e-05
19.629776895323829	5.21065e-05
19.650140324085889	5.51397e-05
19.670503774254556	5.31338e-05
19.690867266152907	5.08078e-05
19.711230821323472	5.29451e-05
19.73159444925788	5.37285e-05
19.751958129550523	5.25778e-05
19.772321811423804	5.39414e-05
19.792685453987765	5.24806e-05
19.813049044105917	5.04625e-05
19.833412570544095	5.17086e-05
19.853776041146514	5.26439e-05
19.874139476399382	5.19147e-05
19.894502917532012	5.22042e-05
19.914866389010324	5.09631e-05
19.935229917975168	5.32988e-05
19.955593524848609	5.41691e-05
19.975957187774572	5.33064e-05
19.996320874733271	5.14942e-05
20.016684550120743	5.21925e-05
20.037048167043981	5.47332e-05
20.057411710621192	5.34919e-05
20.077775192388618	5.00862e-05
20.098138628917507	5.18074e-05
20.118502059399074	5.38047e-05
20.138865508986495	5.19159e-05
20.159229023465087	5.38283e-05
20.179592607100602	5.22585e-05
20.199956255604565	5.24781e-05
20.220319945486132	5.20045e-05
20.240683620766543	5.22807e-05
20.261047257663286	5.10271e-05
20.281410832167804	5.34433e-05
20.301774331879244	5.41261e-05
20.322137783429373	5.32942e-05
20.342501213903304	5.1511e-05
20.362864648280748	5.20696e-05
20.383228138828642	5.45755e-05
20.403591704894403	5.3226e-05
20.423955336667486	4.98591e-05
20.444319020110335	5.1638e-05
20.464682706780074	5.34868e-05
20.4850463639211	5.16552e-05
20.505409951332151	5.36551e-05
20.525773468251913	5.19424e-05
20.546136926719758	5.22987e-05
20.566500353084983	5.18707e-05
20.58686379300913	5.20711e-05
20.60722726687111	5.08354e-05
20.627590801128761	5.33103e-05
20.64795441391718	5.38967e-05
20.668318080979176	5.31397e-05
20.688681773855972	5.13475e-05
20.709045453473365	5.17767e-05
20.729409068646017	5.43919e-05
20.749772611419541	5.32651e-05
20.770136084134176	5.28966e-05
20.790499510875151	5.21702e-05
20.810862941363315	5.31965e-05
20.831226395769434	5.15429e-05
20.851589903591321	5.38835e-05
20.871953493155498	5.51439e-05
20.892317147946429	5.37413e-05
20.91268084099665	5.2124e-05
20.933044522143433	5.22575e-05
20.953408158996417	5.10273e-05
20.973771726877139	5.34343e-05
20.994135216182315	5.37285e-05
21.014498647231765	5.23427e-05
21.034862066938341	5.44167e-05
21.055225523493107	5.24902e-05
21.075589028270947	5.03444e-05
21.09595260010617	5.22358e-05
21.11631624217042	5.27376e-05
21.13667993192826	5.19002e-05
21.157043622219458	5.25537e-05
21.177407283408883	5.10632e-05
21.197770879675883	5.35035e-05
21.218134389519353	5.44481e-05
21.238497836775693	5.32902e-05
21.258861251796009	5.1703e-05
21.279224689518124	5.17536e-05
21.299588170345064	5.06274e-05
21.319951714716868	5.29828e-05
21.340315336185814	5.32322e-05
21.360679016026531	5.19519e-05
21.381042711383849	5.38298e-05
21.401406374446395	5.20555e-05
21.421769982472028	5.00371e-05
21.442133515127527	5.1704e-05
21.462496976693785	5.22847e-05
21.482860393048234	5.15775e-05
21.503223817820857	5.19488e-05
21.523587279345897	5.06109e-05
21.543950801098713	5.31337e-05
21.564314404308888	5.37995e-05
21.584678068102271	5.28407e-05
21.60504176411683	5.13157e-05
21.625405459474745	5.1807e-05
21.645769099746477	5.42243e-05
21.666132665713675	5.35315e-05
21.686496148420083	5.29318e-05
21.706859570535677	5.19462e-05
21.727222982663253	5.35873e-05
21.747586416941004	5.15824e-05
21.767949909192897	5.36977e-05
21.788313486009717	5.54981e-05
21.808677133241211	5.3654e-05
21.82904082416303	5.19317e-05
21.84940450995434	5.21485e-05
21.869768163850789	5.08267e-05
21.890131757987671	5.33813e-05
21.910495265390686	5.35573e-05
21.930858711015972	5.26737e-05
21.951222125836654	5.11029e-05
21.971585546894623	5.13351e-05
21.991949032552363	5.38603e-05
22.012312594521671	5.30176e-05
22.032676231675797	5.23559e-05
22.053039921498861	5.15955e-05
22.073403617439212	5.28653e-05
22.093767290316517	5.10069e-05
22.11413090833793	5.33496e-05
22.134494442141261	5.47272e-05
22.154857900803545	5.31641e-05
22.175221313392186	5.16057e-05
22.195584715794094	5.26112e-05
22.215948170867208	5.43092e-05
22.236311697438328	5.40079e-05
22.256675313076805	5.31466e-05
22.277038993220245	5.1956e-05
22.297402693861933	5.43761e-05
22.317766383220821	5.19491e-05
22.338130025571573	5.36265e-05
22.358493582187311	5.65432e-05
22.378857061052425	5.39127e-05
22.399220481773654	5.19306e-05
22.419583895858359	5.29872e-05
22.439947335198902	5.12462e-05
22.460310834521337	5.35622e-05
22.480674424477382	5.43605e-05
22.501038087444623	5.28828e-05
22.521401788752353	5.14217e-05
22.541765492376552	5.2063e-05
22.562129139950628	5.39129e-05
22.582492716432704	5.35356e-05
22.602856210030499	5.26299e-05
22.623219640807665	5.15769e-05
22.643583051397837	5.37549e-05
22.663946473054299	5.1357e-05
22.684309943929183	5.32406e-05
22.704673505427493	5.5778e-05
22.725037149903759	5.33857e-05
22.745400850564987	5.15752e-05
22.765764552275609	5.21656e-05
22.786128222006329	5.06136e-05
22.806491828034719	5.30584e-05
22.826855346473121	5.34693e-05
22.847218799590618	5.22359e-05
22.867582217501894	5.07896e-05
22.887945634097271	5.12117e-05
22.908309106293434	5.32909e-05
22.92867264901551	5.28851e-05
22.949036275302998	5.19543e-05
22.969399965008808	5.09837e-05
22.989763671657332	5.29388e-05
23.010127361297862	5.06887e-05
23.030490993522683	5.27062e-05
23.050854533067184	5.48068e-05
23.071217994148828	5.27007e-05
23.091581405819909	5.10703e-05
23.111944803823064	5.27039e-05
23.132308252160367	5.37384e-05
23.152671765690044	5.34162e-05
23.173035367031051	5.29306e-05
23.193399040358599	5.14561e-05
23.213762745133188	5.40957e-05
23.234126447919824	5.17703e-05
23.25449010954231	5.29113e-05
23.274853677613862	5.62402e-05
23.295217156919623	5.33555e-05
23.315580573516542	5.10448e-05
23.335943981323261	5.286e-05
23.356307414132171	5.06284e-05
23.37667090907922	5.26126e-05
23.397034492955648	5.41933e-05
23.417398150314526	5.21433e-05
23.437761852332706	5.05617e-05
23.458125564408579	5.1937e-05
23.478489225051852	5.30604e-05
23.498852815992024	5.27269e-05
23.519216312847252	5.2109e-05
23.539579735056286	5.07832e-05
23.559943132218134	5.32713e-05
23.580306540359711	5.09852e-05
23.600670001421321	5.22946e-05
23.62103356212419	5.53748e-05
23.641397207797173	5.26903e-05
23.661760910283551	5.05082e-05
23.682124636277155	5.30191e-05
23.702488321250797	5.36084e-05
23.722851940926763	5.29281e-05
23.743215467303472	5.34269e-05
23.76357890781405	5.15873e-05
23.783942303927983	5.39945e-05
23.804305693568754	5.23826e-05
23.824669145037038	5.27575e-05
23.845032677024168	5.24825e-05
23.86539630690309	5.19155e-05
23.885760004833365	5.05451e-05
23.906123740626054	5.33293e-05
23.926487447230215	5.40519e-05
23.946851076301261	5.3486e-05
23.967214620869765	5.14637e-05
23.987578078687442	5.13915e-05
24.007941474296214	5.4117e-05
24.028304869266204	5.27619e-05
24.048668298354464	4.9587e-05
24.069031799320179	5.16321e-05
24.089395403838481	5.26498e-05
24.109759093951048	5.07622e-05
24.130122817491152	5.3028e-05
24.150486536959775	5.12856e-05
24.170850209303936	5.21164e-05
24.191213782934252	5.53927e-05
24.211577260378977	5.27266e-05
24.231940667272966	5.01798e-05
24.252304030937584	5.29417e-05
24.27266742773709	5.37659e-05
24.29303088959303	5.26965e-05
24.313394460327938	5.41046e-05
24.333758126194521	5.19724e-05
24.354121850063009	4.99341e-05
24.374485586972728	5.17727e-05
24.394849266520666	5.27164e-05
24.415212866213007	5.20722e-05
24.435576364518589	5.19995e-05
24.455939782519607	5.03682e-05
24.476303145141401	5.28714e-05
24.496666523707098	5.42193e-05
24.517029980765866	5.3484e-05
24.537393530153125	5.15945e-05
24.557757183072273	5.18723e-05
24.578120913468052	5.41784e-05
24.598484651143629	5.3383e-05
24.618848355032487	5.00262e-05
24.639211984905074	5.19977e-05
24.659575505640507	5.37373e-05
24.679938933285644	5.12804e-05
24.700302313586253	5.36001e-05
24.720665679601389	5.22523e-05
24.741029108276663	5.25078e-05
24.761392622853592	5.22288e-05
24.781756249522203	5.20342e-05
24.802119966137091	5.02759e-05
24.822483739195025	5.31719e-05
24.842847480441502	5.42443e-05
24.863211130155808	5.36636e-05
24.883574677830214	5.18259e-05
24.903938118685954	5.17553e-05
24.924301489587016	5.42618e-05
24.944664857588347	5.35691e-05
24.965028257237616	4.9909e-05
24.985391733923858	5.20265e-05
25.005755331007084	5.37348e-05
25.026119032656361	5.11095e-05
25.046482791358319	5.37805e-05
25.066846529128842	5.20188e-05
25.087210206546306	4.88889e-05
25.107573787465157	5.15682e-05
25.127937252401914	5.1914e-05
25.148300628919007	5.00731e-05
25.168663956002622	5.31585e-05
25.189027313091845	5.40262e-05
25.209390767273558	5.3667e-05
25.229754330779979	5.18602e-05
25.250118010659651	5.09796e-05
25.270481772583135	5.01813e-05
25.290845570645399	5.2937e-05
25.311209307111348	5.30597e-05
25.331572949001824	5.24909e-05
25.35193645723302	5.37082e-05
25.372299860795703	5.1621e-05
25.392663204515063	5.00144e-05
25.413026535971451	5.16924e-05
25.433389941821957	5.27781e-05
25.453753449337011	5.22133e-05
25.474117088525951	5.1765e-05
25.494480833022898	5.01889e-05
25.514844645433637	5.3245e-05
25.535208425378862	5.39548e-05
25.555572098340242	5.36839e-05
25.575935651126475	5.20224e-05
25.596299076349741	5.15477e-05
25.616662413782411	5.43545e-05
25.637025744395114	5.36265e-05
25.657389107638647	4.97592e-05
25.677752556723014	5.20796e-05
25.698116145452584	5.38028e-05
25.718479857862278	5.09832e-05
25.738843666344923	5.34019e-05
25.759207478527276	5.56741e-05
25.779571202936921	5.43095e-05
25.799934813981277	5.28533e-05
25.820298285132495	5.21952e-05
25.840661646552995	5.09218e-05
25.861024940033911	5.38085e-05
25.881388256413263	5.4076e-05
25.901751672720469	5.39651e-05
25.92211520757122	5.22496e-05
25.942478876291563	5.13929e-05
25.962842649415744	5.43575e-05
25.983206446696908	5.34212e-05
26.003570207336136	4.97959e-05
26.023933877493128	5.20493e-05
26.044297405037394	5.36041e-05
26.064660806841896	5.10669e-05
26.085024112324486	5.34591e-05
26.105387408624846	5.53043e-05
26.125750778628653	5.43279e-05
26.146114253525365	5.28915e-05
26.166477873326201	5.19626e-05
26.186841613372415	5.09428e-05
26.207205438158997	5.36566e-05
26.227569247303006	5.40297e-05
26.247932986897357	5.29177e-05
26.268296585461627	5.54999e-05
26.288660043674508	5.2641e-05
26.309023399778891	5.03192e-05
26.329386700808669	5.27398e-05
26.349750033870851	5.36094e-05
26.370113443801682	5.25309e-05
26.390476994578464	5.33092e-05
26.41084067647148	5.10501e-05
26.431204469883731	5.32719e-05
26.451568291574503	5.49376e-05
26.471932043805786	5.41048e-05
26.492295694091176	5.24278e-05
26.512659203631063	5.16599e-05
26.533022595620114	5.06055e-05
26.553385904383227	5.29028e-05
26.573749213967687	5.34212e-05
26.594112569758529	5.2397e-05
26.614476053178155	5.47083e-05
26.634839677702924	5.20757e-05
26.655203412734359	4.97311e-05
26.675567220104927	5.17709e-05
26.695931000218383	5.28908e-05
26.716294706606046	5.17174e-05
26.736658280016631	5.25681e-05
26.757021728910257	5.03617e-05
26.777385072563092	5.2413e-05
26.797748386361878	5.41369e-05
26.818111744614686	5.32699e-05
26.838475183490907	5.1402e-05
26.858838739847492	5.20371e-05
26.879202426747749	5.37874e-05
26.899566208214292	5.2733e-05
26.919930002722523	5.27477e-05
26.940293752598766	5.20017e-05
26.960657385135985	5.4106e-05
26.981020895167685	5.11105e-05
27.001384287142127	5.27474e-05
27.021747617257077	5.56793e-05
27.04211096220418	5.3771e-05
27.06247435828827	5.1549e-05
27.082837851078175	5.34872e-05
27.10320147657767	5.44517e-05
27.123565210290774	5.30293e-05
27.143928992399459	5.41833e-05
27.164292735452808	5.31968e-05
27.184656402444293	5.10779e-05
27.205019961888436	5.18417e-05
27.225383406562791	5.33048e-05
27.245746770410019	5.20211e-05
27.266110123283976	5.20946e-05
27.286473498208132	5.1242e-05
27.306836968559203	5.30363e-05
27.327200544708514	5.03593e-05
27.347564231651692	5.18493e-05
27.367927990529147	5.44359e-05
27.38829174498094	5.27074e-05
27.408655447189744	5.05384e-05
27.429019058382128	5.23005e-05
27.449382552002394	5.34609e-05
27.469745952134183	5.19652e-05
27.490109314386856	5.30698e-05
27.510472677147	5.12942e-05
27.530836085484637	5.36037e-05
27.551199603956618	5.51313e-05
27.571563236453809	5.38431e-05
27.591926953986086	5.15492e-05
27.612290699546254	5.19862e-05
27.632654421144462	5.08953e-05
27.653018073273753	5.2864e-05
27.67338161540232	5.33894e-05
27.693745060200381	5.20264e-05
27.714108447554931	5.3657e-05
27.734471840596786	5.19909e-05
27.754835264038594	4.99033e-05
27.775198755595191	5.14631e-05
27.795562348963127	5.24985e-05
27.815926028744183	5.10199e-05
27.83628975410431	5.18767e-05
27.856653481061898	5.01349e-05
27.877017158745478	5.23523e-05
27.897380737335737	5.37363e-05
27.917744219770221	5.25971e-05
27.938107633615708	5.02974e-05
27.958471013704628	5.10388e-05
27.978834420132504	5.36811e-05
27.999197878429207	5.23427e-05
28.019561430360074	5.23188e-05
28.039925068820654	5.10971e-05
28.060288767770952	5.25203e-05
28.080652492707582	5.02531e-05
28.101016190553946	5.23765e-05
28.121379803878	5.45204e-05
28.141743323350173	5.27256e-05
28.162106769211185	5.04553e-05
28.182470167988441	5.16763e-05
28.202833580034152	5.368e-05
28.22319702465478	5.24789e-05
28.243560548692106	5.28626e-05
28.263924152526943	5.12394e-05
28.284287823138722	5.31552e-05
28.304651531360612	5.08227e-05
28.325015236491904	5.24375e-05
28.345378872169842	5.52459e-05
28.365742419934922	5.27491e-05
28.386105892711281	5.06289e-05
28.406469310055357	5.23157e-05
28.426832725349826	5.35645e-05
28.447196163690268	5.25307e-05
28.467559667076646	5.3542e-05
28.487923241463257	5.12621e-05
28.508286884228458	5.3661e-05
28.52865057136481	5.1442e-05
28.549014255414662	5.27769e-05
28.569377901311537	5.1734e-05
28.589741472758817	5.17945e-05
28.610104973442933	5.03162e-05
28.630468414975208	5.2296e-05
28.650831841443363	5.31413e-05
28.671195283069771	5.2008e-05
28.691558775316711	5.38776e-05
28.711922336875094	5.1713e-05
28.732285958221283	4.96513e-05
28.752649626491959	5.10824e-05
28.773013301906989	5.23286e-05
28.793376956075367	5.13114e-05
28.813740544348455	5.19266e-05
28.834104066309635	4.99476e-05
28.854467528001887	5.22077e-05
28.874830965600147	5.33943e-05
28.89519442357825	5.26792e-05
28.915557917384977	5.07018e-05
28.935921461593946	5.10592e-05
28.956285066803535	5.35279e-05
28.976648718541544	5.21641e-05
28.997012383669599	5.2235e-05
29.017376038550044	5.13614e-05
29.037739639119238	5.28455e-05
29.058103178594443	5.0267e-05
29.078466658507747	5.24631e-05
29.098830107921408	5.4351e-05
29.119193567962011	5.29025e-05
29.139557059330077	5.10694e-05
29.159920594161147	5.2048e-05
29.180284185977783	5.36819e-05
29.20064782351831	5.27032e-05
29.221011478393862	5.26807e-05
29.24137512884765	5.14857e-05
29.261738737321714	5.3634e-05
29.282102290075006	5.0876e-05
29.302465785014309	5.25662e-05
29.322829245157468	5.5285e-05
29.343192708440025	5.31336e-05
29.363556195247764	5.1189e-05
29.383919724283253	5.29799e-05
29.404283307946592	5.39908e-05
29.424646937097258	5.30203e-05
29.445010586913412	5.35423e-05
29.465374224328926	5.25939e-05
29.485737833779044	5.07585e-05
29.506101395538654	5.10614e-05
29.526464905293693	5.30402e-05
29.546828377876057	5.19246e-05
29.567191847266141	5.16723e-05
29.587555333550434	5.07389e-05
29.607918867257876	5.23745e-05
29.628282447367621	4.96453e-05
29.648646072700814	5.17806e-05
29.66900972085234	5.3963e-05
29.689373359816113	5.23404e-05
29.709736973667368	5.05553e-05
29.73010054461821	5.16823e-05
29.750464063320806	5.3153e-05
29.770827542514006	5.22919e-05
29.791191012942136	5.2174e-05
29.811554494649901	5.10676e-05
29.831918019413379	5.32874e-05
29.852281590609927	5.05115e-05
29.87264520875712	5.21706e-05
29.89300885430772	5.50469e-05
29.913372495213348	5.2829e-05
29.933736114591522	5.08266e-05
29.954099693238337	5.27327e-05
29.974463220840743	5.36494e-05
29.994826707695101	5.27366e-05
30.015190181571576	5.33476e-05
30.035553661185784	5.15982e-05
30.055917179699463	5.41622e-05
30.076280743646912	5.17743e-05
30.096644354761622	5.2982e-05
30.117007997950033	5.20793e-05
30.137371641594168	5.17926e-05
30.157735267420321	5.08535e-05
30.178098855891079	5.30804e-05
30.198462392699231	5.36448e-05
30.218825890426725	5.34102e-05
30.239189364361248	5.07975e-05
30.25955283640474	5.10473e-05
30.279916343344524	5.45408e-05
30.300279901474731	5.19994e-05
30.320643505871359	4.9195e-05
30.341007144795867	5.15738e-05
30.361370787860917	5.20239e-05
30.38173441640977	5.07651e-05
30.402098002055496	5.29142e-05
30.422461542382091	5.02335e-05
30.442825038809239	5.18525e-05
30.463188507629678	5.48629e-05
30.483551982196627	5.26369e-05
30.503915479960785	5.07446e-05
30.524279019671781	5.2666e-05
30.544642614129003	5.36785e-05
30.565006251276188	5.27705e-05
30.585369897179056	5.35276e-05
30.605733532385997	5.17184e-05
30.626097126908075	5.43885e-05
30.646460676326459	5.19754e-05
30.666824183007936	5.31073e-05
30.68718765791288	5.22975e-05
30.70755112813757	5.18713e-05
30.727914612778346	5.10205e-05
30.74827813405777	5.3381e-05
30.768641712684627	5.37711e-05
30.789005337506143	5.36897e-05
30.809368982382612	5.1089e-05
30.829732621913394	5.12689e-05
30.85009622315296	5.49618e-05
30.870459774979732	5.24195e-05
30.89082328426715	4.95257e-05
30.911186762143487	5.20035e-05
30.931550227926319	5.24337e-05
30.951913700647534	5.1208e-05
30.972277216292159	5.34475e-05
30.99264078078324	5.06668e-05
31.013004398024645	5.22954e-05
31.033368049325158	5.53343e-05
31.053731686881758	5.28786e-05
31.074095294915224	5.11807e-05
31.094458854078141	5.23459e-05
31.114822368233284	4.9852e-05
31.135185846461376	5.235e-05
31.155549313645068	5.35801e-05
31.175912791862725	5.22878e-05
31.196276296315418	5.07774e-05
31.216639844086959	5.10978e-05
31.237003445110048	5.29871e-05
31.257367086949198	5.22676e-05
31.277730729327711	5.15798e-05
31.298094345589757	5.09289e-05
31.31845791233382	5.28692e-05
31.338821430963677	4.98368e-05
31.359184908245393	5.22495e-05
31.379548373595291	5.47386e-05
31.399911846107827	5.27377e-05
31.42027533663024	5.12772e-05
31.440638864969024	5.25341e-05
31.461002448072534	5.36755e-05
31.481366076926601	5.32397e-05
31.501729727028618	5.27742e-05
31.522093357567218	5.15854e-05
31.54245693915508	5.43615e-05
31.562820469756151	5.12874e-05
31.583183953157157	5.26873e-05
31.603547416865229	5.61355e-05
31.623910892771228	5.30434e-05
31.644274376916581	5.14864e-05
31.664637901141017	5.28961e-05
31.685001468901451	5.00005e-05
31.705365082454122	5.26878e-05
31.725728724496872	5.40203e-05
31.746092355299915	5.24215e-05
31.766455945489476	5.12452e-05
31.78681948414529	5.16003e-05
31.807182976042906	5.31257e-05
31.827546438685353	5.29098e-05
31.847909908332529	5.16426e-05
31.868273388992424	5.09809e-05
31.888636902195078	5.35318e-05
31.909000453982117	4.99816e-05
31.929364050449163	5.22931e-05
31.949727681493954	5.53442e-05
31.970091319836328	5.2634e-05
31.99045492777417	5.14281e-05
32.010818480590061	5.18601e-05
32.031181983267793	4.95268e-05
32.051545447767268	5.265e-05
32.071908910466945	5.27724e-05
32.092272393226914	5.10673e-05
32.112635899908689	5.45777e-05
32.132999446517466	5.06173e-05
32.153363029990324	4.8808e-05
32.173726647004273	5.19135e-05
32.194090277245749	5.12841e-05
32.214453898162198	5.056e-05
32.234817463349977	5.26623e-05
32.255180974268661	4.92121e-05
32.275544439263712	5.20022e-05
32.29590789308488	5.42943e-05
32.316271372615553	5.21083e-05
32.336634879166908	5.12681e-05
32.356998418754273	5.05739e-05
32.377361991437226	4.90025e-05
32.397725596571597	5.23996e-05
32.418089219122585	5.14638e-05
32.438452845142351	5.04513e-05
32.458816429063369	5.3873e-05
32.479179956321005	5.00535e-05
32.499543430979493	5.1727e-05
32.519906884382515	5.59426e-05
32.54027035472555	5.22918e-05
32.560633859650864	5.09e-05
32.580997396171533	5.25282e-05
32.601360961253675	4.93475e-05
32.621724556019672	5.24766e-05
32.642088169671162	5.35625e-05
32.662451781608709	5.16592e-05
32.682815376931032	5.11199e-05
32.703178917021681	5.1296e-05
32.723542407112411	5.24622e-05
32.743905864163892	5.28273e-05
32.764269327846783	5.0936e-05
32.784632818593217	5.02517e-05
32.804996355353701	5.35195e-05
32.825359916838835	4.92374e-05
32.84572350506587	5.16306e-05
32.866087112154659	5.53804e-05
32.886450719673952	5.20429e-05
32.906814317370291	5.1104e-05
32.927177873310406	5.16024e-05
32.947541376043965	4.89887e-05
32.967904837004795	5.24468e-05
32.988268294506561	5.23963e-05
33.008631770540099	5.0436e-05
33.028995298909599	5.44274e-05
33.049358863031472	5.00135e-05
33.069722448457128	4.81921e-05
33.090086050100041	5.18158e-05
33.110449652861313	5.07393e-05
33.130813246995004	4.99461e-05
33.151176816866048	5.26364e-05
33.1715403311781	4.87221e-05
33.191903797107386	5.15383e-05
33.212267249861625	5.43682e-05
33.232630726931269	5.15952e-05
33.252994243121272	5.09443e-05
33.273357805020318	5.23353e-05
33.293721390941002	5.25081e-05
33.314084991809864	5.31115e-05
33.334448593570443	5.17163e-05
33.354812186461636	5.04241e-05
33.375175756630952	5.43067e-05
33.395539289482258	5.06387e-05
33.415902768628726	5.164e-05
33.436266224090033	5.63326e-05
33.456629693813483	5.21443e-05
33.476993195667212	5.08103e-05
33.497356752782458	5.28502e-05
33.51772034047346	4.91968e-05
33.538083942457092	5.22767e-05
33.558447544074106	5.39936e-05
33.578811130218412	5.15845e-05
33.599174696168021	5.1037e-05
33.619538239230614	5.17131e-05
33.639901733357902	5.23576e-05
33.660265192902465	5.29532e-05
33.680628657404057	5.13699e-05
33.700992146093988	5.03492e-05
33.72135568862511	5.37576e-05
33.74171927992208	5.00672e-05
33.7620828869075	5.17794e-05
33.782446493696057	5.57451e-05
33.802810083714384	5.21849e-05
33.823173651242627	5.11018e-05
33.843537193214573	5.35447e-05
33.863900701786868	5.30805e-05
33.88426416850367	5.33253e-05
33.904627630249685	5.3564e-05
33.924991121397497	5.206e-05
33.945354652701489	5.1351e-05
33.965718235514359	5.1406e-05
33.986081843508423	5.26828e-05
34.006445452401067	5.30375e-05
34.026809043929454	5.1511e-05
34.047172611331931	5.06426e-05
34.067536149540302	5.32956e-05
34.087899665707049	5.00128e-05
34.10826313855793	5.2083e-05
34.128626597975774	5.51891e-05
34.148990079543786	5.22888e-05
34.169353596538116	5.13015e-05
34.189717163630704	5.3006e-05
34.210080778737996	5.32529e-05
34.230444397737827	5.34849e-05
34.250807999429156	5.33018e-05
34.271171574687841	5.13083e-05
34.29153511645152	5.48689e-05
34.31189863138227	5.20048e-05
34.332262125094203	5.31032e-05
34.352625592125648	5.31521e-05
34.372989070406817	5.19397e-05
34.393352575710423	5.11485e-05
34.413716126078214	5.41443e-05
34.434079729690765	5.36501e-05
34.454443350227919	5.4296e-05
34.474806957928791	5.18314e-05
34.495170539215401	5.14748e-05
34.515534083500555	5.54911e-05
34.535897598551124	5.28487e-05
34.556261096180513	4.94318e-05
34.576624566461938	5.27745e-05
34.596988041795022	5.32577e-05
34.617351539110338	5.13588e-05
34.637715085658932	5.42193e-05
34.658078681241221	5.13888e-05
34.678442308605106	4.92103e-05
34.69880592771046	5.18426e-05
34.719169514695707	5.18679e-05
34.739533064183682	5.11711e-05
34.759896577899568	5.23207e-05
34.780260068573625	4.99604e-05
34.800623542514778	5.24649e-05
34.820987014581092	5.4384e-05
34.841350515775083	5.2504e-05
34.861714054611078	5.1236e-05
34.882077640448017	5.22254e-05
34.902441267104379	5.36364e-05
34.922804902211027	5.34193e-05
34.94316850432503	5.33552e-05
34.963532065900964	5.18467e-05
34.983895584634411	5.41489e-05
35.004259072060215	5.18794e-05
35.02462254540486	5.32558e-05
35.044986017078479	5.63876e-05
35.065349511987897	5.39698e-05
35.085713040643611	5.21325e-05
35.106076614982129	5.40524e-05
35.126440233414669	5.46836e-05
35.146803869453208	5.47737e-05
35.167167481325087	5.19171e-05
35.187531052949829	5.23681e-05
35.207894576650915	5.54196e-05
35.228258068502647	5.3168e-05
35.248621546065884	5.02776e-05
35.268985021138135	5.28254e-05
35.289348513815987	5.37485e-05
35.309712036308703	5.22726e-05
35.330075607047611	5.39167e-05
35.350439217894547	5.19839e-05
35.370802853456993	4.99845e-05
35.391166479728177	5.17189e-05
35.411530060186379	5.26125e-05
35.431893592280744	5.18071e-05
35.452257084131752	5.24857e-05
35.47262055304229	5.06222e-05
35.492984021819126	5.29708e-05
35.513347508534899	5.47281e-05
35.53371103257733	5.33271e-05
35.55407459683267	5.13186e-05
35.574438204215589	5.23896e-05
35.594801839739958	5.44681e-05
35.615165472341694	5.35228e-05
35.635529066311634	5.0626e-05
35.655892609933865	5.201e-05
35.676256105997041	5.40363e-05
35.696619570751963	5.21334e-05
35.716983040221614	5.37308e-05
35.737346526475989	5.25e-05
35.757710046027732	5.30479e-05
35.778073604352002	5.21794e-05
35.798437206570007	5.2997e-05
35.81880084046086	5.13534e-05
35.839164489832989	5.33732e-05
35.859528107419642	5.52652e-05
35.879891665365115	5.38858e-05
35.900255169455832	5.14843e-05
35.920618630882949	5.2725e-05
35.940982086134355	5.47713e-05
35.961345571781791	5.35847e-05
35.981709084330461	5.08474e-05
36.002072634526399	5.22167e-05
36.022436231349886	5.40071e-05
36.042799863448479	5.23093e-05
36.063163504300277	5.36476e-05
36.083527134911925	5.24079e-05
36.103890707192313	5.3296e-05
36.124254221581594	5.2073e-05
36.144617692144003	5.30241e-05
36.164981140560805	5.16419e-05
36.185344609215498	5.2832e-05
36.20570811116314	5.15828e-05
36.226071649617353	5.28855e-05
36.246435239003283	5.47419e-05
36.266798865258181	5.34467e-05
36.287162509928223	5.09782e-05
36.307526152197248	5.24875e-05
36.327889747986866	5.44212e-05
36.348253282069756	5.29512e-05
36.368616761375705	5.38344e-05
36.388980206306293	5.25428e-05
36.409343660700138	5.37586e-05
36.429707147066502	5.2513e-05
36.450070684030443	5.37164e-05
36.470434266754282	5.21783e-05
36.490797891344471	5.31736e-05
36.511161540865992	5.20352e-05
36.531525181842007	5.2771e-05
36.551888798397322	5.16314e-05
36.572252354131649	5.31801e-05
36.592615845278075	5.45934e-05
36.612979300691073	5.36042e-05
36.633342745953762	5.11667e-05
36.653706211548062	5.23792e-05
36.674069735386873	5.46339e-05
36.694433311896418	5.29614e-05
36.714796931708364	5.02869e-05
36.735160582717171	5.1981e-05
36.75552423112093	5.35718e-05
36.775887858460599	5.22084e-05
36.796251427490006	5.35873e-05
36.8166149305654	5.18589e-05
36.836978386245477	5.29675e-05
36.85734181950388	5.20559e-05
36.877705279267722	5.26271e-05
36.89806878547396	5.15666e-05
36.918432345507107	5.33092e-05
36.938795959685564	5.46026e-05
36.959159605498314	5.38541e-05
36.979523261145246	5.14256e-05
36.999886902290946	5.24243e-05
37.020250493667774	5.49424e-05
37.040614015258235	5.31119e-05
37.060977479800421	5.03003e-05
37.081340908739513	5.22353e-05
37.101704353691936	5.37668e-05
37.122067838536019	5.22672e-05
37.142431394698129	5.3805e-05
37.162795003753445	5.2082e-05
37.183158652050295	5.3179e-05
37.203522317659854	5.23424e-05
37.223885960705992	5.27946e-05
37.244249565245298	5.17849e-05
37.264613110358312	5.35967e-05
37.284976584134675	5.47487e-05
37.305340021557363	5.41723e-05
37.325703451437533	5.1668e-05
37.346066908207156	5.25771e-05
37.366430436986001	5.51707e-05
37.386794034518587	5.32738e-05
37.407157677576095	5.04017e-05
37.427521347724095	5.24515e-05
37.447885003217067	5.38491e-05
37.468248624069652	5.2366e-05
37.488612182599766	5.38814e-05
37.508975672224445	5.20697e-05
37.529339112058913	5.32236e-05
37.549702530583744	5.24345e-05
37.570065982862587	5.28581e-05
37.590429489502668	5.18071e-05
37.610793075522921	5.2836e-05
37.631156715777415	5.10656e-05
37.651520393957995	5.27038e-05
37.671884067595357	5.48608e-05
37.692247698360276	5.3361e-05
37.712611275591613	5.12732e-05
37.732974788574467	5.24178e-05
37.75333823780614	5.38554e-05
37.773701650449041	5.30611e-05
37.79406508332508	5.3589e-05
37.814428561735717	5.23233e-05
37.834792121806323	5.39504e-05
37.855155752642602	5.20031e-05
37.8755194222977	5.32746e-05
37.895883104310194	5.24395e-05
37.916246752470073	5.27456e-05
37.936610350320557	5.17496e-05
37.956973883091102	5.3464e-05
37.977337346994616	5.44965e-05
37.99770077295517	5.40512e-05
38.018064192920335	5.13408e-05
38.038427644010547	5.22925e-05
38.058791174351285	5.50193e-05
38.079154787874671	5.27866e-05
38.099518453396939	5.0107e-05
38.119882143939066	5.23349e-05
38.140245809304602	5.34482e-05
38.160609428410574	5.21227e-05
38.180972973914336	5.3601e-05
38.201336454673687	5.15915e-05
38.221699883051336	5.31048e-05
38.242063289404307	5.21886e-05
38.262426733590786	5.24677e-05
38.282790237013465	5.16404e-05
38.303153826396304	5.22454e-05
38.323517486824095	5.05646e-05
38.343881186093626	5.25142e-05
38.36424487333597	5.42137e-05
38.38460850633993	5.30186e-05
38.404972074930832	5.1075e-05
38.425335572599344	5.17974e-05
38.445699012472097	5.35046e-05
38.466062413919701	5.2869e-05
38.486425838036261	5.30154e-05
38.506789311466626	5.19648e-05
38.527152872607985	5.35424e-05
38.547516515274758	5.13753e-05
38.567880216151998	5.2977e-05
38.58824391882041	5.57087e-05
38.608607574849806	5.3878e-05
38.628971168172299	5.18539e-05
38.649334685653564	5.3486e-05
38.669698137187552	5.44647e-05
38.690061538461677	5.37039e-05
38.710424945088178	5.43134e-05
38.73078840926852	5.33935e-05
38.751151944648186	5.14525e-05
38.77151556338918	5.19059e-05
38.791879248503875	5.35947e-05
38.812242955058323	5.29891e-05
38.832606627933359	5.28441e-05
38.852970244933687	5.18655e-05
38.873333779498601	5.32628e-05
38.893697243112555	5.10554e-05
38.914060650638397	5.27859e-05
38.934424045550308	5.53229e-05
38.954787485416233	5.35785e-05
38.975150990315939	5.16858e-05
38.995514580159778	5.30859e-05
39.015878251342912	5.41758e-05
39.036241968124166	5.35526e-05
39.05660566493308	5.38929e-05
39.076969297762268	5.31456e-05
39.09733285748483	5.1238e-05
39.117696339893982	5.14531e-05
39.138059769897254	5.33524e-05
39.158423168275519	5.27631e-05
39.178786593294895	5.24839e-05
39.199150071306121	5.16354e-05
39.219513639615137	5.28641e-05
39.239877290134309	5.0682e-05
39.260241007262657	5.25567e-05
39.280604720499305	5.48674e-05
39.300968377535071	5.32729e-05
39.321331962909277	5.14755e-05
39.34169546503513	5.26176e-05
39.362058899498166	5.38484e-05
39.382422295032171	5.33176e-05
39.402785699674283	5.34396e-05
39.423149144502062	5.2184e-05
39.443512677864739	5.43473e-05
39.463876298338178	5.18422e-05
39.484239998019646	5.30608e-05
39.504603722191803	5.64375e-05
39.524967403267901	5.39997e-05
39.545331019390375	5.18876e-05
39.565694546320877	5.30259e-05
39.586057998308355	5.08095e-05
39.606421398078297	5.26931e-05
39.62678479495117	5.4512e-05
39.647148240119847	5.29451e-05
39.667511752455489	5.12576e-05
39.687875350300459	5.20549e-05
39.708239026923472	5.33463e-05
39.728602753043887	5.2904e-05
39.748966452469645	5.27501e-05
39.769330096373778	5.16576e-05
39.789693648428269	5.3746e-05
39.810057116799662	5.11191e-05
39.830420518232081	5.25789e-05
39.850783907296531	5.58379e-05
39.87114732915753	5.34905e-05
39.89151080872518	5.15176e-05
39.911874371598927	5.35942e-05
39.932238024797002	5.39934e-05
39.952601742349358	5.32709e-05
39.972965460072196	5.39826e-05
39.993329115595046	5.28686e-05
40.013692694523591	5.12422e-05
