0.012	5.09234e-08
0.0264	1.26988e-07
0.04368	2.59919e-07
0.0642855	6.28335e-07
0.0881494	3.01089e-08
0.115209	7.93487e-08
0.145412	1.88232e-07
0.176419	2.38039e-07
0.206965	2.01979e-07
0.237206	1.71649e-07
0.267275	1.53548e-07
0.297172	1.39503e-07
0.326767	1.23908e-07
0.356065	1.09554e-07
0.385065	9.73859e-08
0.413802	8.73872e-08
0.442322	7.98677e-08
0.470609	7.28295e-08
0.498713	6.75728e-08
0.526637	6.27867e-08
0.554397	5.87314e-08
0.582024	5.53975e-08
0.609503	5.22202e-08
0.636859	4.94738e-08
0.664022	4.60884e-08
0.691016	9.72123e-07
0.71784	9.08842e-07
0.74451	8.54698e-07
0.771029	8.04521e-07
0.797406	7.60299e-07
0.823649	7.21406e-07
0.849761	6.85016e-07
0.875753	6.52931e-07
0.901624	6.23098e-07
0.927388	5.96442e-07
0.95304	5.71745e-07
0.978595	5.49643e-07
1.00405	5.28647e-07
1.02941	5.09911e-07
1.05468	4.91566e-07
1.07985	4.74047e-07
1.10493	4.56924e-07
1.12991	4.40749e-07
1.1548	4.2585e-07
1.17961	4.11499e-07
1.20432	3.98002e-07
1.22896	3.85449e-07
1.25352	3.73681e-07
1.27799	3.62471e-07
1.3024	3.51849e-07
1.32673	3.41644e-07
1.35098	3.32149e-07
1.37517	3.22987e-07
1.3993	3.14592e-07
1.42335	3.06262e-07
1.44735	2.983e-07
1.47128	2.9102e-07
1.49515	2.83858e-07
1.51897	2.76763e-07
1.54273	2.70371e-07
1.56643	2.64078e-07
1.59007	2.57699e-07
1.61366	2.51564e-07
1.63718	2.45427e-07
1.66065	2.39435e-07
1.68407	2.34084e-07
1.70743	2.28773e-07
1.73074	2.23435e-07
1.754	2.1862e-07
1.7772	2.13917e-07
1.80036	2.09155e-07
1.82347	2.04987e-07
1.84653	2.00748e-07
1.86954	1.96588e-07
1.89251	1.92991e-07
1.91543	1.89294e-07
1.93832	1.8561e-07
1.96115	1.82603e-07
1.98395	1.79534e-07
2.006708	1.76462e-07
2.029425	1.7411e-07
2.052103	1.71668e-07
2.074742	1.69413e-07
2.097341	1.67517e-07
2.119901	1.65662e-07
2.142422	1.64125e-07
2.164905	1.62818e-07
2.187351	1.61646e-07
2.209761	1.60859e-07
2.232135	1.60099e-07
2.254474	1.59282e-07
2.276778	1.5888e-07
2.299048	1.58211e-07
2.321285	1.57382e-07
2.34349	1.5645e-07
2.365662	1.55094e-07
2.387802	1.53437e-07
2.409911	1.50952e-07
2.431987	1.48143e-07
2.454033	1.45199e-07
2.476048	1.41552e-07
2.498033	1.37427e-07
2.519988	1.32948e-07
2.541915	1.28403e-07
2.563812	1.25068e-07
2.585681	1.23358e-07
2.607523	1.23168e-07
2.629337	1.23604e-07
2.651124	1.23566e-07
2.672885	1.23154e-07
2.69462	1.21893e-07
2.716329	1.19613e-07
2.738012	1.17494e-07
2.759671	1.17279e-07
2.781305	1.19739e-07
2.802915	1.22864e-07
2.824501	1.26548e-07
2.846063	1.32076e-07
2.867602	1.38206e-07
2.889118	1.43743e-07
2.910612	1.48072e-07
2.932084	1.50762e-07
2.953533	1.52218e-07
2.974961	1.5183e-07
2.996368	1.50202e-07
3.017753	1.47197e-07
3.039118	1.43329e-07
3.060463	1.38845e-07
3.081787	1.33802e-07
3.103092	1.2861e-07
3.124376	1.23446e-07
3.145642	1.18567e-07
3.166888	1.14319e-07
3.188116	1.10551e-07
3.209325	1.07529e-07
3.230516	1.05084e-07
3.251689	1.03163e-07
3.272844	1.01753e-07
3.293982	1.0054e-07
3.315102	9.95483e-08
3.336206	9.84703e-08
3.357293	9.72781e-08
3.378364	9.58831e-08
3.399419	9.41207e-08
3.420458	9.22464e-08
3.441481	8.99801e-08
3.46249	8.75872e-08
3.483483	8.50497e-08
3.504463	8.24142e-08
3.525427	7.99123e-08
3.546378	7.74175e-08
3.567315	7.52664e-08
3.588238	7.32123e-08
3.609148	7.14872e-08
3.630044	7.00017e-08
3.650927	6.87029e-08
3.671797	6.75976e-08
3.692654	6.6495e-08
3.713499	6.55957e-08
3.734332	6.455e-08
3.755152	6.35265e-08
3.77596	6.23668e-08
3.796755	6.11883e-08
3.817539	5.98989e-08
3.838311	5.85798e-08
3.859071	5.72748e-08
3.879818	5.59721e-08
3.900554	5.47893e-08
3.921278	5.36565e-08
3.94199	5.26061e-08
3.96269	5.16147e-08
3.983378	5.06571e-08
4.0040539	4.97095e-08
4.0247181	4.87659e-08
4.0453707	4.78319e-08
4.0660121	4.68281e-08
4.0866425	4.58558e-08
4.1072621	4.48037e-08
4.1278713	4.3791e-08
4.1484705	9.88941e-07
4.1690599	9.66487e-07
4.1896399	9.4262e-07
4.2102109	9.18777e-07
4.2307729	8.94599e-07
4.2513263	8.70063e-07
4.2718713	8.46241e-07
4.2924084	8.22185e-07
4.3129377	7.99093e-07
4.3334596	7.75903e-07
4.3539744	7.53827e-07
4.3744824	7.31468e-07
4.3949838	7.10238e-07
4.4154788	6.88614e-07
4.4359678	6.68081e-07
4.456451	6.47013e-07
4.4769286	6.2684e-07
4.4974008	6.0633e-07
4.5178679	5.86326e-07
4.5383301	5.66253e-07
4.5587876	5.46703e-07
4.5792406	5.27391e-07
4.5996894	5.08347e-07
4.6201341	4.89864e-07
4.640575	4.73049e-07
4.6610122	4.55621e-07
4.6814459	4.38388e-07
4.7018763	4.21962e-07
4.7223035	4.06077e-07
4.7427278	3.9082e-07
4.7631493	3.76001e-07
4.783568	3.61829e-07
4.8039842	3.48241e-07
4.8243979	3.35028e-07
4.8448093	3.22217e-07
4.8652185	3.09793e-07
4.8856256	2.97766e-07
4.9060306	2.85978e-07
4.9264337	2.74592e-07
4.946835	2.63437e-07
4.9672345	2.52658e-07
4.9876323	2.42419e-07
5.0080286	2.32589e-07
5.0284233	2.23004e-07
5.0488167	2.13866e-07
5.0692087	2.05006e-07
5.0895993	1.96507e-07
5.1099888	1.88334e-07
5.1303771	1.80505e-07
5.1507643	1.72941e-07
5.1711504	1.65677e-07
5.1915355	1.58712e-07
5.2119197	1.51985e-07
5.2323029	1.45538e-07
5.2526853	1.39308e-07
5.2730668	1.33363e-07
5.2934476	1.27653e-07
5.3138275	1.22145e-07
5.3342068	1.16911e-07
5.3545854	1.11845e-07
5.3749633	1.0704e-07
5.3953406	1.02393e-07
5.4157173	9.80343e-08
5.4360934	9.3776e-08
5.456469	8.97838e-08
5.4768441	8.59264e-08
5.4972187	8.22614e-08
5.5175928	7.87504e-08
5.5379665	7.53855e-08
5.5583397	7.22052e-08
5.5787126	6.91152e-08
5.599085	6.62016e-08
5.6194571	6.3389e-08
5.6398288	6.07143e-08
5.6602002	5.81571e-08
5.6805713	5.56929e-08
5.700942	5.33922e-08
5.7213125	5.11163e-08
5.7416826	4.90046e-08
5.7620525	4.69386e-08
5.7824221	4.49567e-08
5.8027915	4.30817e-08
5.8231607	4.13711e-08
5.8435296	3.97633e-08
5.8638983	3.81562e-08
5.8842667	3.66053e-08
5.904635	3.50915e-08
5.9250031	3.36686e-08
5.945371	3.23581e-08
5.9657387	9.80799e-07
5.9861063	9.40836e-07
6.00647367	9.03183e-07
6.02684089	8.67379e-07
6.04720797	8.34754e-07
6.0675749	8.01359e-07
6.08794169	7.68534e-07
6.10830834	7.37118e-07
6.12867487	7.07417e-07
6.14904127	6.77683e-07
6.16940756	6.51418e-07
6.18977373	6.25501e-07
6.21013979	6.00069e-07
6.23050575	5.77923e-07
6.25087161	5.54453e-07
6.27123737	5.32379e-07
6.29160303	5.09663e-07
6.31196861	4.89878e-07
6.33233411	4.70019e-07
6.35269952	4.50595e-07
6.37306485	4.31707e-07
6.3934301	4.14332e-07
6.41379529	3.97365e-07
6.4341604	3.81799e-07
6.45452545	3.65224e-07
6.47489043	3.50319e-07
6.49525535	3.35627e-07
6.51562022	3.22693e-07
6.53598502	3.09165e-07
6.55634978	2.96334e-07
6.57671448	2.83492e-07
6.59707913	2.50257e-07
6.61744374	2.37685e-07
6.63780831	2.30642e-07
6.65817283	2.23782e-07
6.67853732	2.16065e-07
6.69890177	2.08466e-07
6.71926618	2.01507e-07
6.73963056	1.93841e-07
6.75999491	1.86785e-07
6.78035922	1.79045e-07
6.8007235	1.72208e-07
6.82108775	1.65041e-07
6.84145197	1.58471e-07
6.86181617	1.5172e-07
6.88218034	1.45659e-07
6.90254448	1.3992e-07
6.9229086	1.34398e-07
6.94327269	1.28889e-07
6.96363677	1.23707e-07
6.98400082	1.18607e-07
7.00436485	1.13918e-07
7.02472885	1.09272e-07
7.04509285	1.04926e-07
7.06545682	1.00557e-07
7.08582077	9.65266e-08
7.10618471	9.24823e-08
7.12654863	8.87792e-08
7.14691254	8.50232e-08
7.16727643	8.16145e-08
7.18764031	7.82706e-08
7.20800417	7.51517e-08
7.22836802	7.19282e-08
7.24873186	6.90843e-08
7.26909569	6.63078e-08
7.2894595	6.36702e-08
7.30982331	6.09656e-08
7.33018711	5.86172e-08
7.35055089	5.6129e-08
7.37091466	5.38965e-08
7.39127843	5.15355e-08
7.41164219	4.94653e-08
7.43200593	4.73246e-08
7.45236967	4.54133e-08
7.4727334	4.35065e-08
7.49309713	4.17367e-08
7.51346084	3.99563e-08
7.53382455	3.84601e-08
7.55418826	3.68945e-08
7.57455196	3.54362e-08
7.59491565	3.41192e-08
7.61527934	3.27216e-08
7.63564302	3.1398e-08
7.6560067	3.01309e-08
7.67637037	2.88923e-08
7.69673403	2.76754e-08
7.71709769	2.66729e-08
7.73746135	2.57646e-08
7.757825	2.49034e-08
7.77818864	2.42243e-08
7.79855229	2.38758e-08
7.81891593	2.36545e-08
7.83927957	2.33464e-08
7.8596432	2.31006e-08
7.88000684	2.30972e-08
7.90037046	2.3173e-08
7.92073409	2.33991e-08
7.94109771	2.32953e-08
7.96146133	2.34855e-08
7.98182494	2.38246e-08
8.002188551	2.45174e-08
8.02255216	2.5017e-08
8.042915766	2.55924e-08
8.06327937	2.66452e-08
8.083642972	2.74528e-08
8.104006571	2.88802e-08
8.124370169	3.01739e-08
8.144733765	3.13463e-08
8.16509736	3.2944e-08
8.185460954	3.46175e-08
8.205824548	3.6616e-08
8.22618814	3.89011e-08
8.246551731	4.09026e-08
8.266915321	4.32975e-08
8.287278908	4.60167e-08
8.307642492	4.85822e-08
8.328006072	5.17882e-08
8.348369649	5.61576e-08
8.368733224	5.83582e-08
8.389096797	6.19391e-08
8.40946037	6.72637e-08
8.429823944	7.02119e-08
8.450187521	7.53495e-08
8.470551101	8.18931e-08
8.490914683	8.58194e-08
8.511278265	9.07848e-08
8.531641845	9.89623e-08
8.55200542	1.04147e-07
8.57236899	1.10976e-07
8.592732554	1.20909e-07
8.613096113	1.2745e-07
8.633459668	1.34982e-07
8.653823225	1.47414e-07
8.674186786	1.55835e-07
8.694550353	1.65495e-07
8.71491393	1.79524e-07
8.735277513	1.90041e-07
8.755641099	2.00787e-07
8.776004682	2.17388e-07
8.796368257	2.31644e-07
8.81673182	2.46554e-07
8.837095369	2.68278e-07
8.857458906	2.84773e-07
8.877822438	2.98306e-07
8.898185973	3.2254e-07
8.918549517	3.44245e-07
8.938913079	3.6312e-07
8.95927666	3.98908e-07
8.97964026	4.26733e-07
9.000003871	4.42027e-07
9.020367481	4.80842e-07
9.040731076	5.14295e-07
9.061094641	5.32134e-07
9.081458172	5.88111e-07
9.101821671	6.37213e-07
9.122185152	6.60734e-07
9.142548634	7.15944e-07
9.162912138	7.69263e-07
9.18327568	7.93672e-07
9.203639268	8.64832e-07
9.224002903	9.43868e-07
9.24436657	9.846e-07
9.264730246	4.52998e-08
9.285093899	4.74083e-08
9.305457494	5.26421e-08
9.325821017	5.02275e-08
9.346184486	5.50976e-08
9.36654792	5.3122e-08
9.386911349	5.64418e-08
9.407274824	6.03902e-08
9.42763836	5.67153e-08
9.448001951	6.03077e-08
9.468365589	5.6525e-08
9.488729255	5.88235e-08
9.509092905	6.40228e-08
9.529456522	6.00568e-08
9.549820088	6.18615e-08
9.570183592	6.55342e-08
9.590547057	6.3328e-08
9.610910505	5.94597e-08
9.631273966	6.10206e-08
9.65163748	6.55652e-08
9.672001057	6.20857e-08
9.692364678	6.4823e-08
9.712728325	6.07214e-08
9.733091976	6.26161e-08
9.753455593	6.64315e-08
9.773819162	6.55561e-08
9.794182684	6.09898e-08
9.814546158	6.24688e-08
9.834909615	6.58098e-08
9.855273074	6.18939e-08
9.875636563	6.39722e-08
9.896000112	6.77669e-08
9.916363724	6.4556e-08
9.936727369	6.88377e-08
9.957091022	6.45782e-08
9.977454658	6.55552e-08
9.9978182462	7.163e-08
10.018181781	6.63257e-08
10.038545276	7.09312e-08
10.05890874	6.79818e-08
10.079272183	6.82538e-08
10.099635651	7.34766e-08
10.119999168	7.23054e-08
10.140362738	6.55501e-08
10.160726361	6.76018e-08
10.181090022	7.15002e-08
10.201453664	7.34832e-08
10.221817265	7.28242e-08
10.24218082	6.85348e-08
10.262544327	6.84745e-08
10.282907811	7.35365e-08
10.303271285	6.98233e-08
10.323634756	6.97834e-08
10.343998258	7.56517e-08
10.364361803	7.19946e-08
10.384725393	7.45254e-08
10.40508902	7.09557e-08
10.425452668	7.25272e-08
10.445816282	7.63469e-08
10.466179847	7.52833e-08
10.486543366	6.99255e-08
10.506906848	7.15943e-08
10.527270312	7.3955e-08
10.547633798	7.6988e-08
10.567997312	7.52164e-08
10.588360855	7.01531e-08
10.608724435	7.16091e-08
10.629088049	7.52673e-08
10.649451675	7.83532e-08
10.669815299	7.36596e-08
10.690178877	7.76419e-08
10.710542403	7.32345e-08
10.730905881	7.54453e-08
10.751269345	8.21265e-08
10.771632829	7.76121e-08
10.791996345	7.23588e-08
10.81235989	7.41597e-08
10.832723468	7.56273e-08
10.853087073	8.17395e-08
10.873450685	8.04336e-08
10.893814294	7.29572e-08
10.914177883	7.49005e-08
10.93454142	7.76566e-08
10.954904909	7.99216e-08
10.975268378	8.04182e-08
10.995631848	7.59429e-08
11.015995343	7.55304e-08
11.036358894	8.01766e-08
11.056722479	7.55715e-08
11.077086092	7.57108e-08
11.097449711	8.36613e-08
11.117813316	8.1079e-08
11.138176899	7.48561e-08
11.15854045	7.6979e-08
11.178903941	7.84121e-08
11.199267399	8.30185e-08
11.219630861	8.29906e-08
11.239994345	7.70812e-08
11.260357876	7.88123e-08
11.280721466	8.25429e-08
11.301085084	7.6452e-08
11.321448707	8.09937e-08
11.34181232	7.85708e-08
11.362175907	8.04588e-08
11.382539455	8.53328e-08
11.402902966	8.09679e-08
11.423266432	7.43787e-08
11.443629877	7.7417e-08
11.463993347	8.3077e-08
11.484356861	8.03869e-08
11.504720438	8.22811e-08
11.525084064	7.68539e-08
11.545447707	7.79624e-08
11.565811333	8.36033e-08
11.586174929	8.05442e-08
11.606538478	8.69071e-08
11.626901984	8.1267e-08
11.647265457	8.1803e-08
11.667628898	7.79166e-08
11.687992337	8.03578e-08
11.708355824	8.82287e-08
11.728719379	8.71872e-08
11.749082996	7.90806e-08
11.769446651	7.93766e-08
11.789810294	8.22191e-08
11.810173907	7.90416e-08
11.830537468	8.65087e-08
11.850900978	8.3011e-08
11.871264447	8.23615e-08
11.891627892	8.60063e-08
11.911991341	8.09803e-08
11.932354817	7.68251e-08
11.952718344	8.34314e-08
11.973081939	8.75784e-08
11.99344559434	8.13584e-08
12.01380925529	8.30464e-08
12.03417289179	7.70371e-08
12.05453648076	8.10839e-08
12.07490000782	9.13921e-08
12.09526348889	8.70004e-08
12.11562694407	8.02126e-08
12.13599037609	8.0611e-08
12.15635383144	8.22999e-08
12.17671733008	8.18871e-08
12.19708089675	8.84216e-08
12.21744452651	8.32463e-08
12.23780820658	8.48602e-08
12.25817186695	8.4781e-08
12.27853547415	8.23436e-08
12.29889902237	8.12058e-08
12.31926251112	8.51026e-08
12.33962596611	8.90056e-08
12.35998940793	8.41958e-08
12.38035284084	8.17178e-08
12.40071631628	8.77808e-08
12.42107985784	8.94084e-08
12.44144346227	8.40567e-08
12.46180712183	8.67107e-08
12.48217079302	8.80953e-08
12.50253443125	8.0027e-08
12.52289800715	8.7038e-08
12.54326151994	8.52484e-08
12.56362497754	8.8428e-08
12.58398841843	9.48021e-08
12.60435187275	8.65484e-08
12.62471534467	7.76095e-08
12.64507885982	8.42507e-08
12.665442439	9.13372e-08
12.68580607513	8.83155e-08
12.7061697389	9.10304e-08
12.72653339076	8.28908e-08
12.74689698692	8.46502e-08
12.76726052176	8.34728e-08
12.78762399747	8.73883e-08
12.80798744572	9.60135e-08
12.82835090632	8.91181e-08
12.84871437559	7.95874e-08
12.86907787691	8.20635e-08
12.88944143612	8.87892e-08
12.90980505083	8.71294e-08
12.93016869997	9.32701e-08
12.95053235982	8.53593e-08
12.97089597196	8.3273e-08
12.9912595269	8.22502e-08
13.01162302148	8.51496e-08
13.03198648033	9.55033e-08
13.05234994077	9.22928e-08
13.07271341256	8.18848e-08
13.09307690579	8.14963e-08
13.11344044901	8.73053e-08
13.13380404338	8.51302e-08
13.15416767578	9.43978e-08
13.17453132941	8.84794e-08
13.19489495271	8.5715e-08
13.21525852353	8.13103e-08
13.23562203445	8.39547e-08
13.25598550384	9.36685e-08
13.27634896623	9.45649e-08
13.29671244231	8.42737e-08
13.31707593321	8.36324e-08
13.33743946613	8.75712e-08
13.35780304472	8.30648e-08
13.37816666195	9.36089e-08
13.39853029428	9.06765e-08
13.41889392135	8.09537e-08
13.43925750265	8.17932e-08
13.45962102575	8.41518e-08
13.47998450311	9.04075e-08
13.5003479667	9.44941e-08
13.52071143701	8.63149e-08
13.54107493074	8.49619e-08
13.56143845968	8.77329e-08
13.58180202889	8.26965e-08
13.60216563541	9.1724e-08
13.62252925954	9.31533e-08
13.64289288686	8.27091e-08
13.6632564835	8.39077e-08
13.68362002358	8.49588e-08
13.70398351206	7.98259e-08
13.72434697794	9.14237e-08
13.74471044149	8.8772e-08
13.76507393006	8.58823e-08
13.7854374548	9.09072e-08
13.80580101807	8.33292e-08
13.82616461551	7.92311e-08
13.8465282397	8.94505e-08
13.86689186547	9.06411e-08
13.88725547992	8.62752e-08
13.90761903678	8.79391e-08
13.92798253824	8.00692e-08
13.94834600806	8.98133e-08
13.96870946542	9.01288e-08
13.98907293789	8.76913e-08
14.0094364577312	9.40583e-08
14.0298000130973	8.64133e-08
14.0501636013946	7.80029e-08
14.0705272175708	8.77208e-08
14.0908908398268	9.48711e-08
14.1112544558006	8.70777e-08
14.131618032832	9.20564e-08
14.1519815536864	8.33996e-08
14.1723450349716	8.69751e-08
14.1927085077246	9.18071e-08
14.2130719896849	8.36212e-08
14.2334355040105	8.50022e-08
14.2537990549689	8.80929e-08
14.2741626356452	7.72799e-08
14.2945262384683	8.69745e-08
14.31488985414	8.72017e-08
14.3352534688751	8.46285e-08
14.3556170600466	9.33085e-08
14.3759805997988	8.55877e-08
14.3963440939232	7.55491e-08
14.4167075575528	8.54989e-08
14.4370710296378	9.17672e-08
14.4574345273653	8.55789e-08
14.4777980714691	9.17776e-08
14.4981616426774	8.29282e-08
14.5185252369021	8.58967e-08
14.5388888459439	8.74052e-08
14.5592524577909	8.87541e-08
14.5796160513772	9.55216e-08
14.5999796099103	9.10697e-08
14.6203431219358	7.62097e-08
14.6407065980394	8.41497e-08
14.661070072973	9.40524e-08
14.6814335632932	8.56622e-08
14.7017970968586	9.40728e-08
14.7221606625634	8.79358e-08
14.7425242495702	8.34116e-08
14.7628878511626	8.57714e-08
14.7832514573138	9.11256e-08
14.8036150489136	9.47826e-08
14.8239786175551	9.50302e-08
14.8443421450529	8.29982e-08
14.864705633971	8.22424e-08
14.8850691134089	9.51278e-08
14.9054325990543	8.85981e-08
14.9257961207536	9.55875e-08
14.946159684211	9.14443e-08
14.9665232657805	7.70849e-08
14.9868868609564	8.38508e-08
15.0072504552867	9.16986e-08
15.0276140424889	8.50809e-08
15.0479776114859	9.37487e-08
15.0683411540567	8.72768e-08
15.0887046650757	8.30072e-08
15.1090681553673	8.48104e-08
15.1294316430273	8.82818e-08
15.1497951588092	9.43882e-08
15.1701587138572	9.44401e-08
15.1905222925003	8.15365e-08
15.2108858824712	8.2084e-08
15.2312494716142	9.31262e-08
15.2516130543978	8.65228e-08
15.2719766214649	9.49467e-08
15.2923401732238	9.15342e-08
15.3127036979845	8.38815e-08
15.3330672000747	8.45766e-08
15.3534306944438	9.04414e-08
15.3737942095462	9.40676e-08
15.3941577577945	9.69214e-08
15.4145213355139	8.73401e-08
15.4348849216765	8.2684e-08
15.45524850525	9.37258e-08
15.4756120814072	8.90194e-08
15.495975642631	9.47775e-08
15.5163391908779	9.46309e-08
15.5367027230994	8.27593e-08
15.5570662339046	8.25388e-08
15.5774297450285	9.14578e-08
15.5977932655151	8.60566e-08
15.6181568125271	9.43431e-08
15.6385203870374	9.06028e-08
15.6588839749237	8.54932e-08
15.6792475573766	9.35892e-08
15.6996111267042	9.1195e-08
15.7199746823757	8.52178e-08
15.7403382259043	9.4052e-08
15.7607017621585	8.71304e-08
15.7810652801503	8.36523e-08
15.8014287964864	9.25419e-08
15.821792319031	8.81011e-08
15.8421558642616	9.42944e-08
15.8625194337963	9.35863e-08
15.882883019138	8.31439e-08
15.9032465996451	8.2726e-08
15.9236101656193	9.03766e-08
15.9439737165965	8.58103e-08
15.9643372553651	9.36076e-08
15.9847007880873	8.99476e-08
16.005064314530316	8.6447e-08
16.025427839609687	9.28783e-08
16.04579137674909	9.09266e-08
16.066154928540364	8.51126e-08
16.086518499374051	9.24904e-08
16.10688208618156	9.3824e-08
16.127245666527617	8.75946e-08
16.147609230362654	8.47707e-08
16.167972775362568	8.71749e-08
16.188336305943039	9.44991e-08
16.208699829769682	9.2662e-08
16.229063362225954	9.0105e-08
16.249426892833952	8.49997e-08
16.26979043628527	9.03836e-08
16.290153994274586	8.69989e-08
16.310517569997717	9.39876e-08
16.330881159280445	9.05208e-08
16.351244750972302	8.87522e-08
16.371608318197907	9.29865e-08
16.39197185989423	9.16469e-08
16.412335382109532	8.63179e-08
16.432698893389571	9.24591e-08
16.453062413546668	9.50895e-08
16.473425948927133	8.88039e-08
16.493789494909741	8.46504e-08
16.514153057483711	8.76719e-08
16.534516639141877	9.43912e-08
16.554880230238282	9.35294e-08
16.575243823183683	8.54707e-08
16.595607394502302	8.46927e-08
16.615970935547551	9.06521e-08
16.636334451774388	8.76605e-08
16.656697958581017	9.34051e-08
16.677061467975005	9.05199e-08
16.697425000215073	8.93341e-08
16.717788545713017	8.47784e-08
16.738152114435053	8.95549e-08
16.7585157023994	8.70368e-08
16.778879305258897	9.19442e-08
16.799242907282778	9.56421e-08
16.819606488282375	9.03069e-08
16.839970036551211	8.46502e-08
16.860333552418282	8.81845e-08
16.880697050888323	9.53618e-08
16.901060555309918	9.39851e-08
16.921424077232807	8.65062e-08
16.941787618659045	8.62258e-08
16.962151186926544	9.11667e-08
16.982514777911007	8.84077e-08
17.002878382193554	9.39809e-08
17.023241989741933	9.09166e-08
17.04360558048392	9.05805e-08
17.063969136288385	8.56948e-08
17.084332654687227	9.00451e-08
17.104696146418927	8.77028e-08
17.125059636619341	9.30193e-08
17.14542313992623	8.90986e-08
17.165786670837196	8.89206e-08
17.186150233136328	9.24271e-08
17.206513824231038	9.14531e-08
17.226877433842162	8.71183e-08
17.247241051135862	9.13286e-08
17.267604653008632	9.40213e-08
17.287968219559257	8.90103e-08
17.308331745606385	8.39963e-08
17.328695236693456	8.74105e-08
17.349058718163192	9.43535e-08
17.369422207417781	9.12345e-08
17.389785734480775	9.12736e-08
17.410149294179377	8.64326e-08
17.430512887223482	9.0191e-08
17.450876503864535	8.79619e-08
17.471240124672097	9.3281e-08
17.49160373716294	8.96675e-08
17.511967326855	8.98828e-08
17.532330865303908	9.30688e-08
17.552694362811767	9.20238e-08
17.573057836411969	8.75517e-08
17.593421307358419	9.18444e-08
17.613784812519363	9.51081e-08
17.634148365895022	9.02451e-08
17.65451195338137	8.45937e-08
17.674875570982135	8.79709e-08
17.695239199312432	9.47577e-08
17.715602823160292	9.17847e-08
17.735966415826166	9.22294e-08
17.756329966833551	8.75697e-08
17.776693468844488	9.0854e-08
17.797056936834789	8.84194e-08
17.817420405019448	9.36444e-08
17.837783892424273	9.04365e-08
17.858147429748726	9.04494e-08
17.878511009679787	8.56389e-08
17.898874626701371	8.89535e-08
17.919238263361208	9.5744e-08
17.939601891934981	9.48848e-08
17.959965498946893	8.8522e-08
17.980329070417046	8.88527e-08
18.000692586686572	9.2459e-08
18.021056058558223	8.96124e-08
18.041419518504881	9.47031e-08
18.061783002703194	9.36e-08
18.082146524728248	8.64381e-08
18.102510096680152	8.66932e-08
18.122873709516856	9.12143e-08
18.143237348939454	8.82959e-08
18.163600986634325	9.32311e-08
18.183964606603347	9.02627e-08
18.204328182843785	9.03515e-08
18.224691711820988	8.58756e-08
18.245055187587646	8.89755e-08
18.265418638606299	9.55271e-08
18.285782104381052	9.50391e-08
18.306145602653789	8.88828e-08
18.326509152774403	8.9258e-08
18.346872758864571	9.28288e-08
18.367236400991022	8.98578e-08
18.38760005104929	9.4841e-08
18.407963677795411	9.38559e-08
18.428327269705346	8.68956e-08
18.448690815872759	8.73249e-08
18.469054308111442	9.12758e-08
18.489417761853009	8.81596e-08
18.509781217426724	9.31051e-08
18.530144696567966	9.02771e-08
18.550508234382271	9.05829e-08
18.570871830881437	8.63785e-08
18.591235471593642	8.89452e-08
18.611599130648568	9.51527e-08
18.631962773106508	9.5087e-08
18.65232638325195	8.90389e-08
18.672689945657726	8.95899e-08
18.693053451693164	9.27894e-08
18.713416916117637	9.10723e-08
18.733780362846996	8.66683e-08
18.754143820792596	9.08283e-08
18.774507333772565	9.36017e-08
18.79487090765868	8.91812e-08
18.815234536183535	9.10037e-08
18.835598194881722	8.78003e-08
18.855961847689553	9.33574e-08
18.876325475301879	9.05605e-08
18.896689048415144	9.12185e-08
18.917052568656807	8.7334e-08
18.937416033383958	8.91763e-08
18.957779471345752	9.48638e-08
18.978142926667076	9.5092e-08
18.998506419082386	8.90234e-08
19.018869969709424	8.97353e-08
19.039233588982782	9.29139e-08
19.059597249947831	8.94888e-08
19.079960915854745	9.40051e-08
19.100324550297486	9.3802e-08
19.12068814081254	8.67431e-08
19.141051676253102	8.78113e-08
19.161415159825257	9.11283e-08
19.181778602308832	8.71721e-08
19.202142048347902	9.26109e-08
19.222505521441327	9.01596e-08
19.242869059343374	9.07296e-08
19.263232662128292	8.73045e-08
19.283596321755777	8.88068e-08
19.303959998235012	9.39465e-08
19.324323650957361	9.47056e-08
19.344687262713553	8.84964e-08
19.365050816989946	8.94156e-08
19.385414310316893	9.3561e-08
19.405777756082614	8.91605e-08
19.426141190358308	9.32011e-08
19.446504657601846	9.35463e-08
19.466868173575662	8.62573e-08
19.487231753884561	8.768e-08
19.507595396759108	9.09054e-08
19.527959073033518	8.65277e-08
19.548322737534924	9.17967e-08
19.568686368770202	8.9722e-08
19.589049935808166	9.02195e-08
19.609413441892517	8.71751e-08
19.629776895323829	8.86238e-08
19.650140324085889	9.28425e-08
19.670503774254556	9.39402e-08
19.690867266152907	8.79752e-08
19.711230821323472	8.89302e-08
19.73159444925788	9.38947e-08
19.751958129550523	8.86184e-08
19.772321811423804	9.22912e-08
19.792685453987765	9.2871e-08
19.813049044105917	8.53748e-08
19.833412570544095	8.73354e-08
19.853776041146514	9.10974e-08
19.874139476399382	8.57453e-08
19.894502917532012	9.08081e-08
19.914866389010324	8.89475e-08
19.935229917975168	8.92451e-08
19.955593524848609	9.49333e-08
19.975957187774572	9.07652e-08
19.996320874733271	8.43506e-08
20.016684550120743	8.95893e-08
20.037048167043981	9.4446e-08
20.057411710621192	9.16673e-08
20.077775192388618	8.67064e-08
20.098138628917507	8.66219e-08
20.118502059399074	9.16446e-08
20.138865508986495	9.0243e-08
20.159229023465087	9.09736e-08
20.179592607100602	8.82812e-08
20.199956255604565	9.13127e-08
20.220319945486132	8.53169e-08
20.240683620766543	9.05447e-08
20.261047257663286	8.86288e-08
20.281410832167804	8.87991e-08
20.301774331879244	9.51437e-08
20.322137783429373	9.1182e-08
20.342501213903304	8.38097e-08
20.362864648280748	8.87015e-08
20.383228138828642	9.34347e-08
20.403591704894403	9.08517e-08
20.423955336667486	8.63312e-08
20.444319020110335	8.65446e-08
20.464682706780074	9.0527e-08
20.4850463639211	8.91444e-08
20.505409951332151	9.00447e-08
20.525773468251913	8.7526e-08
20.546136926719758	9.11758e-08
20.566500353084983	8.49159e-08
20.58686379300913	8.95643e-08
20.60722726687111	8.76716e-08
20.627590801128761	8.79394e-08
20.64795441391718	9.47556e-08
20.668318080979176	9.10766e-08
20.688681773855972	8.32023e-08
20.709045453473365	8.76978e-08
20.729409068646017	9.21919e-08
20.749772611419541	8.8118e-08
20.770136084134176	9.3225e-08
20.790499510875151	8.81484e-08
20.810862941363315	8.97004e-08
20.831226395769434	8.83197e-08
20.851589903591321	8.95398e-08
20.871953493155498	9.54512e-08
20.892317147946429	9.42819e-08
20.91268084099665	8.54623e-08
20.933044522143433	8.9448e-08
20.953408158996417	8.71777e-08
20.973771726877139	8.73943e-08
20.994135216182315	9.4164e-08
21.014498647231765	9.0804e-08
21.034862066938341	8.97906e-08
21.055225523493107	9.04235e-08
21.075589028270947	8.4208e-08
21.09595260010617	8.57764e-08
21.11631624217042	9.2817e-08
21.13667993192826	8.73588e-08
21.157043622219458	8.86527e-08
21.177407283408883	8.70062e-08
21.197770879675883	8.77089e-08
21.218134389519353	9.42128e-08
21.238497836775693	9.32514e-08
21.258861251796009	8.49525e-08
21.279224689518124	8.85651e-08
21.299588170345064	8.57286e-08
21.319951714716868	8.60903e-08
21.340315336185814	9.31427e-08
21.360679016026531	8.97248e-08
21.381042711383849	8.97079e-08
21.401406374446395	8.93254e-08
21.421769982472028	8.24324e-08
21.442133515127527	8.45163e-08
21.462496976693785	9.15684e-08
21.482860393048234	8.6087e-08
21.503223817820857	8.81058e-08
21.523587279345897	8.58241e-08
21.543950801098713	8.57342e-08
21.564314404308888	9.28561e-08
21.584678068102271	9.16353e-08
21.60504176411683	8.3989e-08
21.625405459474745	8.70262e-08
21.645769099746477	9.09398e-08
21.666132665713675	8.62254e-08
21.686496148420083	9.20731e-08
21.706859570535677	8.85834e-08
21.727222982663253	8.99344e-08
21.747586416941004	8.74432e-08
21.767949909192897	8.82415e-08
21.788313486009717	9.32771e-08
21.808677133241211	9.33673e-08
21.82904082416303	8.53718e-08
21.84940450995434	8.90052e-08
21.869768163850789	8.61104e-08
21.890131757987671	8.4881e-08
21.910495265390686	9.17676e-08
21.930858711015972	8.98936e-08
21.951222125836654	8.27389e-08
21.971585546894623	8.63791e-08
21.991949032552363	8.88447e-08
22.012312594521671	8.44683e-08
22.032676231675797	9.04207e-08
22.053039921498861	8.63943e-08
22.073403617439212	8.89516e-08
22.093767290316517	8.69766e-08
22.11413090833793	8.64809e-08
22.134494442141261	9.18481e-08
22.154857900803545	9.18741e-08
22.175221313392186	8.35647e-08
22.195584715794094	8.72549e-08
22.215948170867208	9.21925e-08
22.236311697438328	8.54367e-08
22.256675313076805	9.07045e-08
22.277038993220245	8.85808e-08
22.297402693861933	8.8983e-08
22.317766383220821	8.73783e-08
22.338130025571573	8.97667e-08
22.358493582187311	9.16636e-08
22.378857061052425	9.24757e-08
22.399220481773654	8.54651e-08
22.419583895858359	8.85385e-08
22.439947335198902	8.67933e-08
22.460310834521337	8.59782e-08
22.480674424477382	9.05479e-08
22.501038087444623	9.00255e-08
22.521401788752353	8.18071e-08
22.541765492376552	8.56666e-08
22.562129139950628	9.06351e-08
22.582492716432704	8.43674e-08
22.602856210030499	8.92216e-08
22.623219640807665	8.65951e-08
22.643583051397837	8.74103e-08
22.663946473054299	8.60658e-08
22.684309943929183	8.825e-08
22.704673505427493	9.07247e-08
22.725037149903759	9.11326e-08
22.745400850564987	8.36565e-08
22.765764552275609	8.71225e-08
22.786128222006329	8.54496e-08
22.806491828034719	8.43304e-08
22.826855346473121	8.93758e-08
22.847218799590618	8.82256e-08
22.867582217501894	8.01986e-08
22.887945634097271	8.4093e-08
22.908309106293434	8.85322e-08
22.92867264901551	8.30029e-08
22.949036275302998	8.80638e-08
22.969399965008808	8.49286e-08
22.989763671657332	8.59013e-08
23.010127361297862	8.45884e-08
23.030490993522683	8.61377e-08
23.050854533067184	8.95884e-08
23.071217994148828	8.98839e-08
23.091581405819909	8.21638e-08
23.111944803823064	8.45139e-08
23.132308252160367	9.11299e-08
23.152671765690044	8.46037e-08
23.173035367031051	8.86136e-08
23.193399040358599	8.70008e-08
23.213762745133188	8.65384e-08
23.234126447919824	8.51003e-08
23.25449010954231	8.86444e-08
23.274853677613862	8.97012e-08
23.295217156919623	9.04789e-08
23.315580573516542	8.47411e-08
23.335943981323261	8.61321e-08
23.356307414132171	8.47927e-08
23.37667090907922	8.53986e-08
23.397034492955648	8.84942e-08
23.417398150314526	8.8593e-08
23.437761852332706	8.10903e-08
23.458125564408579	8.37369e-08
23.478489225051852	8.98296e-08
23.498852815992024	8.34476e-08
23.519216312847252	8.74015e-08
23.539579735056286	8.56193e-08
23.559943132218134	8.59809e-08
23.580306540359711	8.45105e-08
23.600670001421321	8.78183e-08
23.62103356212419	8.92137e-08
23.641397207797173	8.96254e-08
23.661760910283551	8.35731e-08
23.682124636277155	8.47314e-08
23.702488321250797	9.21074e-08
23.722851940926763	8.66773e-08
23.743215467303472	8.83118e-08
23.76357890781405	8.68239e-08
23.783942303927983	8.72795e-08
23.804305693568754	8.52537e-08
23.824669145037038	8.95791e-08
23.845032677024168	8.35882e-08
23.86539630690309	8.72627e-08
23.885760004833365	8.49187e-08
23.906123740626054	8.49864e-08
23.926487447230215	9.22049e-08
23.946851076301261	8.88316e-08
23.967214620869765	8.1783e-08
23.987578078687442	8.55862e-08
24.007941474296214	8.8817e-08
24.028304869266204	8.75436e-08
24.048668298354464	8.37524e-08
24.069031799320179	8.4069e-08
24.089395403838481	8.80894e-08
24.109759093951048	8.58131e-08
24.130122817491152	8.61211e-08
24.150486536959775	8.44205e-08
24.170850209303936	8.8715e-08
24.191213782934252	9.0343e-08
24.211577260378977	8.99892e-08
24.231940667272966	8.44144e-08
24.252304030937584	8.50177e-08
24.27266742773709	9.27943e-08
24.29303088959303	8.88594e-08
24.313394460327938	8.94858e-08
24.333758126194521	8.93031e-08
24.354121850063009	8.19799e-08
24.374485586972728	8.39203e-08
24.394849266520666	9.07376e-08
24.415212866213007	8.52508e-08
24.435576364518589	8.79915e-08
24.455939782519607	8.57512e-08
24.476303145141401	8.54981e-08
24.496666523707098	9.27215e-08
24.517029980765866	9.09784e-08
24.537393530153125	8.33976e-08
24.557757183072273	8.71431e-08
24.578120913468052	9.10578e-08
24.598484651143629	8.79412e-08
24.618848355032487	8.49736e-08
24.639211984905074	8.68131e-08
24.659575505640507	8.98753e-08
24.679938933285644	8.81406e-08
24.700302313586253	8.77378e-08
24.720665679601389	8.48835e-08
24.741029108276663	9.08579e-08
24.761392622853592	8.53558e-08
24.781756249522203	8.92425e-08
24.802119966137091	8.70509e-08
24.822483739195025	8.59633e-08
24.842847480441502	9.32223e-08
24.863211130155808	9.13622e-08
24.883574677830214	8.35566e-08
24.903938118685954	8.78858e-08
24.924301489587016	9.18897e-08
24.944664857588347	8.78932e-08
24.965028257237616	8.4972e-08
24.985391733923858	8.68999e-08
25.005755331007084	9.02661e-08
25.026119032656361	8.88602e-08
25.046482791358319	8.83377e-08
25.066846529128842	8.77913e-08
25.087210206546306	8.40436e-08
25.107573787465157	8.38744e-08
25.127937252401914	8.98929e-08
25.148300628919007	8.76194e-08
25.168663956002622	8.61801e-08
25.189027313091845	9.33836e-08
25.209390767273558	9.14413e-08
25.229754330779979	8.35766e-08
25.250118010659651	9.04289e-08
25.270481772583135	8.61283e-08
25.290845570645399	8.47113e-08
25.311209307111348	9.30178e-08
25.331572949001824	8.85643e-08
25.35193645723302	9.07201e-08
25.372299860795703	9.14898e-08
25.392663204515063	8.29632e-08
25.413026535971451	8.43505e-08
25.433389941821957	9.14008e-08
25.453753449337011	8.50936e-08
25.474117088525951	8.99955e-08
25.494480833022898	8.80244e-08
25.514844645433637	8.64206e-08
25.535208425378862	9.37239e-08
25.555572098340242	9.13862e-08
25.575935651126475	8.33017e-08
25.596299076349741	8.87806e-08
25.616662413782411	9.28819e-08
25.637025744395114	8.91645e-08
25.657389107638647	8.55111e-08
25.677752556723014	8.69513e-08
25.698116145452584	9.12694e-08
25.718479857862278	8.9583e-08
25.738843666344923	9.01094e-08
25.759207478527276	9.46063e-08
25.779571202936921	9.43454e-08
25.799934813981277	8.53225e-08
25.820298285132495	9.18352e-08
25.840661646552995	8.9461e-08
25.861024940033911	8.72184e-08
25.881388256413263	9.44262e-08
25.901751672720469	9.14462e-08
25.92211520757122	8.3816e-08
25.942478876291563	8.91213e-08
25.962842649415744	9.26487e-08
25.983206446696908	8.96544e-08
26.003570207336136	8.53436e-08
26.023933877493128	8.62698e-08
26.044297405037394	9.11437e-08
26.064660806841896	8.94875e-08
26.085024112324486	8.96736e-08
26.105387408624846	9.51996e-08
26.125750778628653	9.40958e-08
26.146114253525365	8.45907e-08
26.166477873326201	9.19424e-08
26.186841613372415	8.92662e-08
26.207205438158997	8.69838e-08
26.227569247303006	9.44188e-08
26.247932986897357	9.09671e-08
26.268296585461627	9.2025e-08
26.288660043674508	9.29196e-08
26.309023399778891	8.63571e-08
26.329386700808669	8.68194e-08
26.349750033870851	9.30195e-08
26.370113443801682	8.71534e-08
26.390476994578464	9.04899e-08
26.41084067647148	8.89556e-08
26.431204469883731	8.9235e-08
26.451568291574503	9.497e-08
26.471932043805786	9.31498e-08
26.492295694091176	8.37992e-08
26.512659203631063	9.09167e-08
26.533022595620114	8.80115e-08
26.553385904383227	8.61334e-08
26.573749213967687	9.35958e-08
26.594112569758529	8.93836e-08
26.614476053178155	9.07961e-08
26.634839677702924	9.13507e-08
26.655203412734359	8.4996e-08
26.675567220104927	8.59372e-08
26.695931000218383	9.15442e-08
26.716294706606046	8.58567e-08
26.736658280016631	8.91693e-08
26.757021728910257	8.7277e-08
26.777385072563092	8.80534e-08
26.797748386361878	9.36664e-08
26.818111744614686	9.1382e-08
26.838475183490907	8.29017e-08
26.858838739847492	8.72445e-08
26.879202426747749	9.38224e-08
26.899566208214292	8.6997e-08
26.919930002722523	9.26534e-08
26.940293752598766	8.82298e-08
26.960657385135985	8.98365e-08
26.981020895167685	8.77917e-08
27.001384287142127	9.0832e-08
27.021747617257077	9.48566e-08
27.04211096220418	9.32103e-08
27.06247435828827	8.56187e-08
27.082837851078175	8.74864e-08
27.10320147657767	9.50543e-08
27.123565210290774	8.97192e-08
27.143928992399459	9.31607e-08
27.164292735452808	9.08627e-08
27.184656402444293	8.27087e-08
27.205019961888436	8.61816e-08
27.225383406562791	9.22594e-08
27.245746770410019	8.62214e-08
27.266110123283976	9.09659e-08
27.286473498208132	8.64351e-08
27.306836968559203	8.77229e-08
27.327200544708514	8.57577e-08
27.347564231651692	8.87299e-08
27.367927990529147	9.30158e-08
27.38829174498094	9.13699e-08
27.408655447189744	8.37734e-08
27.429019058382128	8.56326e-08
27.449382552002394	9.29031e-08
27.469745952134183	8.80181e-08
27.490109314386856	9.15794e-08
27.510472677147	8.79727e-08
27.530836085484637	8.77328e-08
27.551199603956618	9.43283e-08
27.571563236453809	9.32352e-08
27.591926953986086	8.57771e-08
27.612290699546254	9.06788e-08
27.632654421144462	8.59587e-08
27.653018073273753	8.51901e-08
27.67338161540232	9.27532e-08
27.693745060200381	8.88709e-08
27.714108447554931	9.13837e-08
27.734471840596786	8.99695e-08
27.754835264038594	8.23783e-08
27.775198755595191	8.38919e-08
27.795562348963127	9.05986e-08
27.815926028744183	8.58423e-08
27.83628975410431	8.9416e-08
27.856653481061898	8.5806e-08
27.877017158745478	8.52562e-08
27.897380737335737	9.18268e-08
27.917744219770221	9.05302e-08
27.938107633615708	8.34855e-08
27.958471013704628	8.71539e-08
27.978834420132504	9.06281e-08
27.999197878429207	8.44937e-08
28.019561430360074	9.07788e-08
28.039925068820654	8.69471e-08
28.060288767770952	8.98775e-08
28.080652492707582	8.68487e-08
28.101016190553946	8.73514e-08
28.121379803878	9.15403e-08
28.141743323350173	9.1017e-08
28.162106769211185	8.4384e-08
28.182470167988441	8.71918e-08
28.202833580034152	9.21072e-08
28.22319702465478	8.54731e-08
28.243560548692106	9.00549e-08
28.263924152526943	8.72847e-08
28.284287823138722	8.90411e-08
28.304651531360612	8.68008e-08
28.325015236491904	8.88054e-08
28.345378872169842	9.06703e-08
28.365742419934922	9.09635e-08
28.386105892711281	8.50952e-08
28.406469310055357	8.66308e-08
28.426832725349826	9.32095e-08
28.447196163690268	8.73531e-08
28.467559667076646	8.97847e-08
28.487923241463257	8.7374e-08
28.508286884228458	8.94592e-08
28.52865057136481	8.68066e-08
28.549014255414662	9.01524e-08
28.569377901311537	8.37968e-08
28.589741472758817	8.80234e-08
28.610104973442933	8.49739e-08
28.630468414975208	8.57044e-08
28.650831841443363	9.28752e-08
28.671195283069771	8.8145e-08
28.691558775316711	8.8499e-08
28.711922336875094	8.85955e-08
28.732285958221283	8.25262e-08
28.752649626491959	8.45627e-08
28.773013301906989	9.06696e-08
28.793376956075367	8.46535e-08
28.813740544348455	8.68828e-08
28.834104066309635	8.4441e-08
28.854467528001887	8.56317e-08
28.874830965600147	9.24552e-08
28.89519442357825	8.98472e-08
28.915557917384977	8.16073e-08
28.935921461593946	8.47235e-08
28.956285066803535	8.99364e-08
28.976648718541544	8.50425e-08
28.997012383669599	9.11075e-08
29.017376038550044	8.63529e-08
29.037739639119238	8.72717e-08
29.058103178594443	8.48153e-08
29.078466658507747	8.66671e-08
29.098830107921408	9.25809e-08
29.119193567962011	9.12354e-08
29.139557059330077	8.30989e-08
29.159920594161147	8.48913e-08
29.180284185977783	9.06227e-08
29.20064782351831	8.52663e-08
29.221011478393862	9.11564e-08
29.24137512884765	8.75698e-08
29.261738737321714	8.75479e-08
29.282102290075006	8.47513e-08
29.302465785014309	8.74812e-08
29.322829245157468	9.21627e-08
29.343192708440025	9.18486e-08
29.363556195247764	8.46446e-08
29.383919724283253	8.54899e-08
29.404283307946592	9.14278e-08
29.424646937097258	8.62915e-08
29.445010586913412	9.1149e-08
29.465374224328926	8.95138e-08
29.485737833779044	8.12174e-08
29.506101395538654	8.3906e-08
29.526464905293693	8.82751e-08
29.546828377876057	8.28288e-08
29.567191847266141	8.88563e-08
29.587555333550434	8.49536e-08
29.607918867257876	8.58107e-08
29.628282447367621	8.30224e-08
29.648646072700814	8.48731e-08
29.66900972085234	9.00853e-08
29.689373359816113	8.94762e-08
29.709736973667368	8.1792e-08
29.73010054461821	8.37996e-08
29.750464063320806	8.93391e-08
29.770827542514006	8.36191e-08
29.791191012942136	8.94039e-08
29.811554494649901	8.62343e-08
29.831918019413379	8.63894e-08
29.852281590609927	8.38862e-08
29.87264520875712	8.64461e-08
29.89300885430772	9.03261e-08
29.913372495213348	9.01834e-08
29.933736114591522	8.33699e-08
29.954099693238337	8.42598e-08
29.974463220840743	9.04723e-08
29.994826707695101	8.52081e-08
30.015190181571576	8.95144e-08
30.035553661185784	8.71059e-08
30.055917179699463	8.62675e-08
30.076280743646912	8.41672e-08
30.096644354761622	8.79401e-08
30.117007997950033	8.21595e-08
30.137371641594168	8.81366e-08
30.157735267420321	8.44072e-08
30.178098855891079	8.35821e-08
30.198462392699231	9.06634e-08
30.218825890426725	8.68993e-08
30.239189364361248	8.16074e-08
30.25955283640474	8.58488e-08
30.279916343344524	8.71012e-08
30.300279901474731	8.63129e-08
30.320643505871359	8.21626e-08
30.341007144795867	8.20145e-08
30.361370787860917	8.85444e-08
30.38173441640977	8.53128e-08
30.402098002055496	8.50586e-08
30.422461542382091	8.33127e-08
30.442825038809239	8.65767e-08
30.463188507629678	9.01921e-08
30.483551982196627	8.98684e-08
30.503915479960785	8.28995e-08
30.524279019671781	8.4051e-08
30.544642614129003	9.15799e-08
30.565006251276188	8.62104e-08
30.585369897179056	8.9978e-08
30.605733532385997	8.75065e-08
30.626097126908075	8.6212e-08
30.646460676326459	8.47323e-08
30.666824183007936	8.93588e-08
30.68718765791288	8.32459e-08
30.70755112813757	8.8761e-08
30.727914612778346	8.48467e-08
30.74827813405777	8.36249e-08
30.768641712684627	9.19776e-08
30.789005337506143	8.83712e-08
30.809368982382612	8.2675e-08
30.829732621913394	8.67884e-08
30.85009622315296	8.75192e-08
30.870459774979732	8.7377e-08
30.89082328426715	8.37804e-08
30.911186762143487	8.3653e-08
30.931550227926319	9.00972e-08
30.951913700647534	8.66195e-08
30.972277216292159	8.57202e-08
30.99264078078324	8.47524e-08
31.013004398024645	8.85531e-08
31.033368049325158	9.19751e-08
31.053731686881758	9.16613e-08
31.074095294915224	8.41965e-08
31.094458854078141	8.66652e-08
31.114822368233284	8.5203e-08
31.135185846461376	8.62734e-08
31.155549313645068	9.14658e-08
31.175912791862725	8.95063e-08
31.196276296315418	8.02466e-08
31.216639844086959	8.39852e-08
31.237003445110048	9.05093e-08
31.257367086949198	8.41252e-08
31.277730729327711	9.03147e-08
31.298094345589757	8.61047e-08
31.31845791233382	8.59837e-08
31.338821430963677	8.50428e-08
31.359184908245393	8.79884e-08
31.379548373595291	9.26813e-08
31.399911846107827	9.20749e-08
31.42027533663024	8.31505e-08
31.440638864969024	8.46638e-08
31.461002448072534	9.31754e-08
31.481366076926601	8.69936e-08
31.501729727028618	9.27188e-08
31.522093357567218	8.94701e-08
31.54245693915508	8.67294e-08
31.562820469756151	8.58219e-08
31.583183953157157	9.05933e-08
31.603547416865229	9.37706e-08
31.623910892771228	9.42486e-08
31.644274376916581	8.66091e-08
31.664637901141017	8.67718e-08
31.685001468901451	8.59526e-08
31.705365082454122	8.76223e-08
31.725728724496872	9.33897e-08
31.746092355299915	9.21163e-08
31.766455945489476	8.18832e-08
31.78681948414529	8.41643e-08
31.807182976042906	9.18573e-08
31.827546438685353	8.51176e-08
31.847909908332529	9.28748e-08
31.868273388992424	8.89619e-08
31.888636902195078	8.69572e-08
31.909000453982117	8.5551e-08
31.929364050449163	8.9416e-08
31.949727681493954	9.41836e-08
31.970091319836328	9.50448e-08
31.99045492777417	8.57926e-08
32.010818480590061	8.69803e-08
32.031181983267793	8.60376e-08
32.051545447767268	8.60333e-08
32.071908910466945	9.40341e-08
32.092272393226914	9.16249e-08
32.112635899908689	8.74978e-08
32.132999446517466	8.79174e-08
32.153363029990324	8.40434e-08
32.173726647004273	8.32876e-08
32.194090277245749	9.33154e-08
32.214453898162198	8.83253e-08
32.234817463349977	8.66602e-08
32.255180974268661	8.47074e-08
32.275544439263712	8.74189e-08
32.29590789308488	9.37259e-08
32.316271372615553	9.49071e-08
32.336634879166908	8.41767e-08
32.356998418754273	8.73277e-08
32.377361991437226	8.54022e-08
32.397725596571597	8.35232e-08
32.418089219122585	9.41272e-08
32.438452845142351	9.15306e-08
32.458816429063369	8.78157e-08
32.479179956321005	8.59209e-08
32.499543430979493	8.97364e-08
32.519906884382515	9.31281e-08
32.54027035472555	9.65192e-08
32.560633859650864	8.85726e-08
32.580997396171533	8.82012e-08
32.601360961253675	8.6003e-08
32.621724556019672	8.6545e-08
32.642088169671162	9.3973e-08
32.662451781608709	9.48008e-08
32.682815376931032	8.28276e-08
32.703178917021681	8.57082e-08
32.723542407112411	9.11018e-08
32.743905864163892	8.27355e-08
32.764269327846783	9.35849e-08
32.784632818593217	9.12181e-08
32.804996355353701	8.82172e-08
32.825359916838835	8.62979e-08
32.84572350506587	8.8708e-08
32.866087112154659	9.25707e-08
32.886450719673952	9.67317e-08
32.906814317370291	8.77513e-08
32.927177873310406	8.88872e-08
32.947541376043965	8.65377e-08
32.967904837004795	8.46027e-08
32.988268294506561	9.3643e-08
33.008631770540099	9.32347e-08
33.028995298909599	8.87496e-08
33.049358863031472	8.95512e-08
33.069722448457128	8.35993e-08
33.090086050100041	8.12613e-08
33.110449652861313	9.34336e-08
33.130813246995004	9.03077e-08
33.151176816866048	8.79026e-08
33.1715403311781	8.63285e-08
33.191903797107386	8.68374e-08
33.212267249861625	9.1779e-08
33.232630726931269	9.59053e-08
33.252994243121272	8.61942e-08
33.273357805020318	8.68878e-08
33.293721390941002	9.35408e-08
33.314084991809864	8.45406e-08
33.334448593570443	9.3431e-08
33.354812186461636	9.31576e-08
33.375175756630952	8.97977e-08
33.395539289482258	8.83404e-08
33.415902768628726	9.12228e-08
33.436266224090033	9.104e-08
33.456629693813483	9.60535e-08
33.476993195667212	9.04143e-08
33.497356752782458	8.97439e-08
33.51772034047346	8.81862e-08
33.538083942457092	8.66325e-08
33.558447544074106	9.16755e-08
33.578811130218412	9.49265e-08
33.599174696168021	8.52376e-08
33.619538239230614	8.73108e-08
33.639901733357902	9.28608e-08
33.660265192902465	8.32885e-08
33.680628657404057	9.23999e-08
33.700992146093988	9.17088e-08
33.72135568862511	8.99676e-08
33.74171927992208	8.85758e-08
33.7620828869075	9.07438e-08
33.782446493696057	9.09898e-08
33.802810083714384	9.57012e-08
33.823173651242627	8.91762e-08
33.843537193214573	8.86642e-08
33.863900701786868	9.68239e-08
33.88426416850367	8.83454e-08
33.904627630249685	9.20102e-08
33.924991121397497	9.45718e-08
33.945354652701489	8.54675e-08
33.965718235514359	8.83111e-08
33.986081843508423	9.28023e-08
34.006445452401067	8.36486e-08
34.026809043929454	9.18866e-08
34.047172611331931	9.04788e-08
34.067536149540302	9.03105e-08
34.087899665707049	8.89635e-08
34.10826313855793	9.0076e-08
34.128626597975774	9.10728e-08
34.148990079543786	9.45723e-08
34.169353596538116	8.77886e-08
34.189717163630704	8.92019e-08
34.210080778737996	9.65349e-08
34.230444397737827	8.82194e-08
34.250807999429156	9.19652e-08
34.271171574687841	9.19557e-08
34.29153511645152	9.24919e-08
34.31189863138227	9.02991e-08
34.332262125094203	9.26445e-08
34.352625592125648	8.49666e-08
34.372989070406817	9.17935e-08
34.393352575710423	8.95855e-08
34.413716126078214	8.99156e-08
34.434079729690765	9.8081e-08
34.454443350227919	9.12524e-08
34.474806957928791	8.29526e-08
34.495170539215401	9.00506e-08
34.515534083500555	9.4347e-08
34.535897598551124	9.34155e-08
34.556261096180513	8.87631e-08
34.576624566461938	8.68699e-08
34.596988041795022	9.16856e-08
34.617351539110338	9.05024e-08
34.637715085658932	9.23676e-08
34.658078681241221	9.26943e-08
34.678442308605106	8.59126e-08
34.69880592771046	8.39928e-08
34.719169514695707	9.12314e-08
34.739533064183682	8.80929e-08
34.759896577899568	9.11877e-08
34.780260068573625	8.93257e-08
34.800623542514778	8.94471e-08
34.820987014581092	9.12684e-08
34.841350515775083	9.23382e-08
34.861714054611078	8.65316e-08
34.882077640448017	9.01259e-08
34.902441267104379	9.56055e-08
34.922804902211027	8.89776e-08
34.94316850432503	9.17335e-08
34.963532065900964	8.97556e-08
34.983895584634411	9.30621e-08
35.004259072060215	9.12686e-08
35.02462254540486	9.33156e-08
35.044986017078479	9.40752e-08
35.065349511987897	9.36616e-08
35.085713040643611	8.83246e-08
35.106076614982129	9.15274e-08
35.126440233414669	9.85272e-08
35.146803869453208	9.29026e-08
35.167167481325087	8.54659e-08
35.187531052949829	8.9528e-08
35.207894576650915	9.45949e-08
35.228258068502647	9.43391e-08
35.248621546065884	8.83725e-08
35.268985021138135	8.8238e-08
35.289348513815987	9.17794e-08
35.309712036308703	8.88741e-08
35.330075607047611	9.31975e-08
35.350439217894547	9.30081e-08
35.370802853456993	8.59373e-08
35.391166479728177	8.6084e-08
35.411530060186379	9.0463e-08
35.431893592280744	8.73348e-08
35.452257084131752	9.21554e-08
35.47262055304229	8.95227e-08
35.492984021819126	9.02817e-08
35.513347508534899	9.27953e-08
35.53371103257733	9.1326e-08
35.55407459683267	8.66136e-08
35.574438204215589	9.09971e-08
35.594801839739958	9.55409e-08
35.615165472341694	9.13364e-08
35.635529066311634	8.45476e-08
35.655892609933865	8.72646e-08
35.676256105997041	9.37185e-08
35.696619570751963	9.14413e-08
35.716983040221614	9.28179e-08
35.737346526475989	8.8235e-08
35.757710046027732	8.99781e-08
35.778073604352002	8.73205e-08
35.798437206570007	9.2566e-08
35.81880084046086	8.97129e-08
35.839164489832989	9.10153e-08
35.859528107419642	9.36623e-08
35.879891665365115	9.10637e-08
35.900255169455832	8.67772e-08
35.920618630882949	9.10807e-08
35.940982086134355	9.54961e-08
35.961345571781791	9.19581e-08
35.981709084330461	8.49576e-08
36.002072634526399	8.69456e-08
36.022436231349886	9.36766e-08
36.042799863448479	9.11606e-08
36.063163504300277	9.31135e-08
36.083527134911925	8.88401e-08
36.103890707192313	8.95316e-08
36.124254221581594	8.7154e-08
36.144617692144003	9.24642e-08
36.164981140560805	8.9367e-08
36.185344609215498	9.15599e-08
36.20570811116314	8.68803e-08
36.226071649617353	8.74221e-08
36.246435239003283	9.44657e-08
36.266798865258181	9.36242e-08
36.287162509928223	8.74348e-08
36.307526152197248	8.97785e-08
36.327889747986866	9.14363e-08
36.348253282069756	8.78656e-08
36.368616761375705	9.33329e-08
36.388980206306293	9.07574e-08
36.409343660700138	9.34949e-08
36.429707147066502	8.94333e-08
36.450070684030443	8.92633e-08
36.470434266754282	8.71013e-08
36.490797891344471	9.22291e-08
36.511161540865992	8.89103e-08
36.531525181842007	9.16589e-08
36.551888798397322	8.71356e-08
36.572252354131649	8.67917e-08
36.592615845278075	9.40907e-08
36.612979300691073	9.29412e-08
36.633342745953762	8.69293e-08
36.653706211548062	8.97491e-08
36.674069735386873	9.13712e-08
36.694433311896418	8.9389e-08
36.714796931708364	8.55378e-08
36.735160582717171	8.86584e-08
36.75552423112093	9.3445e-08
36.775887858460599	8.94459e-08
36.796251427490006	8.85062e-08
36.8166149305654	8.66508e-08
36.836978386245477	9.18498e-08
36.85734181950388	8.83389e-08
36.877705279267722	9.17977e-08
36.89806878547396	8.74701e-08
36.918432345507107	8.67906e-08
36.938795959685564	9.42666e-08
36.959159605498314	9.29828e-08
36.979523261145246	8.71042e-08
36.999886902290946	9.02067e-08
37.020250493667774	9.1812e-08
37.040614015258235	8.94908e-08
37.060977479800421	8.56845e-08
37.081340908739513	8.85097e-08
37.101704353691936	9.34695e-08
37.122067838536019	8.97953e-08
37.142431394698129	8.87977e-08
37.162795003753445	8.65586e-08
37.183158652050295	9.16435e-08
37.203522317659854	8.83849e-08
37.223885960705992	9.20263e-08
37.244249565245298	8.77099e-08
37.264613110358312	8.73204e-08
37.284976584134675	9.4377e-08
37.305340021557363	9.27853e-08
37.325703451437533	8.71985e-08
37.346066908207156	9.0491e-08
37.366430436986001	9.21528e-08
37.386794034518587	8.95635e-08
37.407157677576095	8.56679e-08
37.427521347724095	8.83119e-08
37.447885003217067	9.35189e-08
37.468248624069652	8.99477e-08
37.488612182599766	8.92419e-08
37.508975672224445	8.66272e-08
37.529339112058913	9.12351e-08
37.549702530583744	8.81733e-08
37.570065982862587	9.20135e-08
37.590429489502668	8.76391e-08
37.610793075522921	8.77315e-08
37.631156715777415	8.59126e-08
37.651520393957995	8.90554e-08
37.671884067595357	9.47294e-08
37.692247698360276	9.26848e-08
37.712611275591613	8.49739e-08
37.732974788574467	8.60473e-08
37.75333823780614	9.27762e-08
37.773701650449041	8.90348e-08
37.79406508332508	9.31712e-08
37.814428561735717	8.98468e-08
37.834792121806323	8.95217e-08
37.855155752642602	8.6581e-08
37.8755194222977	9.07258e-08
37.895883104310194	8.76834e-08
37.916246752470073	9.17551e-08
37.936610350320557	8.72352e-08
37.956973883091102	8.74244e-08
37.977337346994616	9.35964e-08
37.99770077295517	9.12262e-08
38.018064192920335	8.65293e-08
38.038427644010547	8.99325e-08
38.058791174351285	9.15206e-08
38.079154787874671	8.91019e-08
38.099518453396939	8.48165e-08
38.119882143939066	8.6799e-08
38.140245809304602	9.32408e-08
38.160609428410574	8.941e-08
38.180972973914336	8.92111e-08
38.201336454673687	8.62254e-08
38.221699883051336	8.97479e-08
38.242063289404307	8.69881e-08
38.262426733590786	9.15765e-08
38.282790237013465	8.67631e-08
38.303153826396304	8.77559e-08
38.323517486824095	8.54283e-08
38.343881186093626	8.74192e-08
38.36424487333597	9.3966e-08
38.38460850633993	9.18967e-08
38.404972074930832	8.39677e-08
38.425335572599344	8.59242e-08
38.445699012472097	9.1355e-08
38.466062413919701	8.72926e-08
38.486425838036261	9.26668e-08
38.506789311466626	8.89781e-08
38.527152872607985	8.90653e-08
38.547516515274758	8.6033e-08
38.567880216151998	8.91646e-08
38.58824391882041	9.47915e-08
38.608607574849806	9.42348e-08
38.628971168172299	8.66021e-08
38.649334685653564	8.77807e-08
38.669698137187552	9.36003e-08
38.690061538461677	8.89827e-08
38.710424945088178	9.4076e-08
38.73078840926852	9.2208e-08
38.751151944648186	8.41285e-08
38.77151556338918	8.63732e-08
38.791879248503875	9.09455e-08
38.812242955058323	8.68099e-08
38.832606627933359	9.23449e-08
38.852970244933687	8.84353e-08
38.873333779498601	8.87192e-08
38.893697243112555	8.60147e-08
38.914060650638397	8.83487e-08
38.934424045550308	9.41026e-08
38.954787485416233	9.37537e-08
38.975150990315939	8.57426e-08
38.995514580159778	8.74592e-08
39.015878251342912	9.30866e-08
39.036241968124166	8.80422e-08
39.05660566493308	9.36277e-08
39.076969297762268	9.15703e-08
39.09733285748483	8.35413e-08
39.117696339893982	8.6215e-08
39.138059769897254	9.00881e-08
39.158423168275519	8.59478e-08
39.178786593294895	9.1832e-08
39.199150071306121	8.76153e-08
39.219513639615137	8.82743e-08
39.239877290134309	8.59202e-08
39.260241007262657	8.73715e-08
39.280604720499305	9.3336e-08
39.300968377535071	9.30619e-08
39.321331962909277	8.47177e-08
39.34169546503513	8.69586e-08
39.362058899498166	9.23247e-08
39.382422295032171	8.6946e-08
39.402785699674283	9.2894e-08
39.423149144502062	9.0228e-08
39.443512677864739	8.97364e-08
39.463876298338178	8.73307e-08
39.484239998019646	8.99597e-08
39.504603722191803	9.35498e-08
39.524967403267901	9.46851e-08
39.545331019390375	8.75907e-08
39.565694546320877	8.88554e-08
39.586057998308355	8.65794e-08
39.606421398078297	8.69653e-08
39.62678479495117	9.25475e-08
39.647148240119847	9.21815e-08
39.667511752455489	8.36043e-08
39.687875350300459	8.61969e-08
39.708239026923472	9.10888e-08
39.728602753043887	8.5508e-08
39.748966452469645	9.17208e-08
39.769330096373778	8.90417e-08
39.789693648428269	8.87815e-08
39.810057116799662	8.67144e-08
39.830420518232081	8.89939e-08
39.850783907296531	9.25948e-08
39.87114732915753	9.38522e-08
39.89151080872518	8.64658e-08
39.911874371598927	8.72696e-08
39.932238024797002	9.39775e-08
39.952601742349358	8.78881e-08
39.972965460072196	9.20601e-08
39.993329115595046	9.19097e-08
40.013692694523591	8.2994e-08
