0.012	4
0.0264	3
0.04368	3
0.0642855	3
0.0881494	4
0.115209	4
0.145412	4
0.176419	4
0.206965	4
0.237206	4
0.267275	4
0.297172	4
0.326767	4
0.356065	4
0.385065	4
0.413802	4
0.442322	4
0.470609	4
0.498713	4
0.526637	4
0.554397	4
0.582024	4
0.609503	4
0.636859	4
0.664022	4
0.691016	3
0.71784	3
0.74451	3
0.771029	3
0.797406	3
0.823649	3
0.849761	3
0.875753	3
0.901624	3
0.927388	3
0.95304	3
0.978595	3
1.00405	3
1.02941	3
1.05468	3
1.07985	3
1.10493	3
1.12991	3
1.1548	3
1.17961	3
1.20432	3
1.22896	3
1.25352	3
1.27799	3
1.3024	3
1.32673	3
1.35098	3
1.37517	3
1.3993	3
1.42335	3
1.44735	3
1.47128	3
1.49515	3
1.51897	3
1.54273	3
1.56643	3
1.59007	3
1.61366	3
1.63718	3
1.66065	3
1.68407	3
1.70743	3
1.73074	3
1.754	3
1.7772	3
1.80036	3
1.82347	3
1.84653	3
1.86954	3
1.89251	3
1.91543	3
1.93832	3
1.96115	3
1.98395	3
2.006708	3
2.029425	3
2.052103	3
2.074742	3
2.097341	3
2.119901	3
2.142422	3
2.164905	3
2.187351	3
2.209761	3
2.232135	3
2.254474	3
2.276778	3
2.299048	3
2.321285	3
2.34349	3
2.365662	3
2.387802	3
2.409911	3
2.431987	3
2.454033	3
2.476048	3
2.498033	3
2.519988	3
2.541915	3
2.563812	3
2.585681	3
2.607523	3
2.629337	3
2.651124	3
2.672885	3
2.69462	3
2.716329	3
2.738012	3
2.759671	3
2.781305	3
2.802915	3
2.824501	3
2.846063	3
2.867602	3
2.889118	3
2.910612	3
2.932084	3
2.953533	3
2.974961	3
2.996368	3
3.017753	3
3.039118	3
3.060463	3
3.081787	3
3.103092	3
3.124376	3
3.145642	3
3.166888	3
3.188116	3
3.209325	3
3.230516	3
3.251689	3
3.272844	3
3.293982	3
3.315102	3
3.336206	3
3.357293	3
3.378364	3
3.399419	3
3.420458	3
3.441481	3
3.46249	3
3.483483	3
3.504463	3
3.525427	3
3.546378	3
3.567315	3
3.588238	3
3.609148	3
3.630044	3
3.650927	3
3.671797	3
3.692654	3
3.713499	3
3.734332	3
3.755152	3
3.77596	3
3.796755	3
3.817539	3
3.838311	3
3.859071	3
3.879818	3
3.900554	3
3.921278	3
3.94199	3
3.96269	3
3.983378	3
4.0040539	3
4.0247181	3
4.0453707	3
4.0660121	3
4.0866425	3
4.1072621	3
4.1278713	3
4.1484705	2
4.1690599	2
4.1896399	2
4.2102109	2
4.2307729	2
4.2513263	2
4.2718713	2
4.2924084	2
4.3129377	2
4.3334596	2
4.3539744	2
4.3744824	2
4.3949838	2
4.4154788	2
4.4359678	2
4.456451	2
4.4769286	2
4.4974008	2
4.5178679	2
4.5383301	2
4.5587876	2
4.5792406	2
4.5996894	2
4.6201341	2
4.640575	2
4.6610122	2
4.6814459	2
4.7018763	2
4.7223035	2
4.7427278	2
4.7631493	2
4.783568	2
4.8039842	2
4.8243979	2
4.8448093	2
4.8652185	2
4.8856256	2
4.9060306	2
4.9264337	2
4.946835	2
4.9672345	2
4.9876323	2
5.0080286	2
5.0284233	2
5.0488167	2
5.0692087	2
5.0895993	2
5.1099888	2
5.1303771	2
5.1507643	2
5.1711504	2
5.1915355	2
5.2119197	2
5.2323029	2
5.2526853	2
5.2730668	2
5.2934476	2
5.3138275	2
5.3342068	2
5.3545854	2
5.3749633	2
5.3953406	2
5.4157173	2
5.4360934	2
5.456469	2
5.4768441	2
5.4972187	2
5.5175928	2
5.5379665	2
5.5583397	2
5.5787126	2
5.599085	2
5.6194571	2
5.6398288	2
5.6602002	2
5.6805713	2
5.700942	2
5.7213125	2
5.7416826	2
5.7620525	2
5.7824221	2
5.8027915	2
5.8231607	2
5.8435296	2
5.8638983	2
5.8842667	2
5.904635	2
5.9250031	2
5.945371	2
5.9657387	1
5.9861063	1
6.00647367	1
6.02684089	1
6.04720797	1
6.0675749	1
6.08794169	1
6.10830834	1
6.12867487	1
6.14904127	1
6.16940756	1
6.18977373	1
6.21013979	1
6.23050575	1
6.25087161	1
6.27123737	1
6.29160303	1
6.31196861	1
6.33233411	1
6.35269952	1
6.37306485	1
6.3934301	1
6.41379529	1
6.4341604	1
6.45452545	1
6.47489043	1
6.49525535	1
6.51562022	1
6.53598502	1
6.55634978	1
6.57671448	1
6.59707913	1
6.61744374	1
6.63780831	1
6.65817283	1
6.67853732	1
6.69890177	1
6.71926618	1
6.73963056	1
6.75999491	1
6.78035922	1
6.8007235	1
6.82108775	1
6.84145197	1
6.86181617	1
6.88218034	1
6.90254448	1
6.9229086	1
6.94327269	1
6.96363677	1
6.98400082	1
7.00436485	1
7.02472885	1
7.04509285	1
7.06545682	1
7.08582077	1
7.10618471	1
7.12654863	1
7.14691254	1
7.16727643	1
7.18764031	1
7.20800417	1
7.22836802	1
7.24873186	1
7.26909569	1
7.2894595	1
7.30982331	1
7.33018711	1
7.35055089	1
7.37091466	1
7.39127843	1
7.41164219	1
7.43200593	1
7.45236967	1
7.4727334	1
7.49309713	1
7.51346084	1
7.53382455	1
7.55418826	1
7.57455196	1
7.59491565	1
7.61527934	1
7.63564302	1
7.6560067	1
7.67637037	1
7.69673403	1
7.71709769	1
7.73746135	1
7.757825	1
7.77818864	1
7.79855229	1
7.81891593	1
7.83927957	1
7.8596432	1
7.88000684	1
7.90037046	1
7.92073409	1
7.94109771	1
7.96146133	1
7.98182494	1
8.002188551	1
8.02255216	1
8.042915766	1
8.06327937	1
8.083642972	1
8.104006571	1
8.124370169	1
8.144733765	1
8.16509736	1
8.185460954	1
8.205824548	1
8.22618814	1
8.246551731	1
8.266915321	1
8.287278908	1
8.307642492	1
8.328006072	1
8.348369649	1
8.368733224	1
8.389096797	1
8.40946037	1
8.429823944	1
8.450187521	1
8.470551101	1
8.490914683	1
8.511278265	1
8.531641845	1
8.55200542	1
8.57236899	1
8.592732554	1
8.613096113	1
8.633459668	1
8.653823225	1
8.674186786	1
8.694550353	1
8.71491393	1
8.735277513	1
8.755641099	1
8.776004682	1
8.796368257	1
8.81673182	1
8.837095369	1
8.857458906	1
8.877822438	1
8.898185973	1
8.918549517	1
8.938913079	1
8.95927666	1
8.97964026	1
9.000003871	1
9.020367481	1
9.040731076	1
9.061094641	1
9.081458172	1
9.101821671	1
9.122185152	1
9.142548634	1
9.162912138	1
9.18327568	1
9.203639268	1
9.224002903	1
9.24436657	1
9.264730246	2
9.285093899	2
9.305457494	2
9.325821017	2
9.346184486	2
9.36654792	2
9.386911349	2
9.407274824	2
9.42763836	2
9.448001951	2
9.468365589	2
9.488729255	2
9.509092905	2
9.529456522	2
9.549820088	2
9.570183592	2
9.590547057	2
9.610910505	2
9.631273966	2
9.65163748	2
9.672001057	2
9.692364678	2
9.712728325	2
9.733091976	2
9.753455593	2
9.773819162	2
9.794182684	2
9.814546158	2
9.834909615	2
9.855273074	2
9.875636563	2
9.896000112	2
9.916363724	2
9.936727369	2
9.957091022	2
9.977454658	2
9.9978182462	2
10.018181781	2
10.038545276	2
10.05890874	2
10.079272183	2
10.099635651	2
10.119999168	2
10.140362738	2
10.160726361	2
10.181090022	2
10.201453664	2
10.221817265	2
10.24218082	2
10.262544327	2
10.282907811	2
10.303271285	2
10.323634756	2
10.343998258	2
10.364361803	2
10.384725393	2
10.40508902	2
10.425452668	2
10.445816282	2
10.466179847	2
10.486543366	2
10.506906848	2
10.527270312	2
10.547633798	2
10.567997312	2
10.588360855	2
10.608724435	2
10.629088049	2
10.649451675	2
10.669815299	2
10.690178877	2
10.710542403	2
10.730905881	2
10.751269345	2
10.771632829	2
10.791996345	2
10.81235989	2
10.832723468	2
10.853087073	2
10.873450685	2
10.893814294	2
10.914177883	2
10.93454142	2
10.954904909	2
10.975268378	2
10.995631848	2
11.015995343	2
11.036358894	2
11.056722479	2
11.077086092	2
11.097449711	2
11.117813316	2
11.138176899	2
11.15854045	2
11.178903941	2
11.199267399	2
11.219630861	2
11.239994345	2
11.260357876	2
11.280721466	2
11.301085084	2
11.321448707	2
11.34181232	2
11.362175907	2
11.382539455	2
11.402902966	2
11.423266432	2
11.443629877	2
11.463993347	2
11.484356861	2
11.504720438	2
11.525084064	2
11.545447707	2
11.565811333	2
11.586174929	2
11.606538478	2
11.626901984	2
11.647265457	2
11.667628898	2
11.687992337	2
11.708355824	2
11.728719379	2
11.749082996	2
11.769446651	2
11.789810294	2
11.810173907	2
11.830537468	2
11.850900978	2
11.871264447	2
11.891627892	2
11.911991341	2
11.932354817	2
11.952718344	2
11.973081939	2
11.99344559434	2
12.01380925529	2
12.03417289179	2
12.05453648076	2
12.07490000782	2
12.09526348889	2
12.11562694407	2
12.13599037609	2
12.15635383144	2
12.17671733008	2
12.19708089675	2
12.21744452651	2
12.23780820658	2
12.25817186695	2
12.27853547415	2
12.29889902237	2
12.31926251112	2
12.33962596611	2
12.35998940793	2
12.38035284084	2
12.40071631628	2
12.42107985784	2
12.44144346227	2
12.46180712183	2
12.48217079302	2
12.50253443125	2
12.52289800715	2
12.54326151994	2
12.56362497754	2
12.58398841843	2
12.60435187275	2
12.62471534467	2
12.64507885982	2
12.665442439	2
12.68580607513	2
12.7061697389	2
12.72653339076	2
12.74689698692	2
12.76726052176	2
12.78762399747	2
12.80798744572	2
12.82835090632	2
12.84871437559	2
12.86907787691	2
12.88944143612	2
12.90980505083	2
12.93016869997	2
12.95053235982	2
12.97089597196	2
12.9912595269	2
13.01162302148	2
13.03198648033	2
13.05234994077	2
13.07271341256	2
13.09307690579	2
13.11344044901	2
13.13380404338	2
13.15416767578	2
13.17453132941	2
13.19489495271	2
13.21525852353	2
13.23562203445	2
13.25598550384	2
13.27634896623	2
13.29671244231	2
13.31707593321	2
13.33743946613	2
13.35780304472	2
13.37816666195	2
13.39853029428	2
13.41889392135	2
13.43925750265	2
13.45962102575	2
13.47998450311	2
13.5003479667	2
13.52071143701	2
13.54107493074	2
13.56143845968	2
13.58180202889	2
13.60216563541	2
13.62252925954	2
13.64289288686	2
13.6632564835	2
13.68362002358	2
13.70398351206	2
13.72434697794	2
13.74471044149	2
13.76507393006	2
13.7854374548	2
13.80580101807	2
13.82616461551	2
13.8465282397	2
13.86689186547	2
13.88725547992	2
13.90761903678	2
13.92798253824	2
13.94834600806	2
13.96870946542	2
13.98907293789	2
14.0094364577312	2
14.0298000130973	2
14.0501636013946	2
14.0705272175708	2
14.0908908398268	2
14.1112544558006	2
14.131618032832	2
14.1519815536864	2
14.1723450349716	2
14.1927085077246	2
14.2130719896849	2
14.2334355040105	2
14.2537990549689	2
14.2741626356452	2
14.2945262384683	2
14.31488985414	2
14.3352534688751	2
14.3556170600466	2
14.3759805997988	2
14.3963440939232	2
14.4167075575528	2
14.4370710296378	2
14.4574345273653	2
14.4777980714691	2
14.4981616426774	2
14.5185252369021	2
14.5388888459439	2
14.5592524577909	2
14.5796160513772	2
14.5999796099103	2
14.6203431219358	2
14.6407065980394	2
14.661070072973	2
14.6814335632932	2
14.7017970968586	2
14.7221606625634	2
14.7425242495702	2
14.7628878511626	2
14.7832514573138	2
14.8036150489136	2
14.8239786175551	2
14.8443421450529	2
14.864705633971	2
14.8850691134089	2
14.9054325990543	2
14.9257961207536	2
14.946159684211	2
14.9665232657805	2
14.9868868609564	2
15.0072504552867	2
15.0276140424889	2
15.0479776114859	2
15.0683411540567	2
15.0887046650757	2
15.1090681553673	2
15.1294316430273	2
15.1497951588092	2
15.1701587138572	2
15.1905222925003	2
15.2108858824712	2
15.2312494716142	2
15.2516130543978	2
15.2719766214649	2
15.2923401732238	2
15.3127036979845	2
15.3330672000747	2
15.3534306944438	2
15.3737942095462	2
15.3941577577945	2
15.4145213355139	2
15.4348849216765	2
15.45524850525	2
15.4756120814072	2
15.495975642631	2
15.5163391908779	2
15.5367027230994	2
15.5570662339046	2
15.5774297450285	2
15.5977932655151	2
15.6181568125271	2
15.6385203870374	2
15.6588839749237	2
15.6792475573766	2
15.6996111267042	2
15.7199746823757	2
15.7403382259043	2
15.7607017621585	2
15.7810652801503	2
15.8014287964864	2
15.821792319031	2
15.8421558642616	2
15.8625194337963	2
15.882883019138	2
15.9032465996451	2
15.9236101656193	2
15.9439737165965	2
15.9643372553651	2
15.9847007880873	2
16.005064314530316	2
16.025427839609687	2
16.04579137674909	2
16.066154928540364	2
16.086518499374051	2
16.10688208618156	2
16.127245666527617	2
16.147609230362654	2
16.167972775362568	2
16.188336305943039	2
16.208699829769682	2
16.229063362225954	2
16.249426892833952	2
16.26979043628527	2
16.290153994274586	2
16.310517569997717	2
16.330881159280445	2
16.351244750972302	2
16.371608318197907	2
16.39197185989423	2
16.412335382109532	2
16.432698893389571	2
16.453062413546668	2
16.473425948927133	2
16.493789494909741	2
16.514153057483711	2
16.534516639141877	2
16.554880230238282	2
16.575243823183683	2
16.595607394502302	2
16.615970935547551	2
16.636334451774388	2
16.656697958581017	2
16.677061467975005	2
16.697425000215073	2
16.717788545713017	2
16.738152114435053	2
16.7585157023994	2
16.778879305258897	2
16.799242907282778	2
16.819606488282375	2
16.839970036551211	2
16.860333552418282	2
16.880697050888323	2
16.901060555309918	2
16.921424077232807	2
16.941787618659045	2
16.962151186926544	2
16.982514777911007	2
17.002878382193554	2
17.023241989741933	2
17.04360558048392	2
17.063969136288385	2
17.084332654687227	2
17.104696146418927	2
17.125059636619341	2
17.14542313992623	2
17.165786670837196	2
17.186150233136328	2
17.206513824231038	2
17.226877433842162	2
17.247241051135862	2
17.267604653008632	2
17.287968219559257	2
17.308331745606385	2
17.328695236693456	2
17.349058718163192	2
17.369422207417781	2
17.389785734480775	2
17.410149294179377	2
17.430512887223482	2
17.450876503864535	2
17.471240124672097	2
17.49160373716294	2
17.511967326855	2
17.532330865303908	2
17.552694362811767	2
17.573057836411969	2
17.593421307358419	2
17.613784812519363	2
17.634148365895022	2
17.65451195338137	2
17.674875570982135	2
17.695239199312432	2
17.715602823160292	2
17.735966415826166	2
17.756329966833551	2
17.776693468844488	2
17.797056936834789	2
17.817420405019448	2
17.837783892424273	2
17.858147429748726	2
17.878511009679787	2
17.898874626701371	2
17.919238263361208	2
17.939601891934981	2
17.959965498946893	2
17.980329070417046	2
18.000692586686572	2
18.021056058558223	2
18.041419518504881	2
18.061783002703194	2
18.082146524728248	2
18.102510096680152	2
18.122873709516856	2
18.143237348939454	2
18.163600986634325	2
18.183964606603347	2
18.204328182843785	2
18.224691711820988	2
18.245055187587646	2
18.265418638606299	2
18.285782104381052	2
18.306145602653789	2
18.326509152774403	2
18.346872758864571	2
18.367236400991022	2
18.38760005104929	2
18.407963677795411	2
18.428327269705346	2
18.448690815872759	2
18.469054308111442	2
18.489417761853009	2
18.509781217426724	2
18.530144696567966	2
18.550508234382271	2
18.570871830881437	2
18.591235471593642	2
18.611599130648568	2
18.631962773106508	2
18.65232638325195	2
18.672689945657726	2
18.693053451693164	2
18.713416916117637	2
18.733780362846996	2
18.754143820792596	2
18.774507333772565	2
18.79487090765868	2
18.815234536183535	2
18.835598194881722	2
18.855961847689553	2
18.876325475301879	2
18.896689048415144	2
18.917052568656807	2
18.937416033383958	2
18.957779471345752	2
18.978142926667076	2
18.998506419082386	2
19.018869969709424	2
19.039233588982782	2
19.059597249947831	2
19.079960915854745	2
19.100324550297486	2
19.12068814081254	2
19.141051676253102	2
19.161415159825257	2
19.181778602308832	2
19.202142048347902	2
19.222505521441327	2
19.242869059343374	2
19.263232662128292	2
19.283596321755777	2
19.303959998235012	2
19.324323650957361	2
19.344687262713553	2
19.365050816989946	2
19.385414310316893	2
19.405777756082614	2
19.426141190358308	2
19.446504657601846	2
19.466868173575662	2
19.487231753884561	2
19.507595396759108	2
19.527959073033518	2
19.548322737534924	2
19.568686368770202	2
19.589049935808166	2
19.609413441892517	2
19.629776895323829	2
19.650140324085889	2
19.670503774254556	2
19.690867266152907	2
19.711230821323472	2
19.73159444925788	2
19.751958129550523	2
19.772321811423804	2
19.792685453987765	2
19.813049044105917	2
19.833412570544095	2
19.853776041146514	2
19.874139476399382	2
19.894502917532012	2
19.914866389010324	2
19.935229917975168	2
19.955593524848609	2
19.975957187774572	2
19.996320874733271	2
20.016684550120743	2
20.037048167043981	2
20.057411710621192	2
20.077775192388618	2
20.098138628917507	2
20.118502059399074	2
20.138865508986495	2
20.159229023465087	2
20.179592607100602	2
20.199956255604565	2
20.220319945486132	2
20.240683620766543	2
20.261047257663286	2
20.281410832167804	2
20.301774331879244	2
20.322137783429373	2
20.342501213903304	2
20.362864648280748	2
20.383228138828642	2
20.403591704894403	2
20.423955336667486	2
20.444319020110335	2
20.464682706780074	2
20.4850463639211	2
20.505409951332151	2
20.525773468251913	2
20.546136926719758	2
20.566500353084983	2
20.58686379300913	2
20.60722726687111	2
20.627590801128761	2
20.64795441391718	2
20.668318080979176	2
20.688681773855972	2
20.709045453473365	2
20.729409068646017	2
20.749772611419541	2
20.770136084134176	2
20.790499510875151	2
20.810862941363315	2
20.831226395769434	2
20.851589903591321	2
20.871953493155498	2
20.892317147946429	2
20.91268084099665	2
20.933044522143433	2
20.953408158996417	2
20.973771726877139	2
20.994135216182315	2
21.014498647231765	2
21.034862066938341	2
21.055225523493107	2
21.075589028270947	2
21.09595260010617	2
21.11631624217042	2
21.13667993192826	2
21.157043622219458	2
21.177407283408883	2
21.197770879675883	2
21.218134389519353	2
21.238497836775693	2
21.258861251796009	2
21.279224689518124	2
21.299588170345064	2
21.319951714716868	2
21.340315336185814	2
21.360679016026531	2
21.381042711383849	2
21.401406374446395	2
21.421769982472028	2
21.442133515127527	2
21.462496976693785	2
21.482860393048234	2
21.503223817820857	2
21.523587279345897	2
21.543950801098713	2
21.564314404308888	2
21.584678068102271	2
21.60504176411683	2
21.625405459474745	2
21.645769099746477	2
21.666132665713675	2
21.686496148420083	2
21.706859570535677	2
21.727222982663253	2
21.747586416941004	2
21.767949909192897	2
21.788313486009717	2
21.808677133241211	2
21.82904082416303	2
21.84940450995434	2
21.869768163850789	2
21.890131757987671	2
21.910495265390686	2
21.930858711015972	2
21.951222125836654	2
21.971585546894623	2
21.991949032552363	2
22.012312594521671	2
22.032676231675797	2
22.053039921498861	2
22.073403617439212	2
22.093767290316517	2
22.11413090833793	2
22.134494442141261	2
22.154857900803545	2
22.175221313392186	2
22.195584715794094	2
22.215948170867208	2
22.236311697438328	2
22.256675313076805	2
22.277038993220245	2
22.297402693861933	2
22.317766383220821	2
22.338130025571573	2
22.358493582187311	2
22.378857061052425	2
22.399220481773654	2
22.419583895858359	2
22.439947335198902	2
22.460310834521337	2
22.480674424477382	2
22.501038087444623	2
22.521401788752353	2
22.541765492376552	2
22.562129139950628	2
22.582492716432704	2
22.602856210030499	2
22.623219640807665	2
22.643583051397837	2
22.663946473054299	2
22.684309943929183	2
22.704673505427493	2
22.725037149903759	2
22.745400850564987	2
22.765764552275609	2
22.786128222006329	2
22.806491828034719	2
22.826855346473121	2
22.847218799590618	2
22.867582217501894	2
22.887945634097271	2
22.908309106293434	2
22.92867264901551	2
22.949036275302998	2
22.969399965008808	2
22.989763671657332	2
23.010127361297862	2
23.030490993522683	2
23.050854533067184	2
23.071217994148828	2
23.091581405819909	2
23.111944803823064	2
23.132308252160367	2
23.152671765690044	2
23.173035367031051	2
23.193399040358599	2
23.213762745133188	2
23.234126447919824	2
23.25449010954231	2
23.274853677613862	2
23.295217156919623	2
23.315580573516542	2
23.335943981323261	2
23.356307414132171	2
23.37667090907922	2
23.397034492955648	2
23.417398150314526	2
23.437761852332706	2
23.458125564408579	2
23.478489225051852	2
23.498852815992024	2
23.519216312847252	2
23.539579735056286	2
23.559943132218134	2
23.580306540359711	2
23.600670001421321	2
23.62103356212419	2
23.641397207797173	2
23.661760910283551	2
23.682124636277155	2
23.702488321250797	2
23.722851940926763	2
23.743215467303472	2
23.76357890781405	2
23.783942303927983	2
23.804305693568754	2
23.824669145037038	2
23.845032677024168	2
23.86539630690309	2
23.885760004833365	2
23.906123740626054	2
23.926487447230215	2
23.946851076301261	2
23.967214620869765	2
23.987578078687442	2
24.007941474296214	2
24.028304869266204	2
24.048668298354464	2
24.069031799320179	2
24.089395403838481	2
24.109759093951048	2
24.130122817491152	2
24.150486536959775	2
24.170850209303936	2
24.191213782934252	2
24.211577260378977	2
24.231940667272966	2
24.252304030937584	2
24.27266742773709	2
24.29303088959303	2
24.313394460327938	2
24.333758126194521	2
24.354121850063009	2
24.374485586972728	2
24.394849266520666	2
24.415212866213007	2
24.435576364518589	2
24.455939782519607	2
24.476303145141401	2
24.496666523707098	2
24.517029980765866	2
24.537393530153125	2
24.557757183072273	2
24.578120913468052	2
24.598484651143629	2
24.618848355032487	2
24.639211984905074	2
24.659575505640507	2
24.679938933285644	2
24.700302313586253	2
24.720665679601389	2
24.741029108276663	2
24.761392622853592	2
24.781756249522203	2
24.802119966137091	2
24.822483739195025	2
24.842847480441502	2
24.863211130155808	2
24.883574677830214	2
24.903938118685954	2
24.924301489587016	2
24.944664857588347	2
24.965028257237616	2
24.985391733923858	2
25.005755331007084	2
25.026119032656361	2
25.046482791358319	2
25.066846529128842	2
25.087210206546306	2
25.107573787465157	2
25.127937252401914	2
25.148300628919007	2
25.168663956002622	2
25.189027313091845	2
25.209390767273558	2
25.229754330779979	2
25.250118010659651	2
25.270481772583135	2
25.290845570645399	2
25.311209307111348	2
25.331572949001824	2
25.35193645723302	2
25.372299860795703	2
25.392663204515063	2
25.413026535971451	2
25.433389941821957	2
25.453753449337011	2
25.474117088525951	2
25.494480833022898	2
25.514844645433637	2
25.535208425378862	2
25.555572098340242	2
25.575935651126475	2
25.596299076349741	2
25.616662413782411	2
25.637025744395114	2
25.657389107638647	2
25.677752556723014	2
25.698116145452584	2
25.718479857862278	2
25.738843666344923	2
25.759207478527276	2
25.779571202936921	2
25.799934813981277	2
25.820298285132495	2
25.840661646552995	2
25.861024940033911	2
25.881388256413263	2
25.901751672720469	2
25.92211520757122	2
25.942478876291563	2
25.962842649415744	2
25.983206446696908	2
26.003570207336136	2
26.023933877493128	2
26.044297405037394	2
26.064660806841896	2
26.085024112324486	2
26.105387408624846	2
26.125750778628653	2
26.146114253525365	2
26.166477873326201	2
26.186841613372415	2
26.207205438158997	2
26.227569247303006	2
26.247932986897357	2
26.268296585461627	2
26.288660043674508	2
26.309023399778891	2
26.329386700808669	2
26.349750033870851	2
26.370113443801682	2
26.390476994578464	2
26.41084067647148	2
26.431204469883731	2
26.451568291574503	2
26.471932043805786	2
26.492295694091176	2
26.512659203631063	2
26.533022595620114	2
26.553385904383227	2
26.573749213967687	2
26.594112569758529	2
26.614476053178155	2
26.634839677702924	2
26.655203412734359	2
26.675567220104927	2
26.695931000218383	2
26.716294706606046	2
26.736658280016631	2
26.757021728910257	2
26.777385072563092	2
26.797748386361878	2
26.818111744614686	2
26.838475183490907	2
26.858838739847492	2
26.879202426747749	2
26.899566208214292	2
26.919930002722523	2
26.940293752598766	2
26.960657385135985	2
26.981020895167685	2
27.001384287142127	2
27.021747617257077	2
27.04211096220418	2
27.06247435828827	2
27.082837851078175	2
27.10320147657767	2
27.123565210290774	2
27.143928992399459	2
27.164292735452808	2
27.184656402444293	2
27.205019961888436	2
27.225383406562791	2
27.245746770410019	2
27.266110123283976	2
27.286473498208132	2
27.306836968559203	2
27.327200544708514	2
27.347564231651692	2
27.367927990529147	2
27.38829174498094	2
27.408655447189744	2
27.429019058382128	2
27.449382552002394	2
27.469745952134183	2
27.490109314386856	2
27.510472677147	2
27.530836085484637	2
27.551199603956618	2
27.571563236453809	2
27.591926953986086	2
27.612290699546254	2
27.632654421144462	2
27.653018073273753	2
27.67338161540232	2
27.693745060200381	2
27.714108447554931	2
27.734471840596786	2
27.754835264038594	2
27.775198755595191	2
27.795562348963127	2
27.815926028744183	2
27.83628975410431	2
27.856653481061898	2
27.877017158745478	2
27.897380737335737	2
27.917744219770221	2
27.938107633615708	2
27.958471013704628	2
27.978834420132504	2
27.999197878429207	2
28.019561430360074	2
28.039925068820654	2
28.060288767770952	2
28.080652492707582	2
28.101016190553946	2
28.121379803878	2
28.141743323350173	2
28.162106769211185	2
28.182470167988441	2
28.202833580034152	2
28.22319702465478	2
28.243560548692106	2
28.263924152526943	2
28.284287823138722	2
28.304651531360612	2
28.325015236491904	2
28.345378872169842	2
28.365742419934922	2
28.386105892711281	2
28.406469310055357	2
28.426832725349826	2
28.447196163690268	2
28.467559667076646	2
28.487923241463257	2
28.508286884228458	2
28.52865057136481	2
28.549014255414662	2
28.569377901311537	2
28.589741472758817	2
28.610104973442933	2
28.630468414975208	2
28.650831841443363	2
28.671195283069771	2
28.691558775316711	2
28.711922336875094	2
28.732285958221283	2
28.752649626491959	2
28.773013301906989	2
28.793376956075367	2
28.813740544348455	2
28.834104066309635	2
28.854467528001887	2
28.874830965600147	2
28.89519442357825	2
28.915557917384977	2
28.935921461593946	2
28.956285066803535	2
28.976648718541544	2
28.997012383669599	2
29.017376038550044	2
29.037739639119238	2
29.058103178594443	2
29.078466658507747	2
29.098830107921408	2
29.119193567962011	2
29.139557059330077	2
29.159920594161147	2
29.180284185977783	2
29.20064782351831	2
29.221011478393862	2
29.24137512884765	2
29.261738737321714	2
29.282102290075006	2
29.302465785014309	2
29.322829245157468	2
29.343192708440025	2
29.363556195247764	2
29.383919724283253	2
29.404283307946592	2
29.424646937097258	2
29.445010586913412	2
29.465374224328926	2
29.485737833779044	2
29.506101395538654	2
29.526464905293693	2
29.546828377876057	2
29.567191847266141	2
29.587555333550434	2
29.607918867257876	2
29.628282447367621	2
29.648646072700814	2
29.66900972085234	2
29.689373359816113	2
29.709736973667368	2
29.73010054461821	2
29.750464063320806	2
29.770827542514006	2
29.791191012942136	2
29.811554494649901	2
29.831918019413379	2
29.852281590609927	2
29.87264520875712	2
29.89300885430772	2
29.913372495213348	2
29.933736114591522	2
29.954099693238337	2
29.974463220840743	2
29.994826707695101	2
30.015190181571576	2
30.035553661185784	2
30.055917179699463	2
30.076280743646912	2
30.096644354761622	2
30.117007997950033	2
30.137371641594168	2
30.157735267420321	2
30.178098855891079	2
30.198462392699231	2
30.218825890426725	2
30.239189364361248	2
30.25955283640474	2
30.279916343344524	2
30.300279901474731	2
30.320643505871359	2
30.341007144795867	2
30.361370787860917	2
30.38173441640977	2
30.402098002055496	2
30.422461542382091	2
30.442825038809239	2
30.463188507629678	2
30.483551982196627	2
30.503915479960785	2
30.524279019671781	2
30.544642614129003	2
30.565006251276188	2
30.585369897179056	2
30.605733532385997	2
30.626097126908075	2
30.646460676326459	2
30.666824183007936	2
30.68718765791288	2
30.70755112813757	2
30.727914612778346	2
30.74827813405777	2
30.768641712684627	2
30.789005337506143	2
30.809368982382612	2
30.829732621913394	2
30.85009622315296	2
30.870459774979732	2
30.89082328426715	2
30.911186762143487	2
30.931550227926319	2
30.951913700647534	2
30.972277216292159	2
30.99264078078324	2
31.013004398024645	2
31.033368049325158	2
31.053731686881758	2
31.074095294915224	2
31.094458854078141	2
31.114822368233284	2
31.135185846461376	2
31.155549313645068	2
31.175912791862725	2
31.196276296315418	2
31.216639844086959	2
31.237003445110048	2
31.257367086949198	2
31.277730729327711	2
31.298094345589757	2
31.31845791233382	2
31.338821430963677	2
31.359184908245393	2
31.379548373595291	2
31.399911846107827	2
31.42027533663024	2
31.440638864969024	2
31.461002448072534	2
31.481366076926601	2
31.501729727028618	2
31.522093357567218	2
31.54245693915508	2
31.562820469756151	2
31.583183953157157	2
31.603547416865229	2
31.623910892771228	2
31.644274376916581	2
31.664637901141017	2
31.685001468901451	2
31.705365082454122	2
31.725728724496872	2
31.746092355299915	2
31.766455945489476	2
31.78681948414529	2
31.807182976042906	2
31.827546438685353	2
31.847909908332529	2
31.868273388992424	2
31.888636902195078	2
31.909000453982117	2
31.929364050449163	2
31.949727681493954	2
31.970091319836328	2
31.99045492777417	2
32.010818480590061	2
32.031181983267793	2
32.051545447767268	2
32.071908910466945	2
32.092272393226914	2
32.112635899908689	2
32.132999446517466	2
32.153363029990324	2
32.173726647004273	2
32.194090277245749	2
32.214453898162198	2
32.234817463349977	2
32.255180974268661	2
32.275544439263712	2
32.29590789308488	2
32.316271372615553	2
32.336634879166908	2
32.356998418754273	2
32.377361991437226	2
32.397725596571597	2
32.418089219122585	2
32.438452845142351	2
32.458816429063369	2
32.479179956321005	2
32.499543430979493	2
32.519906884382515	2
32.54027035472555	2
32.560633859650864	2
32.580997396171533	2
32.601360961253675	2
32.621724556019672	2
32.642088169671162	2
32.662451781608709	2
32.682815376931032	2
32.703178917021681	2
32.723542407112411	2
32.743905864163892	2
32.764269327846783	2
32.784632818593217	2
32.804996355353701	2
32.825359916838835	2
32.84572350506587	2
32.866087112154659	2
32.886450719673952	2
32.906814317370291	2
32.927177873310406	2
32.947541376043965	2
32.967904837004795	2
32.988268294506561	2
33.008631770540099	2
33.028995298909599	2
33.049358863031472	2
33.069722448457128	2
33.090086050100041	2
33.110449652861313	2
33.130813246995004	2
33.151176816866048	2
33.1715403311781	2
33.191903797107386	2
33.212267249861625	2
33.232630726931269	2
33.252994243121272	2
33.273357805020318	2
33.293721390941002	2
33.314084991809864	2
33.334448593570443	2
33.354812186461636	2
33.375175756630952	2
33.395539289482258	2
33.415902768628726	2
33.436266224090033	2
33.456629693813483	2
33.476993195667212	2
33.497356752782458	2
33.51772034047346	2
33.538083942457092	2
33.558447544074106	2
33.578811130218412	2
33.599174696168021	2
33.619538239230614	2
33.639901733357902	2
33.660265192902465	2
33.680628657404057	2
33.700992146093988	2
33.72135568862511	2
33.74171927992208	2
33.7620828869075	2
33.782446493696057	2
33.802810083714384	2
33.823173651242627	2
33.843537193214573	2
33.863900701786868	2
33.88426416850367	2
33.904627630249685	2
33.924991121397497	2
33.945354652701489	2
33.965718235514359	2
33.986081843508423	2
34.006445452401067	2
34.026809043929454	2
34.047172611331931	2
34.067536149540302	2
34.087899665707049	2
34.10826313855793	2
34.128626597975774	2
34.148990079543786	2
34.169353596538116	2
34.189717163630704	2
34.210080778737996	2
34.230444397737827	2
34.250807999429156	2
34.271171574687841	2
34.29153511645152	2
34.31189863138227	2
34.332262125094203	2
34.352625592125648	2
34.372989070406817	2
34.393352575710423	2
34.413716126078214	2
34.434079729690765	2
34.454443350227919	2
34.474806957928791	2
34.495170539215401	2
34.515534083500555	2
34.535897598551124	2
34.556261096180513	2
34.576624566461938	2
34.596988041795022	2
34.617351539110338	2
34.637715085658932	2
34.658078681241221	2
34.678442308605106	2
34.69880592771046	2
34.719169514695707	2
34.739533064183682	2
34.759896577899568	2
34.780260068573625	2
34.800623542514778	2
34.820987014581092	2
34.841350515775083	2
34.861714054611078	2
34.882077640448017	2
34.902441267104379	2
34.922804902211027	2
34.94316850432503	2
34.963532065900964	2
34.983895584634411	2
35.004259072060215	2
35.02462254540486	2
35.044986017078479	2
35.065349511987897	2
35.085713040643611	2
35.106076614982129	2
35.126440233414669	2
35.146803869453208	2
35.167167481325087	2
35.187531052949829	2
35.207894576650915	2
35.228258068502647	2
35.248621546065884	2
35.268985021138135	2
35.289348513815987	2
35.309712036308703	2
35.330075607047611	2
35.350439217894547	2
35.370802853456993	2
35.391166479728177	2
35.411530060186379	2
35.431893592280744	2
35.452257084131752	2
35.47262055304229	2
35.492984021819126	2
35.513347508534899	2
35.53371103257733	2
35.55407459683267	2
35.574438204215589	2
35.594801839739958	2
35.615165472341694	2
35.635529066311634	2
35.655892609933865	2
35.676256105997041	2
35.696619570751963	2
35.716983040221614	2
35.737346526475989	2
35.757710046027732	2
35.778073604352002	2
35.798437206570007	2
35.81880084046086	2
35.839164489832989	2
35.859528107419642	2
35.879891665365115	2
35.900255169455832	2
35.920618630882949	2
35.940982086134355	2
35.961345571781791	2
35.981709084330461	2
36.002072634526399	2
36.022436231349886	2
36.042799863448479	2
36.063163504300277	2
36.083527134911925	2
36.103890707192313	2
36.124254221581594	2
36.144617692144003	2
36.164981140560805	2
36.185344609215498	2
36.20570811116314	2
36.226071649617353	2
36.246435239003283	2
36.266798865258181	2
36.287162509928223	2
36.307526152197248	2
36.327889747986866	2
36.348253282069756	2
36.368616761375705	2
36.388980206306293	2
36.409343660700138	2
36.429707147066502	2
36.450070684030443	2
36.470434266754282	2
36.490797891344471	2
36.511161540865992	2
36.531525181842007	2
36.551888798397322	2
36.572252354131649	2
36.592615845278075	2
36.612979300691073	2
36.633342745953762	2
36.653706211548062	2
36.674069735386873	2
36.694433311896418	2
36.714796931708364	2
36.735160582717171	2
36.75552423112093	2
36.775887858460599	2
36.796251427490006	2
36.8166149305654	2
36.836978386245477	2
36.85734181950388	2
36.877705279267722	2
36.89806878547396	2
36.918432345507107	2
36.938795959685564	2
36.959159605498314	2
36.979523261145246	2
36.999886902290946	2
37.020250493667774	2
37.040614015258235	2
37.060977479800421	2
37.081340908739513	2
37.101704353691936	2
37.122067838536019	2
37.142431394698129	2
37.162795003753445	2
37.183158652050295	2
37.203522317659854	2
37.223885960705992	2
37.244249565245298	2
37.264613110358312	2
37.284976584134675	2
37.305340021557363	2
37.325703451437533	2
37.346066908207156	2
37.366430436986001	2
37.386794034518587	2
37.407157677576095	2
37.427521347724095	2
37.447885003217067	2
37.468248624069652	2
37.488612182599766	2
37.508975672224445	2
37.529339112058913	2
37.549702530583744	2
37.570065982862587	2
37.590429489502668	2
37.610793075522921	2
37.631156715777415	2
37.651520393957995	2
37.671884067595357	2
37.692247698360276	2
37.712611275591613	2
37.732974788574467	2
37.75333823780614	2
37.773701650449041	2
37.79406508332508	2
37.814428561735717	2
37.834792121806323	2
37.855155752642602	2
37.8755194222977	2
37.895883104310194	2
37.916246752470073	2
37.936610350320557	2
37.956973883091102	2
37.977337346994616	2
37.99770077295517	2
38.018064192920335	2
38.038427644010547	2
38.058791174351285	2
38.079154787874671	2
38.099518453396939	2
38.119882143939066	2
38.140245809304602	2
38.160609428410574	2
38.180972973914336	2
38.201336454673687	2
38.221699883051336	2
38.242063289404307	2
38.262426733590786	2
38.282790237013465	2
38.303153826396304	2
38.323517486824095	2
38.343881186093626	2
38.36424487333597	2
38.38460850633993	2
38.404972074930832	2
38.425335572599344	2
38.445699012472097	2
38.466062413919701	2
38.486425838036261	2
38.506789311466626	2
38.527152872607985	2
38.547516515274758	2
38.567880216151998	2
38.58824391882041	2
38.608607574849806	2
38.628971168172299	2
38.649334685653564	2
38.669698137187552	2
38.690061538461677	2
38.710424945088178	2
38.73078840926852	2
38.751151944648186	2
38.77151556338918	2
38.791879248503875	2
38.812242955058323	2
38.832606627933359	2
38.852970244933687	2
38.873333779498601	2
38.893697243112555	2
38.914060650638397	2
38.934424045550308	2
38.954787485416233	2
38.975150990315939	2
38.995514580159778	2
39.015878251342912	2
39.036241968124166	2
39.05660566493308	2
39.076969297762268	2
39.09733285748483	2
39.117696339893982	2
39.138059769897254	2
39.158423168275519	2
39.178786593294895	2
39.199150071306121	2
39.219513639615137	2
39.239877290134309	2
39.260241007262657	2
39.280604720499305	2
39.300968377535071	2
39.321331962909277	2
39.34169546503513	2
39.362058899498166	2
39.382422295032171	2
39.402785699674283	2
39.423149144502062	2
39.443512677864739	2
39.463876298338178	2
39.484239998019646	2
39.504603722191803	2
39.524967403267901	2
39.545331019390375	2
39.565694546320877	2
39.586057998308355	2
39.606421398078297	2
39.62678479495117	2
39.647148240119847	2
39.667511752455489	2
39.687875350300459	2
39.708239026923472	2
39.728602753043887	2
39.748966452469645	2
39.769330096373778	2
39.789693648428269	2
39.810057116799662	2
39.830420518232081	2
39.850783907296531	2
39.87114732915753	2
39.89151080872518	2
39.911874371598927	2
39.932238024797002	2
39.952601742349358	2
39.972965460072196	2
39.993329115595046	2
40.013692694523591	2
